150
6779
1 4
1 8
1 12
1 19
1 20
1 29
1 31
1 32
1 34
1 38
1 46
1 47
1 48
1 51
1 53
1 55
1 56
1 60
1 67
1 71
1 75
1 76
1 78
1 86
1 88
1 93
1 100
1 106
1 107
1 110
1 113
1 117
1 122
1 125
1 129
1 132
1 134
1 138
1 140
1 142
1 143
1 144
2 1
2 4
2 7
2 9
2 10
2 14
2 17
2 20
2 22
2 23
2 25
2 28
2 31
2 33
2 34
2 35
2 43
2 48
2 62
2 63
2 64
2 71
2 78
2 79
2 81
2 86
2 88
2 96
2 98
2 123
2 124
2 125
2 128
2 129
2 132
2 135
2 144
2 146
2 148
3 5
3 6
3 8
3 10
3 15
3 17
3 20
3 24
3 34
3 37
3 40
3 42
3 46
3 50
3 55
3 64
3 66
3 67
3 70
3 71
3 72
3 74
3 79
3 89
3 90
3 92
3 93
3 95
3 96
3 99
3 100
3 105
3 109
3 111
3 112
3 114
3 118
3 120
3 125
3 128
3 131
3 132
3 135
3 141
3 145
3 146
3 150
4 5
4 8
4 20
4 21
4 22
4 25
4 29
4 30
4 35
4 36
4 40
4 42
4 44
4 45
4 52
4 54
4 56
4 59
4 60
4 61
4 63
4 65
4 77
4 79
4 81
4 86
4 96
4 103
4 107
4 109
4 111
4 115
4 116
4 117
4 123
4 124
4 127
4 128
4 129
4 133
4 143
4 144
4 149
5 12
5 13
5 15
5 17
5 24
5 25
5 26
5 28
5 29
5 39
5 40
5 41
5 45
5 48
5 49
5 51
5 55
5 57
5 60
5 70
5 75
5 78
5 80
5 82
5 84
5 86
5 92
5 93
5 94
5 95
5 98
5 106
5 109
5 113
5 114
5 121
5 122
5 123
5 138
5 140
5 141
5 148
5 149
5 150
6 1
6 2
6 4
6 7
6 11
6 14
6 16
6 17
6 22
6 24
6 26
6 31
6 34
6 35
6 37
6 38
6 39
6 48
6 49
6 50
6 51
6 52
6 55
6 56
6 57
6 59
6 64
6 71
6 72
6 77
6 80
6 88
6 95
6 102
6 104
6 107
6 109
6 115
6 116
6 120
6 122
6 124
6 127
6 130
6 134
6 137
6 142
6 145
6 148
6 150
7 3
7 4
7 8
7 9
7 12
7 14
7 16
7 17
7 18
7 21
7 22
7 32
7 33
7 36
7 39
7 40
7 41
7 48
7 50
7 53
7 54
7 55
7 61
7 62
7 64
7 77
7 79
7 80
7 94
7 95
7 97
7 100
7 101
7 103
7 105
7 107
7 109
7 112
7 113
7 117
7 118
7 123
7 130
7 132
7 133
7 135
7 137
7 138
7 141
7 144
7 149
8 5
8 7
8 9
8 11
8 12
8 13
8 16
8 18
8 31
8 32
8 35
8 39
8 40
8 43
8 51
8 53
8 60
8 65
8 66
8 87
8 88
8 91
8 92
8 95
8 99
8 105
8 107
8 110
8 111
8 113
8 119
8 120
8 125
8 132
8 135
8 136
8 139
8 144
8 149
8 150
9 1
9 3
9 4
9 6
9 8
9 19
9 26
9 31
9 37
9 42
9 48
9 51
9 53
9 57
9 60
9 61
9 62
9 63
9 64
9 69
9 72
9 79
9 82
9 83
9 84
9 89
9 91
9 97
9 109
9 120
9 122
9 124
9 125
9 126
9 129
9 133
9 134
9 138
9 140
9 141
10 4
10 5
10 6
10 8
10 9
10 12
10 19
10 20
10 21
10 22
10 23
10 26
10 31
10 33
10 34
10 38
10 41
10 47
10 51
10 52
10 55
10 56
10 57
10 73
10 82
10 83
10 85
10 88
10 89
10 90
10 93
10 94
10 95
10 99
10 101
10 102
10 105
10 106
10 119
10 120
10 126
10 133
10 140
10 144
10 150
11 4
11 6
11 9
11 12
11 13
11 15
11 16
11 20
11 21
11 23
11 26
11 27
11 29
11 31
11 37
11 47
11 51
11 52
11 54
11 57
11 60
11 63
11 68
11 77
11 78
11 81
11 82
11 88
11 89
11 96
11 97
11 99
11 100
11 105
11 110
11 118
11 121
11 124
11 128
11 131
11 137
11 138
11 144
11 146
11 147
11 148
12 7
12 8
12 15
12 24
12 26
12 28
12 31
12 39
12 43
12 44
12 45
12 54
12 55
12 58
12 59
12 61
12 62
12 64
12 65
12 66
12 74
12 79
12 83
12 84
12 88
12 90
12 106
12 109
12 113
12 116
12 122
12 128
12 131
12 133
12 140
12 143
12 145
13 1
13 3
13 10
13 12
13 16
13 17
13 20
13 25
13 28
13 30
13 38
13 41
13 45
13 48
13 49
13 51
13 53
13 54
13 56
13 58
13 65
13 68
13 71
13 74
13 81
13 82
13 94
13 96
13 98
13 100
13 106
13 108
13 110
13 111
13 112
13 114
13 115
13 122
13 130
13 132
13 134
14 1
14 6
14 8
14 11
14 17
14 21
14 24
14 27
14 31
14 33
14 34
14 36
14 39
14 43
14 49
14 50
14 52
14 53
14 56
14 58
14 62
14 66
14 68
14 80
14 83
14 85
14 86
14 94
14 108
14 112
14 113
14 115
14 116
14 118
14 119
14 120
14 121
14 125
14 133
14 134
14 138
14 140
14 144
14 146
14 147
14 149
15 2
15 4
15 8
15 17
15 22
15 27
15 37
15 46
15 47
15 48
15 49
15 51
15 57
15 64
15 66
15 69
15 71
15 74
15 76
15 83
15 85
15 90
15 91
15 93
15 96
15 101
15 106
15 107
15 110
15 112
15 113
15 114
15 115
15 116
15 118
15 120
15 122
15 123
15 144
15 148
16 2
16 8
16 14
16 15
16 16
16 18
16 21
16 32
16 33
16 37
16 40
16 51
16 53
16 54
16 55
16 65
16 68
16 70
16 72
16 73
16 78
16 81
16 82
16 85
16 86
16 90
16 94
16 97
16 98
16 99
16 107
16 108
16 112
16 114
16 117
16 120
16 124
16 125
16 127
16 135
16 141
16 142
16 145
16 148
16 149
17 1
17 9
17 11
17 16
17 17
17 20
17 22
17 36
17 38
17 41
17 42
17 44
17 46
17 47
17 48
17 49
17 53
17 61
17 62
17 63
17 69
17 76
17 81
17 84
17 85
17 86
17 88
17 107
17 111
17 116
17 117
17 122
17 126
17 129
17 130
17 135
17 142
17 144
17 146
17 147
17 148
17 149
18 1
18 3
18 4
18 6
18 10
18 11
18 12
18 16
18 18
18 19
18 20
18 26
18 30
18 36
18 37
18 44
18 45
18 49
18 53
18 56
18 57
18 59
18 61
18 64
18 65
18 74
18 75
18 81
18 85
18 88
18 93
18 95
18 98
18 99
18 102
18 104
18 107
18 112
18 116
18 120
18 125
18 132
18 133
18 134
18 137
18 140
18 143
18 149
19 2
19 9
19 10
19 11
19 12
19 21
19 24
19 25
19 30
19 34
19 35
19 37
19 39
19 41
19 45
19 48
19 49
19 54
19 55
19 58
19 61
19 63
19 64
19 67
19 68
19 71
19 79
19 80
19 81
19 82
19 84
19 88
19 89
19 94
19 96
19 97
19 120
19 123
19 131
19 135
19 138
19 140
19 146
19 148
20 7
20 9
20 17
20 19
20 20
20 22
20 23
20 24
20 27
20 36
20 37
20 44
20 49
20 51
20 55
20 56
20 57
20 59
20 61
20 63
20 66
20 67
20 68
20 70
20 73
20 76
20 78
20 89
20 98
20 100
20 103
20 108
20 113
20 117
20 119
20 120
20 126
20 127
20 129
20 133
20 134
20 143
21 1
21 3
21 10
21 12
21 15
21 16
21 20
21 22
21 24
21 28
21 33
21 35
21 44
21 48
21 50
21 52
21 53
21 57
21 61
21 66
21 68
21 77
21 85
21 89
21 90
21 92
21 97
21 107
21 108
21 110
21 122
21 124
21 125
21 130
21 132
21 139
21 140
21 141
21 143
21 147
21 148
21 149
22 2
22 4
22 9
22 12
22 13
22 18
22 20
22 31
22 32
22 34
22 39
22 40
22 44
22 46
22 51
22 55
22 57
22 60
22 61
22 78
22 87
22 88
22 89
22 90
22 91
22 94
22 95
22 97
22 98
22 100
22 104
22 105
22 114
22 117
22 119
22 120
22 123
22 124
22 128
22 136
22 141
22 142
22 149
23 1
23 3
23 8
23 12
23 14
23 23
23 28
23 35
23 38
23 40
23 42
23 46
23 48
23 49
23 50
23 55
23 57
23 59
23 67
23 69
23 73
23 74
23 77
23 78
23 80
23 82
23 83
23 85
23 88
23 89
23 91
23 101
23 102
23 106
23 108
23 116
23 118
23 121
23 124
23 125
23 127
23 129
23 131
23 135
23 136
23 137
23 140
23 142
23 146
24 3
24 7
24 13
24 17
24 21
24 41
24 44
24 47
24 49
24 50
24 55
24 56
24 64
24 66
24 68
24 78
24 93
24 101
24 102
24 105
24 107
24 113
24 114
24 115
24 117
24 119
24 120
24 122
24 123
24 126
24 129
24 130
24 132
24 133
24 134
24 139
24 143
24 147
24 149
25 5
25 9
25 13
25 15
25 18
25 23
25 25
25 27
25 29
25 30
25 36
25 40
25 44
25 47
25 52
25 62
25 63
25 65
25 66
25 67
25 69
25 71
25 74
25 77
25 79
25 82
25 89
25 96
25 109
25 111
25 125
25 126
25 129
25 130
25 134
25 135
25 136
25 141
25 146
26 5
26 6
26 7
26 18
26 24
26 25
26 27
26 29
26 30
26 37
26 44
26 49
26 51
26 55
26 61
26 65
26 73
26 77
26 78
26 82
26 88
26 92
26 93
26 95
26 97
26 98
26 100
26 103
26 104
26 108
26 113
26 114
26 118
26 121
26 123
26 126
26 131
26 137
26 141
26 143
26 145
26 147
27 5
27 8
27 12
27 14
27 15
27 18
27 19
27 23
27 28
27 30
27 36
27 37
27 39
27 45
27 52
27 53
27 59
27 67
27 69
27 77
27 81
27 83
27 86
27 89
27 97
27 99
27 100
27 101
27 102
27 103
27 113
27 115
27 116
27 118
27 123
27 125
27 127
27 133
27 139
27 142
27 143
27 148
28 1
28 2
28 6
28 9
28 11
28 13
28 18
28 26
28 27
28 41
28 43
28 50
28 52
28 53
28 57
28 59
28 64
28 65
28 70
28 73
28 75
28 77
28 87
28 92
28 93
28 96
28 98
28 108
28 115
28 122
28 123
28 126
28 130
28 132
28 134
28 135
28 137
28 146
28 147
29 4
29 5
29 6
29 14
29 17
29 19
29 20
29 22
29 23
29 26
29 35
29 38
29 39
29 58
29 60
29 65
29 68
29 69
29 75
29 79
29 82
29 85
29 89
29 90
29 94
29 97
29 106
29 112
29 117
29 124
29 134
29 142
30 5
30 15
30 18
30 23
30 29
30 40
30 41
30 43
30 46
30 49
30 50
30 51
30 53
30 54
30 57
30 58
30 66
30 68
30 71
30 73
30 77
30 80
30 87
30 88
30 89
30 90
30 93
30 95
30 107
30 108
30 111
30 122
30 124
30 126
30 127
30 128
30 132
30 133
30 134
30 140
30 141
30 142
30 150
31 5
31 9
31 11
31 12
31 14
31 15
31 16
31 22
31 26
31 28
31 32
31 42
31 44
31 49
31 50
31 51
31 62
31 66
31 67
31 68
31 72
31 73
31 75
31 77
31 80
31 82
31 84
31 86
31 89
31 90
31 91
31 94
31 99
31 102
31 104
31 109
31 112
31 119
31 120
31 122
31 126
31 127
31 129
31 133
31 136
31 146
31 147
31 149
31 150
32 1
32 3
32 4
32 5
32 6
32 8
32 9
32 10
32 13
32 14
32 15
32 19
32 20
32 21
32 26
32 27
32 29
32 31
32 32
32 35
32 37
32 45
32 46
32 47
32 50
32 51
32 53
32 57
32 59
32 63
32 68
32 72
32 73
32 75
32 82
32 83
32 91
32 92
32 93
32 99
32 105
32 110
32 113
32 118
32 121
32 123
32 124
32 128
32 130
32 131
32 134
32 137
32 141
32 147
32 149
33 1
33 2
33 8
33 9
33 10
33 11
33 14
33 18
33 21
33 27
33 31
33 33
33 34
33 35
33 36
33 37
33 38
33 40
33 41
33 44
33 52
33 53
33 54
33 55
33 57
33 58
33 63
33 71
33 73
33 75
33 81
33 82
33 84
33 89
33 91
33 97
33 104
33 105
33 107
33 108
33 120
33 125
33 126
33 127
33 128
33 129
33 133
33 135
33 139
33 143
33 148
33 149
33 150
34 8
34 9
34 14
34 15
34 22
34 28
34 29
34 30
34 31
34 33
34 37
34 50
34 59
34 63
34 66
34 75
34 76
34 80
34 82
34 84
34 88
34 95
34 97
34 98
34 108
34 110
34 112
34 115
34 118
34 125
34 130
34 135
34 136
34 138
34 139
34 142
34 144
35 6
35 11
35 13
35 22
35 27
35 32
35 35
35 38
35 39
35 45
35 50
35 59
35 70
35 71
35 72
35 76
35 77
35 80
35 81
35 82
35 87
35 91
35 94
35 96
35 100
35 110
35 115
35 116
35 120
35 121
35 126
35 127
35 128
35 129
35 137
35 139
35 141
35 143
35 144
35 147
35 148
36 6
36 10
36 11
36 12
36 13
36 19
36 20
36 22
36 27
36 30
36 32
36 33
36 37
36 40
36 41
36 55
36 58
36 61
36 62
36 64
36 66
36 67
36 68
36 69
36 79
36 83
36 86
36 90
36 93
36 95
36 96
36 97
36 98
36 104
36 106
36 112
36 114
36 115
36 119
36 121
36 124
36 125
36 127
36 130
36 133
36 134
36 135
36 141
36 146
37 2
37 3
37 4
37 5
37 7
37 12
37 19
37 21
37 28
37 31
37 32
37 33
37 40
37 53
37 59
37 62
37 64
37 69
37 72
37 80
37 82
37 86
37 87
37 102
37 105
37 111
37 114
37 115
37 118
37 119
37 123
37 125
37 129
37 131
37 135
37 137
37 138
37 140
37 142
37 144
37 145
37 148
38 1
38 5
38 9
38 11
38 13
38 14
38 15
38 19
38 22
38 23
38 30
38 35
38 36
38 39
38 41
38 45
38 46
38 52
38 53
38 54
38 62
38 73
38 77
38 78
38 80
38 81
38 86
38 90
38 91
38 94
38 100
38 101
38 118
38 119
38 124
38 125
38 128
38 131
38 136
38 137
38 143
38 150
39 10
39 11
39 14
39 16
39 17
39 18
39 22
39 25
39 26
39 28
39 29
39 40
39 46
39 48
39 52
39 54
39 55
39 60
39 70
39 73
39 75
39 87
39 90
39 91
39 92
39 96
39 97
39 99
39 102
39 105
39 109
39 112
39 113
39 116
39 117
39 120
39 126
39 129
39 133
39 134
39 137
39 143
40 3
40 8
40 10
40 11
40 17
40 23
40 25
40 27
40 28
40 31
40 32
40 33
40 34
40 37
40 38
40 41
40 43
40 50
40 51
40 53
40 56
40 61
40 62
40 66
40 67
40 68
40 77
40 78
40 83
40 84
40 88
40 100
40 117
40 118
40 119
40 125
40 126
40 131
40 135
40 136
40 141
40 145
40 146
41 15
41 17
41 21
41 24
41 26
41 27
41 33
41 35
41 36
41 37
41 38
41 41
41 44
41 48
41 52
41 53
41 54
41 58
41 60
41 65
41 69
41 76
41 78
41 85
41 89
41 90
41 93
41 95
41 96
41 100
41 104
41 106
41 114
41 115
41 117
41 118
41 121
41 123
41 124
41 125
41 131
41 137
41 142
41 143
41 144
41 146
42 2
42 14
42 15
42 29
42 34
42 35
42 39
42 40
42 46
42 47
42 55
42 57
42 58
42 61
42 64
42 66
42 70
42 71
42 73
42 75
42 78
42 81
42 82
42 91
42 95
42 97
42 98
42 102
42 106
42 108
42 111
42 112
42 114
42 118
42 119
42 121
42 122
42 130
42 139
42 141
42 147
42 148
42 150
43 2
43 4
43 8
43 9
43 11
43 17
43 21
43 22
43 26
43 27
43 30
43 31
43 37
43 38
43 40
43 44
43 46
43 49
43 51
43 52
43 67
43 69
43 75
43 78
43 93
43 94
43 100
43 101
43 102
43 104
43 105
43 112
43 114
43 119
43 120
43 122
43 126
43 130
43 134
43 136
43 139
44 4
44 5
44 8
44 9
44 12
44 13
44 17
44 20
44 21
44 31
44 32
44 35
44 36
44 45
44 61
44 66
44 68
44 76
44 79
44 81
44 83
44 86
44 89
44 92
44 94
44 95
44 96
44 98
44 99
44 104
44 105
44 108
44 114
44 117
44 121
44 122
44 127
44 132
44 135
44 136
44 140
44 142
44 143
45 2
45 5
45 6
45 9
45 14
45 17
45 20
45 21
45 22
45 24
45 29
45 32
45 33
45 35
45 38
45 40
45 41
45 45
45 46
45 47
45 59
45 62
45 68
45 69
45 70
45 72
45 80
45 82
45 85
45 87
45 91
45 94
45 95
45 99
45 100
45 102
45 110
45 112
45 114
45 115
45 120
45 121
45 123
45 124
45 125
45 127
45 133
45 134
45 136
45 142
45 143
45 146
46 1
46 4
46 7
46 10
46 11
46 13
46 16
46 28
46 41
46 44
46 52
46 53
46 54
46 60
46 64
46 66
46 67
46 68
46 78
46 84
46 90
46 93
46 95
46 96
46 105
46 106
46 110
46 111
46 117
46 119
46 120
46 121
46 127
46 132
46 134
46 135
46 138
46 140
46 143
46 145
46 147
46 150
47 3
47 4
47 9
47 13
47 14
47 16
47 20
47 22
47 23
47 26
47 27
47 31
47 34
47 35
47 40
47 42
47 49
47 50
47 52
47 57
47 61
47 62
47 63
47 66
47 73
47 80
47 82
47 84
47 87
47 97
47 107
47 109
47 112
47 121
47 122
47 135
47 138
47 146
47 147
48 2
48 6
48 10
48 13
48 15
48 20
48 22
48 28
48 33
48 51
48 55
48 65
48 66
48 67
48 71
48 75
48 78
48 83
48 90
48 93
48 94
48 95
48 96
48 98
48 104
48 106
48 112
48 114
48 115
48 117
48 118
48 119
48 120
48 123
48 125
48 127
48 130
48 131
48 135
48 138
48 142
48 144
48 145
48 147
48 148
48 149
49 1
49 5
49 7
49 12
49 13
49 14
49 15
49 16
49 17
49 19
49 21
49 22
49 31
49 34
49 36
49 37
49 42
49 43
49 52
49 54
49 55
49 60
49 62
49 66
49 68
49 73
49 75
49 78
49 80
49 83
49 84
49 85
49 87
49 89
49 92
49 94
49 95
49 97
49 99
49 105
49 107
49 109
49 113
49 117
49 124
49 125
49 126
49 127
49 130
49 132
49 133
49 134
49 141
49 142
49 143
49 145
49 146
49 148
50 6
50 17
50 21
50 23
50 27
50 29
50 33
50 34
50 45
50 53
50 62
50 63
50 65
50 66
50 73
50 74
50 78
50 86
50 88
50 90
50 92
50 93
50 96
50 98
50 102
50 107
50 108
50 111
50 113
50 118
50 127
50 128
50 133
50 137
50 139
50 141
50 142
50 144
50 145
50 147
50 149
50 150
51 12
51 15
51 18
51 19
51 21
51 24
51 29
51 32
51 45
51 50
51 52
51 55
51 57
51 60
51 61
51 63
51 65
51 66
51 72
51 73
51 80
51 84
51 86
51 87
51 90
51 91
51 96
51 97
51 99
51 107
51 111
51 114
51 115
51 118
51 119
51 123
51 130
51 134
51 137
51 140
51 147
51 149
52 6
52 10
52 11
52 16
52 17
52 24
52 25
52 28
52 32
52 35
52 39
52 42
52 43
52 53
52 56
52 58
52 65
52 66
52 70
52 71
52 72
52 75
52 76
52 77
52 81
52 93
52 96
52 103
52 105
52 112
52 113
52 114
52 118
52 121
52 122
52 124
52 125
52 127
52 128
52 139
52 140
52 142
52 143
52 144
52 145
52 147
52 148
52 150
53 2
53 5
53 13
53 14
53 17
53 25
53 27
53 31
53 34
53 40
53 41
53 44
53 47
53 52
53 53
53 54
53 56
53 58
53 61
53 62
53 64
53 65
53 66
53 67
53 68
53 71
53 77
53 78
53 80
53 91
53 93
53 95
53 96
53 99
53 105
53 110
53 113
53 119
53 125
53 131
53 134
53 138
53 139
53 140
53 142
53 143
53 148
54 18
54 19
54 23
54 29
54 31
54 36
54 41
54 45
54 46
54 48
54 49
54 50
54 54
54 57
54 61
54 66
54 68
54 73
54 74
54 76
54 81
54 83
54 86
54 87
54 89
54 91
54 97
54 102
54 103
54 104
54 105
54 106
54 107
54 110
54 111
54 117
54 118
54 121
54 122
54 123
54 126
54 130
54 134
54 135
54 136
54 143
54 147
55 3
55 5
55 7
55 12
55 19
55 20
55 21
55 23
55 29
55 35
55 36
55 39
55 42
55 43
55 44
55 45
55 46
55 47
55 50
55 52
55 53
55 55
55 59
55 63
55 66
55 72
55 74
55 75
55 76
55 79
55 82
55 83
55 84
55 85
55 86
55 87
55 88
55 89
55 91
55 94
55 97
55 100
55 102
55 103
55 105
55 109
55 112
55 113
55 115
55 120
55 124
55 133
55 136
55 141
56 2
56 3
56 5
56 6
56 8
56 12
56 13
56 14
56 15
56 17
56 20
56 24
56 27
56 32
56 40
56 43
56 44
56 53
56 54
56 58
56 63
56 70
56 72
56 79
56 82
56 84
56 87
56 90
56 92
56 94
56 96
56 98
56 100
56 107
56 109
56 110
56 111
56 113
56 116
56 122
56 124
56 126
56 133
56 145
56 146
56 147
56 150
57 1
57 9
57 10
57 11
57 12
57 13
57 17
57 23
57 30
57 32
57 39
57 40
57 41
57 46
57 49
57 54
57 71
57 74
57 76
57 79
57 81
57 84
57 89
57 92
57 95
57 96
57 97
57 98
57 102
57 106
57 108
57 109
57 110
57 113
57 114
57 120
57 126
57 127
57 131
57 137
57 140
57 141
57 146
57 147
57 148
58 6
58 9
58 12
58 14
58 17
58 19
58 26
58 28
58 30
58 31
58 33
58 36
58 37
58 40
58 43
58 48
58 51
58 53
58 55
58 65
58 69
58 77
58 80
58 81
58 85
58 86
58 89
58 90
58 93
58 94
58 95
58 96
58 97
58 99
58 100
58 101
58 103
58 105
58 107
58 109
58 111
58 113
58 115
58 119
58 123
58 126
58 127
58 128
58 132
58 135
58 138
58 141
58 144
58 147
59 1
59 2
59 4
59 5
59 8
59 11
59 16
59 24
59 25
59 28
59 29
59 47
59 52
59 55
59 57
59 59
59 64
59 67
59 69
59 73
59 75
59 76
59 78
59 79
59 81
59 82
59 87
59 89
59 90
59 95
59 102
59 105
59 106
59 112
59 117
59 122
59 123
59 125
59 130
59 131
59 132
59 138
59 142
59 145
59 146
59 148
59 149
60 4
60 5
60 22
60 24
60 32
60 33
60 34
60 35
60 36
60 39
60 43
60 45
60 46
60 48
60 52
60 60
60 62
60 63
60 64
60 67
60 71
60 76
60 79
60 84
60 85
60 86
60 89
60 90
60 91
60 96
60 101
60 102
60 103
60 104
60 105
60 110
60 117
60 120
60 121
60 123
60 124
60 125
60 126
60 143
61 2
61 5
61 9
61 10
61 11
61 13
61 15
61 18
61 19
61 24
61 26
61 29
61 33
61 37
61 40
61 42
61 45
61 47
61 55
61 56
61 60
61 65
61 76
61 84
61 86
61 88
61 89
61 95
61 98
61 103
61 105
61 112
61 113
61 115
61 119
61 122
61 129
61 134
61 137
61 139
61 140
61 145
61 148
62 2
62 4
62 8
62 12
62 13
62 14
62 17
62 26
62 28
62 29
62 31
62 37
62 40
62 41
62 46
62 58
62 59
62 64
62 67
62 68
62 69
62 76
62 80
62 81
62 85
62 88
62 95
62 97
62 98
62 101
62 103
62 104
62 105
62 106
62 110
62 112
62 114
62 115
62 116
62 120
62 121
62 126
62 128
62 131
62 132
62 136
62 139
62 144
62 145
62 148
63 1
63 2
63 3
63 5
63 8
63 11
63 13
63 14
63 15
63 16
63 18
63 19
63 24
63 26
63 27
63 35
63 36
63 41
63 57
63 58
63 59
63 64
63 65
63 70
63 73
63 78
63 79
63 85
63 87
63 89
63 90
63 93
63 95
63 98
63 102
63 105
63 106
63 108
63 112
63 123
63 125
63 126
63 128
63 131
63 138
63 146
63 150
64 8
64 15
64 16
64 18
64 22
64 24
64 25
64 29
64 30
64 33
64 34
64 42
64 45
64 46
64 52
64 56
64 57
64 60
64 64
64 66
64 68
64 71
64 73
64 74
64 77
64 80
64 81
64 82
64 93
64 98
64 100
64 102
64 103
64 107
64 109
64 114
64 121
64 122
64 129
64 131
64 134
64 141
65 3
65 5
65 8
65 13
65 17
65 18
65 21
65 22
65 23
65 26
65 28
65 30
65 32
65 34
65 35
65 37
65 41
65 44
65 49
65 50
65 55
65 56
65 59
65 62
65 68
65 71
65 72
65 78
65 83
65 91
65 92
65 95
65 99
65 102
65 106
65 107
65 111
65 122
65 125
65 126
65 129
65 134
65 136
65 137
65 138
65 139
65 140
65 142
65 150
66 2
66 9
66 13
66 16
66 32
66 33
66 41
66 48
66 50
66 51
66 53
66 55
66 57
66 58
66 59
66 61
66 67
66 68
66 76
66 77
66 84
66 85
66 86
66 87
66 91
66 96
66 107
66 108
66 109
66 110
66 111
66 119
66 120
66 122
66 125
66 128
66 133
66 139
66 140
66 143
67 7
67 9
67 10
67 20
67 21
67 24
67 32
67 34
67 36
67 41
67 42
67 45
67 50
67 54
67 59
67 63
67 72
67 76
67 79
67 80
67 81
67 83
67 87
67 89
67 94
67 101
67 102
67 103
67 106
67 107
67 110
67 111
67 113
67 115
67 117
67 122
67 124
67 131
67 135
67 140
67 142
67 144
67 146
68 3
68 18
68 19
68 21
68 23
68 33
68 36
68 37
68 50
68 54
68 55
68 56
68 57
68 58
68 60
68 62
68 73
68 75
68 87
68 91
68 94
68 98
68 99
68 101
68 103
68 105
68 106
68 126
68 127
68 138
68 139
68 141
68 142
68 144
68 148
68 149
68 150
69 1
69 6
69 10
69 11
69 12
69 17
69 21
69 22
69 23
69 27
69 30
69 31
69 33
69 37
69 39
69 40
69 41
69 45
69 46
69 47
69 48
69 49
69 53
69 55
69 56
69 57
69 66
69 70
69 72
69 74
69 75
69 77
69 80
69 85
69 91
69 93
69 94
69 96
69 103
69 106
69 108
69 109
69 111
69 112
69 113
69 120
69 124
69 128
69 130
69 133
69 143
69 144
69 146
69 148
70 2
70 3
70 5
70 14
70 29
70 36
70 37
70 46
70 65
70 66
70 72
70 78
70 81
70 83
70 85
70 86
70 87
70 88
70 90
70 91
70 96
70 100
70 114
70 115
70 116
70 118
70 120
70 123
70 127
70 128
70 135
70 137
70 140
70 141
70 146
70 149
71 1
71 3
71 4
71 8
71 11
71 12
71 13
71 17
71 21
71 22
71 23
71 27
71 30
71 34
71 38
71 39
71 44
71 45
71 55
71 57
71 60
71 61
71 62
71 63
71 67
71 68
71 71
71 82
71 92
71 94
71 95
71 96
71 98
71 100
71 101
71 104
71 105
71 106
71 110
71 121
71 123
71 126
71 128
71 129
71 135
71 136
71 137
71 138
71 139
71 145
71 146
71 147
72 5
72 6
72 7
72 13
72 15
72 23
72 27
72 29
72 35
72 37
72 38
72 39
72 46
72 50
72 56
72 58
72 60
72 65
72 69
72 77
72 78
72 79
72 80
72 81
72 86
72 88
72 91
72 94
72 96
72 97
72 99
72 100
72 102
72 104
72 109
72 110
72 112
72 113
72 119
72 122
72 124
72 125
72 127
72 128
72 129
72 130
72 131
72 136
72 141
72 143
72 144
73 5
73 7
73 14
73 22
73 25
73 29
73 35
73 38
73 39
73 41
73 45
73 61
73 63
73 66
73 69
73 71
73 73
73 78
73 80
73 82
73 83
73 85
73 88
73 90
73 91
73 92
73 97
73 98
73 100
73 101
73 104
73 105
73 106
73 109
73 111
73 114
73 125
73 135
73 140
73 145
73 147
74 4
74 6
74 8
74 11
74 17
74 22
74 28
74 35
74 42
74 45
74 47
74 49
74 58
74 64
74 66
74 75
74 78
74 86
74 88
74 89
74 98
74 100
74 101
74 102
74 104
74 109
74 113
74 117
74 119
74 124
74 125
74 128
74 135
74 143
74 149
75 5
75 6
75 7
75 14
75 15
75 18
75 23
75 26
75 28
75 29
75 30
75 32
75 35
75 41
75 48
75 50
75 53
75 55
75 56
75 59
75 63
75 72
75 73
75 77
75 78
75 87
75 90
75 91
75 92
75 99
75 107
75 110
75 113
75 115
75 118
75 119
75 122
75 127
75 130
75 133
75 141
75 143
75 147
76 1
76 2
76 3
76 7
76 11
76 14
76 17
76 22
76 29
76 36
76 39
76 40
76 41
76 44
76 46
76 47
76 51
76 54
76 55
76 60
76 61
76 62
76 63
76 64
76 67
76 71
76 73
76 79
76 86
76 90
76 91
76 92
76 98
76 99
76 101
76 111
76 115
76 119
76 125
76 127
76 128
76 132
76 134
76 140
76 144
76 146
77 3
77 5
77 6
77 11
77 14
77 18
77 20
77 21
77 23
77 24
77 26
77 27
77 30
77 32
77 37
77 38
77 39
77 40
77 41
77 52
77 53
77 57
77 59
77 60
77 61
77 62
77 63
77 64
77 65
77 69
77 74
77 75
77 77
77 79
77 80
77 97
77 99
77 101
77 103
77 108
77 109
77 110
77 117
77 118
77 119
77 121
77 129
77 132
77 138
77 139
77 140
77 141
77 143
77 148
78 2
78 4
78 7
78 9
78 10
78 15
78 22
78 25
78 28
78 35
78 36
78 38
78 50
78 70
78 71
78 72
78 73
78 74
78 77
78 82
78 83
78 84
78 90
78 100
78 101
78 108
78 113
78 115
78 116
78 117
78 120
78 123
78 128
78 132
78 137
78 146
78 148
79 1
79 3
79 4
79 7
79 9
79 14
79 15
79 16
79 18
79 21
79 22
79 26
79 27
79 28
79 29
79 30
79 31
79 32
79 34
79 35
79 37
79 38
79 39
79 46
79 47
79 48
79 51
79 58
79 59
79 64
79 66
79 71
79 72
79 73
79 75
79 76
79 85
79 90
79 94
79 95
79 98
79 99
79 103
79 109
79 119
79 123
79 125
79 129
79 131
79 132
79 133
79 136
79 137
79 139
79 141
79 142
79 143
79 144
79 147
79 148
79 149
80 5
80 6
80 8
80 9
80 11
80 19
80 21
80 24
80 27
80 37
80 38
80 40
80 45
80 46
80 52
80 55
80 58
80 59
80 62
80 66
80 69
80 70
80 74
80 78
80 82
80 84
80 87
80 88
80 95
80 96
80 100
80 103
80 104
80 105
80 106
80 111
80 115
80 116
80 121
80 123
80 130
80 133
80 134
80 139
80 140
80 142
80 147
81 1
81 5
81 6
81 7
81 8
81 11
81 13
81 15
81 16
81 19
81 26
81 32
81 34
81 35
81 36
81 49
81 54
81 55
81 56
81 65
81 66
81 68
81 70
81 75
81 76
81 77
81 87
81 89
81 106
81 110
81 111
81 112
81 122
81 126
81 129
81 131
81 132
81 133
81 139
81 143
81 148
81 149
81 150
82 3
82 5
82 6
82 9
82 11
82 12
82 14
82 16
82 17
82 19
82 20
82 22
82 23
82 24
82 32
82 33
82 35
82 39
82 44
82 47
82 59
82 60
82 65
82 69
82 71
82 72
82 73
82 80
82 81
82 83
82 84
82 87
82 93
82 96
82 98
82 104
82 106
82 117
82 119
82 125
82 126
82 133
82 137
82 145
83 1
83 2
83 4
83 5
83 10
83 12
83 15
83 17
83 18
83 32
83 39
83 40
83 48
83 52
83 57
83 59
83 60
83 61
83 62
83 63
83 69
83 70
83 78
83 79
83 80
83 82
83 86
83 87
83 88
83 91
83 95
83 104
83 108
83 109
83 114
83 126
83 130
83 135
83 136
83 142
83 148
84 3
84 6
84 7
84 8
84 21
84 27
84 32
84 33
84 38
84 47
84 53
84 56
84 61
84 63
84 65
84 68
84 69
84 74
84 80
84 87
84 93
84 97
84 98
84 106
84 108
84 111
84 113
84 114
84 116
84 117
84 119
84 121
84 133
84 134
84 136
84 137
84 143
84 144
84 146
84 147
84 149
85 3
85 4
85 9
85 16
85 22
85 32
85 34
85 36
85 37
85 38
85 46
85 47
85 51
85 56
85 63
85 74
85 77
85 80
85 84
85 89
85 92
85 96
85 98
85 100
85 101
85 102
85 103
85 104
85 108
85 111
85 117
85 121
85 127
85 128
85 129
85 136
85 138
85 141
85 149
86 1
86 2
86 5
86 6
86 8
86 10
86 11
86 15
86 16
86 22
86 24
86 26
86 31
86 33
86 38
86 39
86 40
86 45
86 46
86 48
86 49
86 52
86 53
86 55
86 56
86 58
86 61
86 69
86 74
86 76
86 81
86 83
86 86
86 92
86 98
86 104
86 105
86 114
86 115
86 118
86 121
86 136
86 141
86 145
86 147
86 150
87 6
87 17
87 18
87 21
87 22
87 23
87 24
87 27
87 30
87 32
87 33
87 35
87 38
87 40
87 41
87 42
87 43
87 46
87 50
87 61
87 63
87 65
87 66
87 68
87 71
87 74
87 77
87 80
87 85
87 86
87 88
87 96
87 97
87 99
87 105
87 106
87 108
87 110
87 111
87 112
87 114
87 115
87 116
87 119
87 122
87 124
87 127
87 133
87 137
87 138
87 144
87 145
88 2
88 3
88 8
88 13
88 19
88 21
88 22
88 23
88 33
88 35
88 37
88 40
88 41
88 44
88 49
88 51
88 56
88 59
88 65
88 70
88 73
88 75
88 76
88 78
88 81
88 82
88 83
88 89
88 91
88 92
88 95
88 97
88 102
88 106
88 109
88 113
88 117
88 118
88 119
88 120
88 122
88 146
88 149
89 4
89 5
89 6
89 7
89 14
89 16
89 18
89 20
89 21
89 22
89 24
89 25
89 26
89 27
89 29
89 31
89 32
89 42
89 45
89 47
89 49
89 50
89 57
89 59
89 62
89 63
89 67
89 68
89 70
89 71
89 74
89 78
89 91
89 93
89 104
89 105
89 113
89 114
89 118
89 121
89 124
89 125
89 127
89 129
89 134
89 137
89 138
89 142
89 143
89 145
89 146
89 148
89 150
90 4
90 7
90 8
90 21
90 22
90 25
90 28
90 29
90 30
90 40
90 43
90 45
90 49
90 51
90 54
90 55
90 58
90 60
90 61
90 64
90 67
90 71
90 73
90 78
90 85
90 87
90 94
90 100
90 101
90 103
90 104
90 107
90 108
90 109
90 114
90 120
90 123
90 125
90 130
90 133
90 141
90 142
90 144
91 2
91 3
91 4
91 5
91 6
91 7
91 8
91 9
91 12
91 18
91 19
91 20
91 27
91 30
91 32
91 33
91 42
91 51
91 53
91 54
91 55
91 60
91 62
91 66
91 69
91 70
91 72
91 73
91 80
91 81
91 82
91 83
91 84
91 87
91 92
91 96
91 99
91 100
91 104
91 106
91 110
91 111
91 112
91 113
91 114
91 116
91 119
91 121
91 122
91 123
91 125
91 136
91 137
91 138
91 139
91 142
91 145
91 146
92 2
92 3
92 4
92 7
92 11
92 16
92 23
92 28
92 31
92 33
92 36
92 38
92 45
92 46
92 48
92 59
92 61
92 63
92 64
92 65
92 69
92 72
92 73
92 78
92 79
92 80
92 81
92 82
92 92
92 98
92 106
92 111
92 113
92 114
92 115
92 121
92 126
92 127
92 131
92 134
92 135
92 142
92 148
92 150
93 3
93 7
93 10
93 11
93 19
93 22
93 25
93 26
93 38
93 43
93 54
93 55
93 56
93 57
93 58
93 63
93 64
93 67
93 70
93 71
93 72
93 74
93 83
93 94
93 96
93 99
93 110
93 111
93 126
93 128
93 131
93 133
93 134
93 139
93 145
93 147
94 2
94 3
94 4
94 7
94 9
94 11
94 23
94 25
94 26
94 29
94 30
94 31
94 32
94 33
94 37
94 38
94 49
94 50
94 54
94 57
94 59
94 76
94 77
94 79
94 80
94 83
94 88
94 90
94 101
94 102
94 108
94 114
94 116
94 117
94 124
94 126
94 130
94 131
94 137
94 139
94 142
94 144
95 2
95 10
95 12
95 13
95 19
95 20
95 23
95 24
95 25
95 30
95 31
95 33
95 36
95 40
95 42
95 47
95 49
95 51
95 52
95 54
95 55
95 60
95 65
95 67
95 68
95 69
95 76
95 79
95 82
95 84
95 86
95 90
95 93
95 95
95 104
95 107
95 108
95 109
95 111
95 112
95 115
95 117
95 120
95 121
95 123
95 125
95 126
95 127
95 133
95 134
95 135
95 136
95 140
95 141
95 144
95 146
96 2
96 4
96 6
96 10
96 17
96 21
96 27
96 33
96 34
96 42
96 43
96 49
96 54
96 57
96 60
96 64
96 68
96 69
96 70
96 71
96 72
96 78
96 81
96 85
96 87
96 88
96 90
96 93
96 98
96 99
96 100
96 106
96 113
96 122
96 124
96 125
96 134
96 136
96 137
96 142
96 143
96 144
96 146
97 2
97 6
97 11
97 25
97 27
97 29
97 34
97 35
97 39
97 46
97 48
97 53
97 55
97 59
97 61
97 62
97 67
97 70
97 71
97 78
97 81
97 83
97 86
97 88
97 89
97 90
97 94
97 96
97 99
97 106
97 111
97 114
97 116
97 119
97 126
97 129
97 130
97 133
97 135
97 139
97 143
98 7
98 9
98 11
98 17
98 19
98 20
98 21
98 22
98 29
98 38
98 42
98 46
98 47
98 49
98 50
98 54
98 55
98 56
98 64
98 70
98 71
98 76
98 77
98 78
98 80
98 84
98 89
98 90
98 93
98 94
98 96
98 99
98 102
98 103
98 106
98 107
98 109
98 113
98 115
98 119
98 121
98 122
98 123
98 124
98 127
98 129
98 134
98 136
98 137
98 139
98 141
98 142
98 143
98 144
98 145
98 146
98 147
99 3
99 13
99 16
99 17
99 18
99 24
99 29
99 30
99 31
99 32
99 36
99 37
99 43
99 47
99 49
99 50
99 53
99 59
99 61
99 75
99 77
99 79
99 82
99 83
99 84
99 85
99 87
99 88
99 91
99 92
99 96
99 97
99 99
99 101
99 104
99 105
99 110
99 115
99 120
99 121
99 123
99 124
99 127
99 135
99 139
99 140
99 143
99 147
99 149
100 1
100 7
100 10
100 13
100 15
100 20
100 33
100 34
100 35
100 39
100 40
100 49
100 51
100 54
100 57
100 63
100 65
100 69
100 71
100 73
100 74
100 76
100 82
100 83
100 92
100 93
100 102
100 107
100 108
100 109
100 110
100 111
100 113
100 116
100 121
100 122
100 126
100 127
100 130
100 133
100 134
100 136
100 144
100 150
101 1
101 4
101 5
101 11
101 13
101 14
101 16
101 20
101 33
101 37
101 38
101 40
101 43
101 45
101 50
101 51
101 55
101 58
101 61
101 63
101 64
101 69
101 80
101 84
101 86
101 88
101 91
101 92
101 93
101 95
101 96
101 99
101 100
101 107
101 111
101 113
101 115
101 117
101 121
101 123
101 125
101 132
101 134
101 136
101 143
101 147
101 149
101 150
102 1
102 3
102 5
102 10
102 11
102 13
102 17
102 25
102 26
102 29
102 30
102 31
102 32
102 35
102 36
102 45
102 49
102 52
102 54
102 55
102 57
102 59
102 60
102 62
102 63
102 67
102 71
102 72
102 73
102 74
102 75
102 90
102 100
102 105
102 108
102 112
102 125
102 126
102 131
102 137
102 143
102 145
102 148
102 149
102 150
103 4
103 5
103 7
103 9
103 13
103 16
103 17
103 28
103 33
103 34
103 39
103 41
103 43
103 45
103 48
103 49
103 59
103 62
103 66
103 67
103 68
103 69
103 74
103 75
103 76
103 84
103 85
103 87
103 89
103 96
103 99
103 104
103 114
103 115
103 126
103 127
103 130
103 133
103 136
103 139
103 140
103 141
103 143
103 144
103 148
103 149
104 4
104 5
104 6
104 8
104 9
104 10
104 11
104 12
104 14
104 15
104 26
104 33
104 37
104 39
104 40
104 44
104 50
104 59
104 71
104 72
104 73
104 76
104 83
104 84
104 85
104 86
104 89
104 92
104 97
104 98
104 99
104 101
104 105
104 110
104 114
104 118
104 120
104 122
104 123
104 126
104 127
104 128
104 129
104 132
104 134
104 136
104 138
104 147
104 148
105 11
105 12
105 20
105 22
105 23
105 30
105 32
105 37
105 40
105 50
105 51
105 54
105 55
105 57
105 63
105 67
105 71
105 77
105 84
105 88
105 89
105 90
105 91
105 94
105 97
105 100
105 105
105 109
105 111
105 112
105 116
105 118
105 120
105 124
105 125
105 127
105 135
105 137
105 143
105 147
105 149
105 150
106 1
106 2
106 3
106 17
106 18
106 22
106 23
106 24
106 30
106 31
106 35
106 42
106 44
106 47
106 48
106 54
106 58
106 68
106 69
106 70
106 72
106 73
106 78
106 80
106 81
106 83
106 87
106 103
106 110
106 115
106 132
106 133
106 139
106 146
106 147
107 3
107 4
107 5
107 9
107 11
107 12
107 19
107 21
107 25
107 33
107 35
107 39
107 41
107 45
107 46
107 47
107 55
107 57
107 62
107 64
107 70
107 71
107 72
107 74
107 77
107 78
107 88
107 90
107 91
107 97
107 99
107 100
107 102
107 104
107 110
107 114
107 119
107 124
107 125
107 127
107 128
107 129
107 131
107 134
107 139
107 142
107 147
107 148
108 2
108 13
108 20
108 21
108 28
108 29
108 30
108 31
108 32
108 33
108 39
108 48
108 50
108 51
108 52
108 58
108 59
108 62
108 69
108 72
108 75
108 78
108 79
108 80
108 88
108 91
108 92
108 93
108 97
108 98
108 105
108 112
108 117
108 118
108 138
108 143
108 144
108 149
109 2
109 4
109 5
109 7
109 8
109 14
109 18
109 20
109 23
109 25
109 26
109 28
109 30
109 31
109 41
109 51
109 67
109 72
109 74
109 76
109 78
109 83
109 84
109 90
109 94
109 97
109 103
109 107
109 108
109 110
109 115
109 118
109 122
109 129
109 134
109 140
110 2
110 3
110 5
110 6
110 11
110 13
110 24
110 28
110 30
110 31
110 32
110 34
110 37
110 39
110 41
110 43
110 45
110 46
110 47
110 48
110 61
110 63
110 65
110 68
110 69
110 72
110 74
110 75
110 78
110 79
110 83
110 85
110 87
110 92
110 96
110 97
110 106
110 108
110 110
110 111
110 112
110 114
110 116
110 118
110 121
110 123
110 128
110 131
110 132
110 141
110 144
110 146
110 150
111 2
111 4
111 7
111 9
111 10
111 18
111 19
111 22
111 24
111 27
111 29
111 30
111 35
111 36
111 39
111 42
111 43
111 46
111 47
111 52
111 56
111 61
111 64
111 73
111 76
111 79
111 81
111 87
111 88
111 91
111 92
111 95
111 100
111 101
111 103
111 106
111 107
111 111
111 115
111 124
111 125
111 127
111 128
111 135
111 136
111 137
111 139
111 141
111 148
111 149
112 6
112 7
112 8
112 9
112 16
112 17
112 19
112 21
112 23
112 28
112 35
112 36
112 37
112 40
112 42
112 43
112 47
112 48
112 52
112 56
112 57
112 60
112 62
112 67
112 70
112 73
112 74
112 75
112 77
112 78
112 83
112 84
112 87
112 96
112 99
112 101
112 105
112 108
112 115
112 119
112 120
112 126
112 127
112 131
112 136
112 142
112 145
112 147
112 148
112 149
113 2
113 4
113 5
113 6
113 10
113 11
113 12
113 14
113 15
113 16
113 20
113 21
113 32
113 37
113 41
113 45
113 46
113 49
113 50
113 52
113 55
113 56
113 57
113 62
113 66
113 69
113 71
113 73
113 74
113 77
113 82
113 85
113 86
113 89
113 92
113 100
113 105
113 106
113 110
113 112
113 117
113 119
113 128
113 130
113 138
113 139
113 141
113 145
113 146
113 148
114 1
114 2
114 3
114 13
114 14
114 19
114 20
114 22
114 24
114 28
114 32
114 33
114 38
114 39
114 43
114 44
114 50
114 51
114 54
114 60
114 64
114 66
114 69
114 70
114 72
114 78
114 82
114 84
114 88
114 89
114 97
114 106
114 110
114 112
114 113
114 123
114 125
114 127
114 129
114 142
114 143
114 144
114 145
114 148
115 4
115 6
115 11
115 12
115 13
115 15
115 17
115 19
115 20
115 21
115 23
115 25
115 28
115 32
115 33
115 38
115 40
115 41
115 46
115 62
115 64
115 67
115 68
115 72
115 74
115 75
115 76
115 82
115 83
115 84
115 86
115 87
115 93
115 98
115 108
115 110
115 120
115 121
115 125
115 132
115 135
115 139
115 140
115 142
116 1
116 3
116 6
116 8
116 10
116 21
116 24
116 27
116 30
116 31
116 33
116 35
116 39
116 45
116 49
116 51
116 52
116 58
116 60
116 64
116 68
116 70
116 71
116 72
116 76
116 84
116 85
116 86
116 88
116 89
116 93
116 102
116 107
116 108
116 113
116 115
116 118
116 123
116 125
116 128
116 129
116 132
116 133
116 134
116 137
116 138
116 139
116 146
116 147
117 2
117 5
117 13
117 15
117 19
117 23
117 24
117 26
117 27
117 32
117 33
117 35
117 38
117 40
117 42
117 45
117 46
117 49
117 50
117 52
117 53
117 56
117 57
117 58
117 61
117 65
117 66
117 70
117 72
117 74
117 75
117 77
117 79
117 82
117 85
117 86
117 92
117 95
117 97
117 98
117 100
117 103
117 105
117 107
117 114
117 115
117 116
117 121
117 126
117 127
117 129
117 130
117 135
117 137
117 139
117 143
117 144
117 150
118 6
118 11
118 12
118 18
118 24
118 29
118 30
118 35
118 38
118 39
118 40
118 41
118 47
118 54
118 56
118 58
118 61
118 75
118 79
118 80
118 86
118 88
118 89
118 91
118 92
118 97
118 100
118 105
118 107
118 114
118 117
118 121
118 136
119 1
119 11
119 12
119 13
119 16
119 17
119 24
119 31
119 32
119 37
119 42
119 48
119 51
119 61
119 62
119 68
119 69
119 83
119 85
119 86
119 91
119 98
119 102
119 104
119 108
119 115
119 116
119 117
119 119
119 120
119 121
119 129
119 130
119 132
119 133
119 138
119 139
119 142
119 147
120 5
120 9
120 16
120 17
120 18
120 23
120 30
120 33
120 34
120 37
120 39
120 43
120 45
120 47
120 51
120 52
120 55
120 58
120 80
120 82
120 88
120 95
120 96
120 105
120 106
120 109
120 111
120 114
120 116
120 124
120 127
120 133
120 136
120 137
120 138
120 142
120 144
120 145
120 146
120 149
121 2
121 7
121 11
121 13
121 19
121 24
121 26
121 29
121 30
121 40
121 42
121 43
121 44
121 50
121 52
121 54
121 55
121 62
121 64
121 71
121 74
121 75
121 77
121 81
121 84
121 86
121 89
121 99
121 101
121 105
121 107
121 109
121 112
121 113
121 118
121 122
121 123
121 125
121 127
121 129
121 130
121 132
121 135
121 136
121 137
121 142
121 143
121 146
121 148
122 3
122 7
122 10
122 11
122 14
122 24
122 25
122 27
122 29
122 30
122 40
122 44
122 45
122 49
122 53
122 54
122 56
122 65
122 68
122 76
122 80
122 83
122 84
122 87
122 94
122 95
122 97
122 99
122 100
122 101
122 102
122 105
122 111
122 112
122 113
122 114
122 115
122 116
122 118
122 125
122 128
122 140
122 141
122 143
122 144
123 4
123 7
123 8
123 11
123 13
123 18
123 22
123 29
123 37
123 49
123 50
123 55
123 57
123 58
123 61
123 63
123 68
123 70
123 75
123 76
123 77
123 81
123 82
123 84
123 88
123 90
123 92
123 94
123 98
123 111
123 113
123 114
123 118
123 129
123 138
123 139
123 143
123 144
123 146
123 148
124 4
124 6
124 7
124 9
124 11
124 12
124 13
124 14
124 18
124 26
124 31
124 32
124 34
124 35
124 38
124 40
124 41
124 42
124 43
124 44
124 47
124 57
124 58
124 60
124 63
124 64
124 65
124 70
124 71
124 72
124 77
124 81
124 87
124 89
124 91
124 95
124 99
124 105
124 117
124 118
124 120
124 125
124 126
124 127
124 129
124 130
124 132
124 135
124 136
124 148
124 149
124 150
125 2
125 5
125 8
125 11
125 16
125 17
125 20
125 21
125 22
125 32
125 33
125 36
125 37
125 38
125 39
125 49
125 50
125 51
125 53
125 55
125 59
125 60
125 62
125 64
125 66
125 68
125 69
125 75
125 78
125 87
125 88
125 93
125 99
125 103
125 106
125 112
125 114
125 115
125 119
125 121
125 122
125 131
125 133
125 135
125 136
125 140
125 143
126 2
126 3
126 5
126 6
126 11
126 12
126 13
126 15
126 17
126 18
126 19
126 20
126 21
126 22
126 26
126 27
126 28
126 30
126 36
126 39
126 40
126 42
126 44
126 50
126 52
126 53
126 55
126 56
126 57
126 59
126 62
126 63
126 64
126 66
126 68
126 72
126 78
126 81
126 83
126 84
126 88
126 89
126 90
126 96
126 98
126 99
126 100
126 101
126 103
126 106
126 108
126 111
126 114
126 116
126 117
126 118
126 119
126 121
126 129
126 138
126 145
127 1
127 6
127 7
127 8
127 10
127 14
127 20
127 21
127 31
127 36
127 40
127 46
127 47
127 48
127 51
127 54
127 57
127 61
127 66
127 80
127 82
127 86
127 88
127 89
127 93
127 95
127 99
127 100
127 102
127 104
127 105
127 108
127 110
127 116
127 122
127 125
127 136
127 143
127 147
128 1
128 6
128 7
128 8
128 15
128 43
128 44
128 48
128 52
128 54
128 61
128 66
128 67
128 68
128 69
128 75
128 76
128 80
128 82
128 83
128 84
128 87
128 88
128 89
128 95
128 98
128 101
128 102
128 114
128 115
128 117
128 120
128 122
128 124
128 129
128 130
128 134
128 136
128 141
128 145
128 146
129 5
129 8
129 9
129 12
129 14
129 15
129 18
129 19
129 23
129 28
129 29
129 30
129 42
129 50
129 58
129 61
129 69
129 70
129 74
129 76
129 84
129 97
129 99
129 100
129 102
129 104
129 106
129 109
129 112
129 118
129 119
129 122
129 126
129 127
129 129
129 137
129 138
129 146
129 147
130 1
130 11
130 13
130 17
130 22
130 24
130 26
130 29
130 38
130 40
130 46
130 48
130 52
130 53
130 58
130 62
130 63
130 64
130 65
130 68
130 73
130 74
130 75
130 76
130 77
130 89
130 90
130 93
130 99
130 102
130 107
130 112
130 117
130 118
130 121
130 122
130 123
130 124
130 126
130 130
130 132
130 140
130 143
130 146
130 150
131 1
131 3
131 4
131 5
131 7
131 8
131 10
131 11
131 12
131 14
131 16
131 19
131 25
131 27
131 28
131 29
131 30
131 32
131 37
131 38
131 39
131 42
131 45
131 51
131 59
131 61
131 62
131 67
131 73
131 74
131 77
131 86
131 88
131 93
131 95
131 102
131 109
131 115
131 117
131 122
131 124
131 125
131 126
131 130
131 132
131 133
131 136
131 137
131 142
131 144
131 145
131 149
131 150
132 1
132 5
132 12
132 20
132 27
132 28
132 33
132 36
132 40
132 44
132 51
132 54
132 55
132 57
132 65
132 71
132 72
132 84
132 85
132 87
132 88
132 90
132 93
132 94
132 99
132 100
132 108
132 109
132 111
132 112
132 116
132 123
132 138
132 142
132 143
132 145
132 146
132 149
133 2
133 13
133 18
133 20
133 24
133 25
133 30
133 33
133 35
133 39
133 47
133 48
133 50
133 54
133 57
133 58
133 59
133 67
133 72
133 82
133 85
133 86
133 87
133 91
133 92
133 95
133 96
133 100
133 102
133 104
133 108
133 120
133 122
133 123
133 124
133 128
133 134
133 137
133 138
133 143
133 148
133 149
133 150
134 8
134 10
134 11
134 17
134 20
134 26
134 28
134 29
134 31
134 36
134 43
134 47
134 50
134 51
134 57
134 59
134 61
134 62
134 63
134 66
134 68
134 73
134 75
134 83
134 85
134 90
134 93
134 96
134 97
134 99
134 102
134 103
134 105
134 108
134 113
134 117
134 121
134 123
134 127
134 138
134 142
134 143
134 148
134 149
135 2
135 3
135 4
135 10
135 13
135 17
135 20
135 24
135 25
135 28
135 32
135 34
135 35
135 38
135 39
135 40
135 41
135 52
135 57
135 60
135 64
135 65
135 67
135 68
135 76
135 83
135 86
135 91
135 94
135 103
135 107
135 114
135 115
135 117
135 120
135 126
135 129
135 132
135 135
135 137
135 140
135 148
135 150
136 3
136 4
136 13
136 14
136 15
136 18
136 21
136 22
136 33
136 34
136 36
136 41
136 42
136 44
136 45
136 49
136 51
136 58
136 59
136 61
136 65
136 71
136 72
136 73
136 74
136 76
136 82
136 91
136 93
136 94
136 98
136 99
136 100
136 101
136 109
136 114
136 120
136 123
136 125
136 132
136 141
136 142
136 143
136 149
137 3
137 9
137 11
137 17
137 18
137 19
137 20
137 24
137 28
137 29
137 32
137 36
137 37
137 40
137 44
137 46
137 51
137 54
137 55
137 57
137 63
137 65
137 73
137 77
137 80
137 81
137 82
137 83
137 84
137 85
137 92
137 95
137 99
137 102
137 109
137 110
137 116
137 121
137 122
137 124
137 126
137 129
137 130
137 132
137 133
137 140
137 142
137 145
137 150
138 1
138 4
138 5
138 6
138 7
138 9
138 10
138 14
138 16
138 21
138 22
138 24
138 29
138 36
138 40
138 53
138 54
138 60
138 62
138 63
138 65
138 66
138 70
138 75
138 78
138 83
138 85
138 89
138 90
138 92
138 95
138 96
138 97
138 112
138 114
138 117
138 121
138 123
138 124
138 127
138 128
138 133
138 134
138 136
138 137
138 138
138 140
139 2
139 3
139 9
139 13
139 18
139 19
139 22
139 25
139 27
139 29
139 33
139 37
139 48
139 50
139 52
139 53
139 60
139 67
139 71
139 72
139 73
139 74
139 76
139 78
139 85
139 93
139 96
139 99
139 102
139 104
139 111
139 113
139 115
139 121
139 124
139 128
139 129
139 134
139 137
139 138
139 139
139 140
140 2
140 4
140 5
140 14
140 15
140 22
140 23
140 24
140 26
140 28
140 32
140 33
140 34
140 35
140 36
140 39
140 41
140 42
140 44
140 45
140 49
140 55
140 56
140 61
140 67
140 69
140 71
140 75
140 80
140 87
140 91
140 95
140 101
140 107
140 109
140 110
140 112
140 115
140 121
140 123
140 125
140 126
140 128
140 136
140 137
140 141
140 145
140 147
140 148
140 149
140 150
141 6
141 7
141 8
141 10
141 12
141 20
141 24
141 25
141 29
141 34
141 39
141 42
141 43
141 45
141 48
141 51
141 59
141 61
141 62
141 66
141 70
141 71
141 72
141 73
141 76
141 80
141 81
141 85
141 86
141 87
141 95
141 96
141 97
141 102
141 105
141 109
141 112
141 114
141 117
141 118
141 119
141 125
141 126
141 131
141 135
141 142
141 144
141 149
142 3
142 11
142 13
142 15
142 16
142 19
142 22
142 23
142 26
142 28
142 29
142 33
142 34
142 38
142 41
142 64
142 65
142 71
142 74
142 77
142 83
142 84
142 85
142 87
142 91
142 94
142 97
142 100
142 103
142 105
142 107
142 108
142 109
142 112
142 114
142 118
142 121
142 124
142 126
142 136
142 139
142 140
142 141
142 142
142 143
142 146
142 147
142 148
142 150
143 2
143 3
143 5
143 6
143 10
143 11
143 12
143 18
143 21
143 23
143 28
143 30
143 31
143 32
143 34
143 35
143 37
143 41
143 56
143 60
143 63
143 65
143 67
143 70
143 79
143 80
143 82
143 85
143 89
143 94
143 95
143 97
143 98
143 99
143 103
143 106
143 108
143 110
143 115
143 118
143 121
143 122
143 124
143 125
143 128
143 133
143 134
143 135
143 138
143 140
143 141
143 145
143 146
143 149
144 2
144 5
144 13
144 19
144 21
144 31
144 33
144 37
144 40
144 42
144 43
144 46
144 54
144 56
144 57
144 59
144 60
144 62
144 66
144 76
144 78
144 79
144 93
144 100
144 103
144 104
144 106
144 107
144 112
144 113
144 115
144 118
144 121
144 124
144 125
144 126
144 130
144 134
144 136
144 137
144 143
144 148
144 149
145 1
145 9
145 11
145 12
145 21
145 22
145 28
145 31
145 35
145 37
145 38
145 40
145 41
145 43
145 57
145 59
145 62
145 63
145 68
145 71
145 74
145 77
145 79
145 82
145 83
145 85
145 88
145 94
145 97
145 104
145 106
145 110
145 114
145 115
145 121
145 122
145 123
145 124
145 136
145 141
145 142
145 144
145 146
145 147
146 2
146 10
146 11
146 12
146 16
146 17
146 20
146 28
146 31
146 34
146 35
146 40
146 41
146 44
146 47
146 48
146 49
146 55
146 62
146 68
146 69
146 70
146 75
146 83
146 85
146 86
146 87
146 88
146 90
146 92
146 94
146 96
146 98
146 99
146 103
146 112
146 115
146 130
146 133
146 136
146 150
147 3
147 6
147 9
147 12
147 13
147 14
147 16
147 20
147 22
147 24
147 25
147 28
147 31
147 38
147 41
147 42
147 44
147 47
147 50
147 51
147 52
147 54
147 55
147 59
147 64
147 70
147 74
147 76
147 81
147 82
147 83
147 84
147 87
147 88
147 91
147 92
147 96
147 101
147 105
147 109
147 111
147 114
147 115
147 118
147 121
147 125
147 129
147 131
147 132
147 133
147 136
147 137
147 138
147 139
147 143
147 144
148 1
148 3
148 5
148 6
148 10
148 12
148 13
148 14
148 16
148 20
148 23
148 25
148 27
148 29
148 30
148 36
148 38
148 41
148 42
148 43
148 51
148 54
148 55
148 57
148 58
148 62
148 65
148 68
148 70
148 78
148 82
148 85
148 97
148 99
148 100
148 101
148 104
148 106
148 108
148 109
148 112
148 121
148 123
148 128
148 130
148 137
148 138
148 139
148 140
148 143
148 146
149 1
149 2
149 3
149 4
149 7
149 9
149 13
149 14
149 17
149 19
149 20
149 21
149 23
149 24
149 25
149 27
149 28
149 35
149 37
149 40
149 42
149 44
149 47
149 49
149 51
149 54
149 57
149 63
149 64
149 66
149 69
149 70
149 72
149 75
149 78
149 79
149 89
149 90
149 92
149 93
149 96
149 101
149 103
149 107
149 115
149 124
149 125
149 127
149 129
149 132
149 135
149 136
149 138
149 140
150 1
150 4
150 5
150 9
150 14
150 19
150 22
150 34
150 37
150 39
150 42
150 49
150 53
150 55
150 59
150 60
150 65
150 76
150 79
150 81
150 82
150 91
150 93
150 98
150 99
150 103
150 104
150 105
150 106
150 107
150 112
150 114
150 117
150 119
150 121
150 126
150 133
150 134
150 135
150 138
150 139
150 142
150 144
150 148
150 150
