50
276
1 3
1 16
1 20
1 24
2 8
2 10
2 39
3 5
3 12
3 20
3 24
3 28
3 35
4 9
4 14
4 19
4 44
5 5
5 12
5 17
5 23
5 24
5 31
5 36
5 37
5 42
6 6
6 17
6 18
6 32
6 35
6 39
6 43
6 48
7 9
7 12
7 17
7 19
7 25
7 29
7 39
7 41
7 42
7 43
8 9
8 10
8 11
8 15
8 18
8 26
8 30
8 38
8 44
9 20
9 25
9 29
9 41
9 43
10 2
10 7
10 28
10 29
10 38
10 40
10 48
11 6
11 8
11 13
11 33
11 45
11 47
12 20
12 35
12 41
13 2
13 3
13 7
13 13
13 23
13 35
14 19
14 22
15 11
15 39
15 42
15 43
16 3
16 10
16 11
16 26
16 35
16 36
16 44
17 8
17 33
17 36
17 49
18 3
18 24
18 25
18 35
18 41
18 47
19 17
19 21
19 23
20 7
20 10
20 14
20 16
20 39
20 42
20 49
21 13
21 43
22 5
22 7
22 10
22 18
22 23
22 27
22 28
22 30
22 39
22 42
22 46
22 47
23 6
23 11
24 19
24 22
24 32
24 37
25 6
25 18
25 29
25 35
25 43
25 48
26 15
26 25
26 34
26 37
26 41
27 20
27 30
27 33
27 46
28 13
28 19
28 26
28 29
28 30
28 35
28 38
28 41
29 5
29 6
29 15
29 22
29 28
29 34
29 46
30 1
30 20
30 23
30 44
30 46
31 1
31 7
32 6
32 25
32 29
32 32
32 47
33 18
33 29
33 31
33 32
33 37
33 38
33 50
34 2
34 28
34 33
34 42
34 49
35 7
35 13
35 28
35 39
36 13
36 14
36 16
36 21
36 22
36 38
36 44
36 50
37 5
37 7
37 26
37 40
37 41
37 45
37 49
38 49
39 2
39 10
39 17
39 19
39 27
39 33
40 8
40 32
40 34
41 11
41 20
41 21
41 27
41 30
41 40
41 50
42 15
42 25
42 28
42 32
42 33
42 40
42 50
43 2
43 35
43 49
44 10
44 32
44 37
44 38
45 12
45 13
45 26
45 35
45 50
46 1
46 8
46 15
46 16
46 17
46 23
46 39
46 43
46 45
47 12
47 16
47 31
47 32
47 37
47 41
47 45
48 15
48 16
48 19
48 27
48 42
48 50
49 3
49 4
49 13
49 23
49 25
49 33
49 36
49 48
50 20
50 27
50 42
50 47
