250
12423
1 12
1 13
1 15
1 16
1 19
1 21
1 24
1 27
1 30
1 32
1 35
1 38
1 47
1 50
1 52
1 60
1 63
1 64
1 78
1 84
1 88
1 96
1 105
1 108
1 109
1 110
1 113
1 114
1 119
1 120
1 124
1 126
1 127
1 128
1 130
1 136
1 138
1 140
1 148
1 150
1 152
1 166
1 170
1 174
1 175
1 176
1 184
1 195
1 197
1 204
1 205
1 220
1 221
1 223
1 232
1 234
1 239
1 241
2 6
2 14
2 17
2 21
2 23
2 26
2 29
2 34
2 37
2 39
2 46
2 62
2 65
2 66
2 70
2 77
2 79
2 80
2 89
2 105
2 107
2 111
2 114
2 116
2 117
2 127
2 129
2 133
2 134
2 137
2 143
2 152
2 154
2 158
2 160
2 163
2 169
2 172
2 202
2 206
2 214
2 222
2 232
2 235
2 245
2 246
3 1
3 2
3 3
3 5
3 8
3 19
3 22
3 29
3 36
3 37
3 41
3 43
3 50
3 60
3 61
3 68
3 88
3 92
3 96
3 102
3 107
3 108
3 118
3 119
3 130
3 134
3 135
3 144
3 151
3 153
3 154
3 155
3 161
3 171
3 175
3 181
3 182
3 184
3 191
3 193
3 194
3 195
3 199
3 205
3 206
3 210
3 220
3 227
3 228
3 231
3 234
3 244
4 1
4 5
4 17
4 19
4 22
4 28
4 38
4 42
4 44
4 48
4 55
4 58
4 59
4 62
4 63
4 66
4 68
4 74
4 77
4 79
4 90
4 91
4 93
4 98
4 101
4 107
4 108
4 115
4 118
4 123
4 143
4 144
4 145
4 153
4 160
4 163
4 165
4 177
4 181
4 183
4 185
4 187
4 203
4 205
4 210
4 237
4 246
4 247
5 7
5 9
5 17
5 20
5 23
5 28
5 34
5 35
5 36
5 44
5 46
5 52
5 80
5 81
5 83
5 89
5 99
5 101
5 111
5 114
5 123
5 138
5 143
5 146
5 149
5 150
5 153
5 154
5 156
5 160
5 169
5 170
5 171
5 177
5 184
5 193
5 196
5 200
5 207
5 209
5 210
5 221
5 227
5 241
5 243
6 13
6 17
6 18
6 34
6 41
6 43
6 55
6 59
6 67
6 75
6 80
6 81
6 82
6 88
6 89
6 93
6 96
6 98
6 108
6 121
6 133
6 136
6 145
6 148
6 150
6 151
6 152
6 153
6 173
6 176
6 178
6 181
6 191
6 195
6 201
6 205
6 207
6 213
6 216
6 222
6 226
6 237
6 249
6 250
7 2
7 8
7 9
7 10
7 12
7 13
7 20
7 28
7 30
7 37
7 41
7 45
7 50
7 55
7 63
7 66
7 68
7 74
7 77
7 90
7 94
7 100
7 109
7 116
7 117
7 121
7 125
7 133
7 137
7 140
7 145
7 159
7 163
7 167
7 169
7 174
7 187
7 191
7 209
7 210
7 211
7 212
7 215
7 217
7 219
7 223
7 231
7 234
7 240
7 241
7 242
7 248
8 1
8 2
8 13
8 17
8 21
8 27
8 30
8 33
8 39
8 41
8 44
8 50
8 66
8 74
8 81
8 82
8 83
8 89
8 93
8 96
8 104
8 105
8 106
8 109
8 111
8 113
8 117
8 118
8 123
8 136
8 143
8 153
8 159
8 161
8 172
8 174
8 177
8 178
8 181
8 183
8 186
8 190
8 197
8 206
8 208
8 219
8 222
8 224
8 228
8 231
8 234
8 237
8 243
8 248
9 8
9 23
9 37
9 41
9 43
9 45
9 47
9 55
9 56
9 58
9 59
9 61
9 69
9 76
9 84
9 87
9 102
9 108
9 109
9 132
9 134
9 135
9 141
9 144
9 152
9 155
9 163
9 164
9 170
9 177
9 178
9 184
9 186
9 188
9 190
9 194
9 198
9 205
9 207
9 209
9 211
9 218
9 235
9 238
9 247
10 12
10 15
10 32
10 37
10 45
10 46
10 62
10 65
10 68
10 72
10 77
10 79
10 83
10 85
10 88
10 89
10 90
10 97
10 116
10 118
10 119
10 121
10 125
10 132
10 143
10 144
10 146
10 152
10 156
10 164
10 168
10 169
10 171
10 186
10 187
10 189
10 197
10 202
10 210
10 218
10 231
10 233
10 235
10 240
10 242
10 248
11 6
11 7
11 10
11 21
11 23
11 24
11 25
11 37
11 40
11 45
11 49
11 53
11 55
11 59
11 65
11 66
11 86
11 90
11 93
11 99
11 105
11 111
11 115
11 120
11 125
11 126
11 129
11 134
11 137
11 139
11 157
11 158
11 159
11 161
11 163
11 165
11 167
11 172
11 178
11 186
11 188
11 193
11 194
11 199
11 205
11 210
11 219
11 223
11 225
11 227
11 233
11 234
11 235
11 236
11 237
11 238
11 239
11 242
11 245
11 249
11 250
12 6
12 7
12 10
12 37
12 51
12 58
12 60
12 61
12 66
12 67
12 68
12 69
12 70
12 78
12 87
12 90
12 99
12 103
12 105
12 107
12 119
12 120
12 124
12 135
12 137
12 138
12 151
12 155
12 156
12 157
12 160
12 163
12 164
12 166
12 169
12 170
12 172
12 197
12 203
12 210
12 228
12 234
12 235
12 244
12 247
12 249
13 3
13 4
13 5
13 14
13 16
13 20
13 30
13 32
13 35
13 44
13 45
13 47
13 52
13 58
13 61
13 77
13 87
13 90
13 92
13 99
13 104
13 111
13 113
13 115
13 118
13 119
13 122
13 131
13 133
13 140
13 154
13 155
13 169
13 170
13 171
13 176
13 180
13 185
13 187
13 192
13 197
13 201
13 215
13 219
13 220
13 228
13 234
13 237
13 249
13 250
14 1
14 6
14 7
14 8
14 12
14 18
14 27
14 30
14 32
14 33
14 37
14 47
14 50
14 52
14 53
14 54
14 60
14 63
14 73
14 74
14 80
14 89
14 100
14 101
14 111
14 126
14 131
14 137
14 140
14 142
14 158
14 161
14 171
14 178
14 179
14 203
14 205
14 209
14 217
14 221
14 222
14 239
14 242
14 243
14 248
15 1
15 5
15 6
15 8
15 9
15 10
15 11
15 14
15 16
15 22
15 26
15 29
15 34
15 38
15 40
15 59
15 61
15 74
15 76
15 79
15 80
15 81
15 82
15 85
15 89
15 92
15 93
15 95
15 96
15 104
15 105
15 108
15 113
15 116
15 119
15 120
15 124
15 130
15 138
15 146
15 147
15 151
15 160
15 170
15 174
15 178
15 179
15 182
15 189
15 196
15 201
15 206
15 214
15 220
15 222
15 223
15 240
15 245
15 249
16 2
16 3
16 18
16 30
16 35
16 37
16 39
16 52
16 79
16 80
16 84
16 92
16 100
16 101
16 102
16 109
16 120
16 122
16 127
16 133
16 134
16 135
16 145
16 146
16 153
16 156
16 159
16 160
16 161
16 162
16 178
16 188
16 192
16 202
16 203
16 210
16 216
16 221
16 222
16 224
16 230
16 233
16 234
17 10
17 13
17 17
17 28
17 31
17 37
17 40
17 45
17 54
17 61
17 62
17 64
17 65
17 70
17 71
17 74
17 78
17 80
17 81
17 85
17 89
17 94
17 100
17 101
17 102
17 103
17 105
17 106
17 112
17 118
17 119
17 132
17 134
17 144
17 145
17 151
17 154
17 157
17 171
17 177
17 180
17 183
17 186
17 189
17 199
17 203
17 207
17 210
17 213
17 216
17 220
17 222
17 228
17 229
17 233
17 237
17 241
17 243
17 247
18 4
18 9
18 13
18 15
18 16
18 24
18 32
18 33
18 38
18 44
18 47
18 55
18 60
18 65
18 72
18 75
18 77
18 88
18 91
18 94
18 95
18 99
18 102
18 114
18 115
18 118
18 121
18 127
18 132
18 134
18 138
18 147
18 150
18 151
18 152
18 157
18 175
18 176
18 178
18 185
18 186
18 189
18 195
18 197
18 204
18 211
18 212
18 217
18 220
18 226
18 227
18 230
18 233
18 237
18 242
18 245
18 246
18 247
19 1
19 4
19 5
19 6
19 10
19 13
19 17
19 22
19 28
19 29
19 30
19 36
19 47
19 50
19 53
19 61
19 73
19 74
19 94
19 111
19 114
19 121
19 122
19 127
19 140
19 143
19 145
19 153
19 156
19 163
19 169
19 170
19 177
19 180
19 186
19 191
19 196
19 201
19 205
19 209
19 215
19 217
19 219
19 220
19 232
19 239
19 240
19 242
20 1
20 3
20 7
20 13
20 18
20 19
20 28
20 29
20 32
20 34
20 36
20 40
20 43
20 44
20 45
20 47
20 51
20 57
20 67
20 75
20 76
20 79
20 91
20 93
20 94
20 96
20 102
20 112
20 114
20 117
20 122
20 125
20 131
20 137
20 143
20 150
20 153
20 154
20 155
20 157
20 164
20 168
20 176
20 177
20 178
20 181
20 184
20 189
20 192
20 202
20 217
20 218
20 223
20 226
20 227
20 229
20 233
20 235
20 236
20 240
20 244
20 247
21 3
21 6
21 10
21 21
21 22
21 28
21 30
21 34
21 37
21 40
21 47
21 54
21 65
21 71
21 75
21 77
21 80
21 83
21 85
21 93
21 95
21 100
21 104
21 112
21 113
21 116
21 118
21 122
21 124
21 127
21 136
21 140
21 143
21 147
21 149
21 155
21 159
21 160
21 164
21 165
21 167
21 168
21 169
21 175
21 176
21 190
21 198
21 200
21 203
21 207
21 214
21 215
21 216
21 221
21 223
21 225
21 227
21 232
21 238
21 240
21 245
22 1
22 3
22 7
22 9
22 12
22 24
22 26
22 29
22 44
22 45
22 61
22 74
22 77
22 78
22 87
22 102
22 104
22 107
22 114
22 116
22 125
22 130
22 132
22 133
22 135
22 149
22 152
22 163
22 164
22 165
22 173
22 174
22 178
22 181
22 182
22 196
22 197
22 204
22 207
22 210
22 211
22 212
22 215
22 219
22 224
22 236
22 247
23 3
23 16
23 18
23 19
23 24
23 27
23 29
23 30
23 32
23 42
23 43
23 50
23 53
23 54
23 58
23 61
23 63
23 67
23 75
23 79
23 80
23 84
23 89
23 93
23 97
23 105
23 113
23 117
23 125
23 138
23 139
23 140
23 152
23 161
23 164
23 176
23 182
23 184
23 186
23 191
23 196
23 202
23 204
23 205
23 209
23 214
23 231
23 238
23 241
23 244
23 246
24 5
24 8
24 9
24 17
24 20
24 23
24 25
24 37
24 44
24 46
24 47
24 51
24 54
24 55
24 57
24 67
24 84
24 85
24 94
24 104
24 105
24 106
24 107
24 108
24 109
24 111
24 118
24 121
24 122
24 123
24 136
24 142
24 144
24 147
24 159
24 160
24 164
24 169
24 171
24 174
24 184
24 190
24 191
24 193
24 194
24 201
24 202
24 203
24 204
24 205
24 208
24 209
24 210
24 211
24 213
24 217
24 224
24 225
24 227
24 239
24 248
25 3
25 6
25 9
25 17
25 18
25 28
25 32
25 35
25 40
25 48
25 51
25 58
25 59
25 60
25 63
25 67
25 82
25 98
25 102
25 113
25 118
25 121
25 124
25 133
25 135
25 137
25 139
25 158
25 162
25 166
25 169
25 170
25 172
25 182
25 186
25 187
25 190
25 191
25 193
25 196
25 204
25 211
25 214
25 215
25 217
25 220
25 221
25 224
25 228
25 231
25 235
25 237
25 243
25 247
26 4
26 15
26 19
26 23
26 24
26 26
26 27
26 28
26 29
26 35
26 37
26 38
26 40
26 45
26 66
26 73
26 74
26 80
26 82
26 83
26 86
26 87
26 94
26 96
26 103
26 105
26 117
26 121
26 122
26 125
26 127
26 129
26 135
26 156
26 163
26 167
26 174
26 175
26 183
26 186
26 188
26 189
26 190
26 192
26 193
26 205
26 208
26 218
26 219
26 225
26 226
26 231
26 234
26 248
27 2
27 3
27 4
27 5
27 11
27 12
27 31
27 35
27 38
27 40
27 45
27 62
27 75
27 78
27 93
27 104
27 111
27 129
27 134
27 135
27 138
27 141
27 146
27 150
27 152
27 153
27 156
27 158
27 165
27 168
27 176
27 182
27 183
27 185
27 201
27 203
27 207
27 208
27 223
27 227
27 231
27 232
27 233
27 244
28 4
28 7
28 8
28 20
28 31
28 33
28 35
28 40
28 43
28 49
28 55
28 63
28 73
28 79
28 80
28 85
28 91
28 96
28 98
28 99
28 100
28 117
28 119
28 130
28 132
28 138
28 140
28 142
28 143
28 145
28 157
28 158
28 160
28 169
28 188
28 206
28 212
28 214
28 215
28 217
28 220
28 221
28 223
28 229
28 232
28 234
28 235
28 247
28 249
29 6
29 9
29 12
29 15
29 23
29 30
29 48
29 61
29 64
29 65
29 70
29 73
29 79
29 86
29 89
29 96
29 99
29 102
29 106
29 107
29 109
29 111
29 112
29 116
29 138
29 144
29 145
29 148
29 149
29 151
29 155
29 158
29 159
29 176
29 183
29 187
29 189
29 195
29 196
29 202
29 203
29 208
29 210
29 220
29 222
29 223
29 224
29 225
29 226
29 242
29 249
30 3
30 17
30 21
30 26
30 27
30 38
30 46
30 54
30 57
30 63
30 64
30 65
30 74
30 76
30 78
30 82
30 83
30 86
30 87
30 88
30 103
30 109
30 110
30 117
30 126
30 127
30 131
30 134
30 137
30 144
30 145
30 160
30 163
30 175
30 177
30 178
30 179
30 188
30 189
30 191
30 200
30 203
30 211
30 216
30 219
30 221
30 232
30 246
30 247
30 249
31 2
31 4
31 17
31 34
31 35
31 37
31 40
31 42
31 44
31 53
31 54
31 57
31 61
31 69
31 76
31 79
31 80
31 84
31 86
31 91
31 94
31 98
31 111
31 113
31 119
31 123
31 125
31 133
31 134
31 138
31 142
31 148
31 149
31 151
31 156
31 163
31 164
31 167
31 170
31 172
31 188
31 200
31 207
31 210
31 211
31 212
31 217
31 221
31 222
31 223
31 225
31 226
31 230
31 237
31 242
32 2
32 8
32 9
32 11
32 12
32 13
32 27
32 33
32 37
32 49
32 52
32 57
32 69
32 71
32 72
32 74
32 77
32 80
32 82
32 103
32 108
32 116
32 119
32 126
32 131
32 132
32 136
32 139
32 146
32 154
32 157
32 160
32 163
32 164
32 166
32 173
32 180
32 184
32 194
32 198
32 199
32 204
32 210
32 211
32 215
32 217
32 218
32 219
32 223
32 231
32 232
32 237
32 238
32 240
32 242
32 244
32 245
32 248
32 249
32 250
33 9
33 10
33 17
33 40
33 50
33 52
33 57
33 59
33 60
33 64
33 65
33 72
33 74
33 77
33 82
33 86
33 87
33 89
33 92
33 94
33 101
33 117
33 120
33 122
33 123
33 125
33 126
33 132
33 149
33 170
33 171
33 175
33 181
33 183
33 189
33 191
33 198
33 200
33 211
33 212
33 215
33 219
33 224
33 225
33 227
33 231
33 235
33 246
34 14
34 24
34 25
34 35
34 41
34 53
34 59
34 60
34 67
34 79
34 82
34 86
34 90
34 91
34 101
34 105
34 109
34 118
34 119
34 122
34 125
34 129
34 130
34 131
34 136
34 138
34 139
34 167
34 168
34 173
34 177
34 179
34 184
34 186
34 193
34 197
34 202
34 207
34 209
34 210
34 213
34 218
34 219
34 220
34 223
34 232
34 233
34 234
34 238
34 244
35 5
35 8
35 12
35 14
35 15
35 18
35 20
35 27
35 32
35 33
35 36
35 41
35 44
35 52
35 53
35 56
35 64
35 68
35 69
35 71
35 83
35 86
35 91
35 99
35 101
35 102
35 113
35 122
35 124
35 127
35 131
35 139
35 142
35 143
35 160
35 162
35 167
35 172
35 178
35 180
35 181
35 188
35 193
35 198
35 204
35 206
35 209
35 215
35 224
36 10
36 12
36 27
36 30
36 38
36 40
36 44
36 49
36 52
36 55
36 59
36 61
36 78
36 83
36 86
36 87
36 89
36 92
36 103
36 104
36 113
36 117
36 119
36 121
36 123
36 124
36 135
36 140
36 141
36 145
36 149
36 157
36 160
36 165
36 173
36 177
36 180
36 188
36 189
36 190
36 191
36 197
36 202
36 203
36 208
36 211
36 223
36 228
36 240
36 242
36 243
36 249
36 250
37 5
37 13
37 15
37 16
37 18
37 30
37 35
37 38
37 45
37 48
37 49
37 52
37 54
37 56
37 57
37 60
37 61
37 63
37 64
37 70
37 71
37 76
37 80
37 81
37 85
37 90
37 94
37 95
37 96
37 101
37 102
37 103
37 106
37 107
37 108
37 119
37 122
37 130
37 136
37 141
37 148
37 159
37 162
37 166
37 167
37 172
37 184
37 185
37 190
37 196
37 198
37 207
37 210
37 213
37 219
37 220
37 231
37 235
37 245
38 4
38 7
38 12
38 13
38 14
38 19
38 20
38 21
38 24
38 29
38 31
38 37
38 38
38 44
38 61
38 64
38 77
38 78
38 96
38 101
38 107
38 108
38 109
38 117
38 121
38 122
38 125
38 140
38 142
38 150
38 154
38 157
38 166
38 167
38 173
38 180
38 184
38 185
38 188
38 198
38 202
38 205
38 208
38 212
38 217
38 226
38 227
38 231
38 232
38 241
38 243
38 245
38 248
39 11
39 16
39 18
39 19
39 22
39 33
39 39
39 43
39 45
39 53
39 55
39 66
39 67
39 71
39 73
39 78
39 80
39 81
39 87
39 89
39 90
39 92
39 93
39 94
39 106
39 107
39 110
39 124
39 126
39 130
39 131
39 136
39 149
39 150
39 153
39 154
39 160
39 161
39 170
39 172
39 174
39 178
39 182
39 199
39 203
39 205
39 207
39 217
39 224
39 225
39 232
39 237
39 248
40 2
40 15
40 18
40 20
40 23
40 26
40 32
40 40
40 47
40 52
40 59
40 60
40 66
40 88
40 89
40 92
40 98
40 99
40 103
40 120
40 123
40 126
40 130
40 143
40 144
40 146
40 148
40 149
40 150
40 151
40 157
40 158
40 161
40 171
40 174
40 175
40 180
40 181
40 192
40 210
40 211
40 218
40 222
40 228
40 237
40 250
41 9
41 11
41 14
41 17
41 18
41 19
41 27
41 28
41 42
41 46
41 48
41 50
41 65
41 75
41 76
41 84
41 88
41 95
41 96
41 98
41 103
41 106
41 107
41 111
41 114
41 128
41 133
41 147
41 148
41 154
41 155
41 158
41 162
41 164
41 167
41 170
41 177
41 185
41 198
41 206
41 208
41 212
41 215
41 216
41 223
41 228
41 229
41 232
41 239
41 243
41 245
41 247
41 249
42 5
42 33
42 63
42 64
42 71
42 80
42 84
42 85
42 87
42 93
42 104
42 107
42 115
42 125
42 128
42 136
42 138
42 143
42 147
42 152
42 159
42 165
42 180
42 181
42 183
42 192
42 204
42 208
42 214
42 216
42 221
42 223
42 224
42 225
42 235
42 240
42 247
43 6
43 10
43 17
43 18
43 23
43 30
43 31
43 35
43 43
43 48
43 52
43 54
43 57
43 58
43 61
43 76
43 77
43 87
43 91
43 98
43 99
43 103
43 114
43 115
43 118
43 120
43 126
43 135
43 137
43 142
43 159
43 165
43 167
43 182
43 184
43 185
43 193
43 194
43 198
43 200
43 208
43 223
43 229
43 230
43 233
43 236
43 238
43 248
43 250
44 3
44 8
44 13
44 31
44 34
44 41
44 54
44 64
44 66
44 67
44 71
44 77
44 79
44 80
44 91
44 92
44 94
44 97
44 110
44 119
44 120
44 126
44 128
44 129
44 134
44 138
44 154
44 156
44 159
44 160
44 174
44 175
44 178
44 186
44 199
44 201
44 202
44 204
44 206
44 210
44 212
44 216
44 218
44 223
44 232
44 238
44 243
45 3
45 10
45 31
45 55
45 59
45 61
45 63
45 71
45 83
45 91
45 94
45 108
45 109
45 116
45 129
45 140
45 144
45 148
45 157
45 159
45 161
45 163
45 173
45 178
45 180
45 189
45 203
45 219
45 224
45 228
45 229
45 230
45 247
46 4
46 14
46 18
46 22
46 24
46 29
46 38
46 47
46 49
46 52
46 54
46 55
46 64
46 66
46 77
46 79
46 88
46 90
46 93
46 95
46 102
46 107
46 120
46 125
46 130
46 135
46 147
46 149
46 158
46 160
46 164
46 167
46 177
46 178
46 181
46 184
46 185
46 190
46 194
46 202
46 205
46 214
46 218
46 219
46 222
46 227
46 228
46 232
46 235
46 244
46 246
47 9
47 15
47 62
47 67
47 71
47 84
47 91
47 97
47 112
47 114
47 117
47 121
47 122
47 131
47 137
47 139
47 147
47 149
47 153
47 155
47 160
47 175
47 181
47 186
47 191
47 197
47 198
47 200
47 201
47 202
47 205
47 209
47 214
47 217
47 220
47 226
47 228
47 232
47 236
47 246
47 250
48 5
48 18
48 26
48 29
48 30
48 45
48 48
48 55
48 59
48 69
48 80
48 83
48 86
48 90
48 95
48 99
48 100
48 101
48 104
48 113
48 114
48 122
48 131
48 132
48 138
48 140
48 142
48 146
48 151
48 157
48 160
48 163
48 175
48 176
48 182
48 190
48 199
48 202
48 209
48 214
48 222
48 229
48 232
48 245
48 248
48 249
49 5
49 6
49 8
49 14
49 15
49 16
49 24
49 31
49 54
49 55
49 57
49 59
49 65
49 72
49 76
49 78
49 86
49 90
49 97
49 100
49 102
49 105
49 106
49 116
49 125
49 126
49 129
49 132
49 138
49 141
49 142
49 145
49 146
49 148
49 153
49 160
49 168
49 176
49 186
49 188
49 190
49 202
49 203
49 211
49 215
49 220
49 224
49 225
49 231
49 235
49 239
49 244
49 245
49 248
50 6
50 7
50 8
50 14
50 19
50 24
50 26
50 35
50 41
50 43
50 47
50 48
50 52
50 54
50 56
50 60
50 62
50 65
50 66
50 70
50 76
50 77
50 84
50 87
50 88
50 96
50 100
50 103
50 119
50 122
50 126
50 137
50 139
50 144
50 151
50 168
50 173
50 183
50 189
50 191
50 202
50 204
50 209
50 220
50 227
50 236
50 237
50 240
50 249
50 250
51 6
51 10
51 19
51 46
51 59
51 63
51 65
51 74
51 83
51 86
51 95
51 96
51 98
51 100
51 101
51 104
51 105
51 112
51 116
51 118
51 123
51 126
51 127
51 131
51 133
51 135
51 150
51 151
51 152
51 160
51 171
51 176
51 184
51 193
51 201
51 209
51 213
51 225
51 232
51 238
51 239
51 245
51 249
52 1
52 3
52 4
52 5
52 12
52 13
52 21
52 34
52 35
52 37
52 39
52 41
52 52
52 53
52 56
52 58
52 66
52 71
52 73
52 76
52 91
52 102
52 103
52 109
52 110
52 112
52 132
52 136
52 137
52 142
52 151
52 162
52 166
52 171
52 174
52 175
52 179
52 185
52 192
52 197
52 199
52 206
52 208
52 211
52 223
52 224
52 226
52 229
52 230
52 235
52 250
53 5
53 7
53 8
53 18
53 21
53 24
53 30
53 33
53 39
53 51
53 62
53 64
53 66
53 69
53 72
53 73
53 75
53 80
53 81
53 83
53 88
53 91
53 95
53 98
53 107
53 109
53 116
53 120
53 121
53 123
53 126
53 134
53 142
53 144
53 148
53 159
53 162
53 180
53 183
53 185
53 193
53 199
53 209
53 210
53 213
53 223
53 225
53 227
53 234
53 235
53 236
53 243
53 250
54 1
54 9
54 30
54 32
54 33
54 37
54 38
54 39
54 44
54 48
54 49
54 54
54 61
54 76
54 78
54 80
54 81
54 83
54 85
54 89
54 90
54 97
54 98
54 101
54 106
54 108
54 109
54 110
54 120
54 121
54 128
54 131
54 133
54 135
54 137
54 143
54 144
54 150
54 178
54 198
54 213
54 219
54 224
54 232
54 238
54 239
54 244
54 245
54 249
55 5
55 10
55 15
55 17
55 28
55 47
55 50
55 56
55 60
55 65
55 71
55 79
55 82
55 84
55 88
55 90
55 92
55 94
55 96
55 99
55 105
55 108
55 117
55 119
55 124
55 130
55 131
55 144
55 147
55 149
55 164
55 166
55 174
55 175
55 178
55 182
55 188
55 190
55 195
55 197
55 201
55 212
55 219
55 240
55 250
56 3
56 10
56 14
56 15
56 16
56 19
56 22
56 23
56 29
56 33
56 40
56 45
56 47
56 48
56 50
56 55
56 56
56 57
56 60
56 61
56 63
56 65
56 79
56 80
56 84
56 85
56 89
56 95
56 99
56 108
56 109
56 110
56 111
56 114
56 119
56 120
56 124
56 125
56 129
56 130
56 152
56 156
56 159
56 160
56 163
56 168
56 172
56 178
56 180
56 185
56 192
56 194
56 198
56 201
56 207
56 208
56 209
56 214
56 216
56 218
56 220
56 229
56 238
56 247
56 248
57 2
57 3
57 4
57 5
57 9
57 13
57 23
57 26
57 32
57 36
57 43
57 45
57 46
57 48
57 67
57 70
57 78
57 80
57 98
57 101
57 102
57 103
57 105
57 107
57 110
57 113
57 115
57 116
57 127
57 128
57 143
57 150
57 152
57 153
57 155
57 158
57 160
57 169
57 176
57 180
57 181
57 182
57 187
57 189
57 192
57 198
57 203
57 204
57 205
57 206
57 214
57 221
57 224
57 225
57 227
57 229
57 234
57 236
57 237
57 239
58 1
58 7
58 17
58 18
58 31
58 40
58 41
58 54
58 56
58 61
58 64
58 65
58 67
58 72
58 73
58 80
58 84
58 91
58 92
58 93
58 96
58 125
58 126
58 129
58 130
58 138
58 150
58 151
58 161
58 162
58 163
58 165
58 173
58 174
58 180
58 183
58 191
58 192
58 193
58 198
58 200
58 214
58 217
58 221
58 223
58 225
58 231
58 238
59 8
59 10
59 11
59 14
59 16
59 23
59 25
59 37
59 46
59 53
59 54
59 55
59 58
59 64
59 69
59 72
59 79
59 89
59 101
59 102
59 104
59 134
59 138
59 151
59 159
59 165
59 175
59 187
59 192
59 193
59 207
59 216
59 217
59 222
59 232
59 234
59 236
59 239
59 240
60 2
60 22
60 24
60 33
60 35
60 36
60 38
60 48
60 49
60 53
60 58
60 59
60 65
60 66
60 67
60 74
60 75
60 77
60 80
60 84
60 90
60 97
60 99
60 105
60 110
60 111
60 112
60 118
60 130
60 131
60 134
60 152
60 153
60 155
60 162
60 167
60 176
60 178
60 181
60 199
60 213
60 216
60 235
60 236
60 237
60 240
60 244
60 245
60 248
61 2
61 10
61 32
61 37
61 41
61 47
61 48
61 53
61 57
61 60
61 66
61 74
61 75
61 77
61 80
61 85
61 86
61 105
61 108
61 115
61 122
61 125
61 127
61 129
61 146
61 147
61 155
61 158
61 164
61 168
61 172
61 180
61 182
61 186
61 193
61 194
61 196
61 207
61 216
61 218
61 221
61 222
61 227
61 235
61 236
61 237
61 242
61 247
62 9
62 23
62 34
62 47
62 49
62 53
62 57
62 58
62 60
62 73
62 81
62 83
62 85
62 96
62 100
62 106
62 109
62 115
62 119
62 121
62 128
62 130
62 147
62 152
62 154
62 167
62 173
62 176
62 177
62 183
62 185
62 188
62 192
62 202
62 203
62 205
62 213
62 221
62 227
62 229
62 234
62 237
63 2
63 4
63 8
63 9
63 14
63 23
63 33
63 36
63 51
63 54
63 55
63 58
63 60
63 65
63 69
63 77
63 81
63 87
63 91
63 93
63 94
63 97
63 98
63 100
63 104
63 107
63 109
63 110
63 111
63 124
63 125
63 134
63 136
63 138
63 140
63 141
63 144
63 151
63 152
63 154
63 164
63 171
63 172
63 175
63 187
63 188
63 191
63 192
63 193
63 197
63 201
63 208
63 211
63 215
63 227
63 230
63 233
63 237
63 241
63 250
64 7
64 9
64 10
64 11
64 17
64 32
64 34
64 38
64 41
64 42
64 46
64 50
64 55
64 56
64 60
64 63
64 67
64 70
64 73
64 74
64 93
64 96
64 101
64 110
64 122
64 123
64 125
64 128
64 131
64 143
64 151
64 157
64 160
64 162
64 164
64 172
64 180
64 181
64 184
64 188
64 196
64 198
64 199
64 205
64 210
64 211
64 212
64 220
64 221
64 223
64 226
64 229
64 232
64 234
64 239
64 242
64 246
65 4
65 8
65 15
65 29
65 30
65 33
65 38
65 42
65 45
65 50
65 53
65 57
65 61
65 65
65 66
65 68
65 70
65 74
65 80
65 83
65 91
65 95
65 104
65 110
65 119
65 127
65 138
65 144
65 155
65 156
65 165
65 176
65 177
65 186
65 189
65 191
65 198
65 210
65 211
65 213
65 220
65 225
65 227
65 233
65 239
65 240
65 241
65 242
65 244
65 249
66 1
66 4
66 11
66 14
66 16
66 17
66 27
66 42
66 53
66 57
66 59
66 68
66 73
66 75
66 76
66 90
66 92
66 94
66 97
66 98
66 100
66 106
66 108
66 109
66 112
66 123
66 125
66 138
66 143
66 145
66 153
66 154
66 156
66 168
66 171
66 182
66 184
66 192
66 194
66 195
66 204
66 210
66 213
66 214
66 219
66 226
66 239
67 1
67 5
67 19
67 40
67 44
67 48
67 49
67 51
67 52
67 55
67 61
67 65
67 69
67 85
67 86
67 95
67 107
67 108
67 110
67 121
67 123
67 124
67 129
67 130
67 141
67 145
67 150
67 155
67 158
67 167
67 172
67 178
67 190
67 191
67 193
67 195
67 200
67 208
67 209
67 212
67 219
67 228
67 229
67 240
67 243
67 250
68 3
68 4
68 16
68 26
68 27
68 29
68 34
68 42
68 52
68 55
68 57
68 58
68 61
68 62
68 76
68 89
68 90
68 100
68 104
68 116
68 127
68 128
68 130
68 141
68 143
68 149
68 152
68 156
68 162
68 163
68 165
68 170
68 173
68 177
68 195
68 196
68 198
68 225
68 226
68 243
68 245
68 250
69 3
69 20
69 33
69 35
69 36
69 42
69 46
69 50
69 52
69 59
69 60
69 68
69 69
69 71
69 89
69 93
69 94
69 96
69 97
69 105
69 110
69 117
69 120
69 124
69 143
69 155
69 159
69 160
69 162
69 166
69 177
69 186
69 201
69 205
69 206
69 208
69 215
69 218
69 219
69 225
69 227
69 229
69 230
69 236
69 239
69 241
69 249
70 4
70 18
70 19
70 30
70 33
70 39
70 42
70 55
70 56
70 58
70 69
70 75
70 79
70 84
70 92
70 104
70 106
70 109
70 116
70 118
70 120
70 126
70 130
70 153
70 161
70 162
70 165
70 170
70 178
70 189
70 190
70 196
70 197
70 201
70 204
70 210
70 211
70 221
70 223
70 227
70 239
70 243
70 244
70 245
71 13
71 22
71 24
71 32
71 40
71 49
71 62
71 65
71 70
71 81
71 97
71 98
71 106
71 108
71 110
71 114
71 121
71 125
71 138
71 162
71 179
71 181
71 182
71 185
71 188
71 193
71 198
71 199
71 214
71 215
71 217
71 218
71 220
71 222
71 223
71 230
71 237
71 242
72 4
72 21
72 22
72 25
72 29
72 31
72 37
72 38
72 43
72 53
72 58
72 61
72 63
72 70
72 72
72 73
72 92
72 97
72 104
72 107
72 116
72 119
72 123
72 128
72 130
72 133
72 136
72 139
72 141
72 143
72 147
72 151
72 160
72 162
72 164
72 170
72 173
72 174
72 176
72 177
72 197
72 198
72 201
72 202
72 222
72 225
72 227
72 229
72 234
72 242
72 244
72 249
72 250
73 2
73 3
73 9
73 10
73 13
73 17
73 22
73 26
73 30
73 44
73 49
73 51
73 54
73 56
73 58
73 63
73 68
73 69
73 70
73 78
73 81
73 87
73 88
73 94
73 98
73 99
73 104
73 109
73 110
73 112
73 114
73 116
73 125
73 127
73 131
73 136
73 140
73 143
73 149
73 150
73 153
73 154
73 155
73 156
73 160
73 175
73 176
73 180
73 182
73 183
73 185
73 193
73 200
73 214
73 216
73 225
73 227
73 228
73 233
73 246
73 247
74 2
74 3
74 5
74 8
74 12
74 25
74 31
74 32
74 34
74 40
74 41
74 43
74 49
74 52
74 55
74 58
74 65
74 74
74 81
74 88
74 92
74 101
74 107
74 111
74 113
74 114
74 115
74 124
74 128
74 137
74 138
74 155
74 163
74 166
74 167
74 181
74 184
74 187
74 194
74 198
74 201
74 229
74 237
74 241
74 246
74 247
75 1
75 2
75 9
75 17
75 30
75 31
75 35
75 48
75 57
75 61
75 69
75 82
75 102
75 108
75 110
75 119
75 128
75 132
75 135
75 136
75 144
75 147
75 148
75 155
75 158
75 160
75 162
75 163
75 164
75 169
75 170
75 172
75 190
75 194
75 197
75 201
75 219
75 223
75 224
75 225
75 226
75 228
75 230
75 245
75 247
75 248
76 5
76 7
76 8
76 15
76 22
76 26
76 28
76 35
76 38
76 42
76 59
76 63
76 70
76 76
76 78
76 84
76 87
76 90
76 93
76 96
76 107
76 115
76 118
76 127
76 128
76 140
76 146
76 154
76 159
76 166
76 167
76 175
76 178
76 179
76 191
76 192
76 194
76 198
76 199
76 217
76 223
76 225
76 229
76 232
76 233
76 239
76 240
76 242
76 247
77 4
77 9
77 11
77 20
77 30
77 38
77 40
77 46
77 54
77 60
77 61
77 67
77 75
77 79
77 87
77 92
77 99
77 105
77 112
77 114
77 133
77 140
77 145
77 146
77 148
77 149
77 152
77 154
77 168
77 171
77 173
77 183
77 184
77 185
77 186
77 187
77 197
77 199
77 200
77 202
77 209
77 210
77 211
77 215
77 218
77 220
77 223
77 236
77 238
77 247
78 8
78 24
78 25
78 28
78 32
78 38
78 43
78 44
78 48
78 52
78 56
78 57
78 60
78 64
78 67
78 72
78 85
78 86
78 106
78 112
78 113
78 117
78 121
78 126
78 138
78 151
78 152
78 160
78 165
78 166
78 174
78 185
78 188
78 190
78 193
78 196
78 200
78 202
78 213
78 220
78 223
78 224
78 233
78 235
78 247
79 1
79 12
79 20
79 21
79 28
79 32
79 33
79 34
79 40
79 45
79 50
79 54
79 60
79 67
79 73
79 78
79 87
79 89
79 94
79 100
79 108
79 120
79 122
79 123
79 130
79 132
79 134
79 135
79 137
79 141
79 150
79 153
79 161
79 165
79 167
79 170
79 177
79 180
79 183
79 185
79 188
79 212
79 213
79 222
79 224
79 234
80 2
80 10
80 11
80 12
80 26
80 29
80 34
80 37
80 51
80 55
80 59
80 64
80 79
80 80
80 90
80 94
80 100
80 102
80 106
80 107
80 113
80 114
80 116
80 138
80 140
80 145
80 146
80 156
80 158
80 171
80 184
80 202
80 210
80 212
80 218
80 230
80 235
81 1
81 3
81 6
81 7
81 21
81 24
81 25
81 32
81 38
81 60
81 63
81 64
81 75
81 77
81 78
81 79
81 83
81 90
81 95
81 96
81 100
81 116
81 118
81 119
81 120
81 125
81 126
81 130
81 132
81 134
81 135
81 136
81 137
81 143
81 146
81 149
81 152
81 158
81 176
81 181
81 190
81 191
81 198
81 203
81 208
81 209
81 215
81 218
81 227
81 231
81 242
81 247
81 250
82 9
82 10
82 12
82 13
82 16
82 22
82 26
82 35
82 38
82 41
82 49
82 51
82 52
82 53
82 54
82 58
82 61
82 70
82 81
82 84
82 89
82 100
82 108
82 116
82 123
82 128
82 144
82 169
82 173
82 182
82 188
82 202
82 211
82 213
82 216
82 222
82 227
82 228
82 230
82 232
82 242
82 243
83 1
83 7
83 15
83 24
83 28
83 36
83 43
83 44
83 45
83 49
83 51
83 56
83 61
83 67
83 70
83 71
83 78
83 79
83 81
83 82
83 85
83 89
83 92
83 101
83 105
83 109
83 120
83 122
83 128
83 136
83 137
83 142
83 144
83 148
83 159
83 160
83 173
83 183
83 192
83 194
83 202
83 208
83 229
83 230
83 237
83 240
83 244
84 1
84 6
84 27
84 28
84 37
84 39
84 41
84 44
84 56
84 67
84 70
84 71
84 74
84 82
84 84
84 88
84 92
84 105
84 106
84 114
84 123
84 134
84 138
84 139
84 142
84 144
84 146
84 147
84 149
84 150
84 153
84 155
84 157
84 168
84 179
84 186
84 187
84 195
84 197
84 201
84 202
84 210
84 211
84 242
84 243
84 250
85 5
85 18
85 21
85 26
85 32
85 35
85 37
85 38
85 46
85 60
85 64
85 70
85 73
85 74
85 76
85 77
85 83
85 85
85 87
85 97
85 102
85 116
85 141
85 142
85 149
85 156
85 159
85 160
85 162
85 184
85 185
85 186
85 193
85 204
85 206
85 216
85 220
85 221
85 225
85 230
85 232
85 240
85 247
85 249
86 3
86 5
86 19
86 24
86 25
86 29
86 38
86 40
86 43
86 46
86 50
86 52
86 54
86 57
86 62
86 67
86 79
86 80
86 90
86 96
86 104
86 121
86 124
86 125
86 128
86 129
86 130
86 137
86 141
86 147
86 178
86 179
86 182
86 201
86 207
86 210
86 212
86 217
86 227
86 237
86 249
87 1
87 3
87 7
87 10
87 13
87 21
87 22
87 23
87 24
87 25
87 26
87 50
87 51
87 64
87 65
87 75
87 81
87 85
87 89
87 91
87 93
87 96
87 97
87 99
87 105
87 123
87 131
87 135
87 142
87 145
87 147
87 155
87 159
87 164
87 171
87 172
87 173
87 180
87 187
87 191
87 200
87 201
87 203
87 224
87 234
87 235
87 239
87 244
87 247
88 4
88 11
88 18
88 32
88 35
88 38
88 48
88 49
88 56
88 69
88 77
88 90
88 91
88 93
88 102
88 108
88 109
88 116
88 118
88 119
88 120
88 125
88 130
88 134
88 135
88 137
88 141
88 153
88 157
88 166
88 171
88 173
88 175
88 176
88 188
88 194
88 198
88 203
88 217
88 222
88 227
88 231
88 242
88 249
89 1
89 6
89 7
89 9
89 13
89 15
89 22
89 24
89 37
89 41
89 49
89 52
89 55
89 56
89 57
89 61
89 70
89 75
89 79
89 87
89 91
89 105
89 106
89 112
89 114
89 121
89 127
89 143
89 149
89 164
89 170
89 172
89 178
89 182
89 184
89 188
89 203
89 207
89 212
89 215
89 218
89 221
89 226
89 230
89 233
89 235
89 242
89 247
89 249
90 11
90 14
90 17
90 19
90 23
90 24
90 33
90 39
90 40
90 48
90 51
90 67
90 74
90 81
90 83
90 88
90 100
90 101
90 102
90 110
90 118
90 119
90 122
90 128
90 136
90 139
90 143
90 146
90 158
90 174
90 175
90 176
90 180
90 186
90 191
90 193
90 197
90 203
90 204
90 213
90 214
90 220
90 222
90 229
90 241
90 244
90 246
90 250
91 8
91 11
91 13
91 16
91 20
91 34
91 35
91 39
91 44
91 45
91 57
91 59
91 65
91 67
91 72
91 76
91 78
91 79
91 81
91 92
91 94
91 97
91 101
91 103
91 104
91 109
91 113
91 120
91 123
91 126
91 128
91 138
91 146
91 159
91 162
91 164
91 166
91 186
91 191
91 192
91 195
91 198
91 200
91 203
91 210
91 211
91 222
91 224
91 226
91 229
91 238
91 239
91 244
91 250
92 1
92 3
92 7
92 18
92 27
92 30
92 31
92 34
92 35
92 36
92 38
92 42
92 43
92 52
92 56
92 60
92 63
92 73
92 89
92 95
92 101
92 102
92 104
92 110
92 114
92 117
92 119
92 121
92 134
92 135
92 136
92 138
92 140
92 152
92 156
92 165
92 166
92 167
92 177
92 186
92 190
92 193
92 198
92 200
92 212
92 214
92 222
92 225
92 227
92 235
92 238
92 240
93 2
93 3
93 12
93 13
93 26
93 31
93 32
93 36
93 44
93 47
93 59
93 61
93 62
93 65
93 66
93 70
93 72
93 73
93 74
93 79
93 86
93 94
93 95
93 100
93 105
93 109
93 110
93 113
93 114
93 121
93 123
93 127
93 130
93 131
93 136
93 139
93 141
93 152
93 163
93 166
93 168
93 180
93 183
93 184
93 185
93 188
93 191
93 194
93 202
93 219
93 222
93 230
93 233
93 235
93 245
93 246
93 247
93 249
94 3
94 6
94 8
94 19
94 24
94 27
94 44
94 45
94 46
94 51
94 52
94 56
94 58
94 61
94 63
94 64
94 65
94 66
94 68
94 69
94 74
94 75
94 77
94 83
94 87
94 95
94 100
94 104
94 105
94 106
94 107
94 114
94 115
94 117
94 119
94 125
94 134
94 139
94 140
94 145
94 149
94 151
94 155
94 158
94 169
94 175
94 183
94 190
94 196
94 197
94 206
94 209
94 211
94 218
94 221
94 223
94 230
94 235
94 248
95 12
95 17
95 18
95 22
95 23
95 28
95 35
95 36
95 37
95 51
95 52
95 59
95 64
95 67
95 68
95 69
95 75
95 80
95 82
95 85
95 87
95 93
95 95
95 100
95 102
95 107
95 110
95 111
95 112
95 121
95 124
95 129
95 131
95 136
95 138
95 140
95 142
95 143
95 144
95 147
95 169
95 196
95 205
95 206
95 211
95 215
95 221
95 222
95 223
95 229
95 233
95 236
95 237
95 246
96 3
96 7
96 12
96 17
96 19
96 22
96 30
96 32
96 34
96 42
96 43
96 54
96 55
96 61
96 62
96 65
96 69
96 71
96 79
96 80
96 81
96 82
96 87
96 91
96 96
96 105
96 109
96 118
96 128
96 133
96 134
96 141
96 151
96 153
96 156
96 157
96 163
96 166
96 167
96 168
96 171
96 185
96 192
96 194
96 195
96 200
96 202
96 206
96 208
96 209
96 214
96 226
96 231
96 232
96 239
96 244
96 245
97 1
97 6
97 9
97 13
97 24
97 32
97 34
97 36
97 39
97 40
97 41
97 45
97 50
97 53
97 70
97 81
97 82
97 86
97 95
97 103
97 107
97 112
97 115
97 116
97 120
97 126
97 142
97 152
97 159
97 161
97 173
97 175
97 181
97 184
97 186
97 191
97 194
97 202
97 204
97 206
97 217
97 219
97 224
97 225
97 237
97 239
97 243
98 16
98 18
98 20
98 21
98 34
98 35
98 42
98 53
98 54
98 55
98 57
98 59
98 62
98 69
98 71
98 79
98 80
98 82
98 85
98 86
98 87
98 89
98 91
98 95
98 100
98 114
98 136
98 137
98 144
98 157
98 161
98 174
98 180
98 181
98 182
98 186
98 197
98 198
98 200
98 205
98 206
98 212
98 213
98 216
98 217
98 222
98 223
98 224
98 228
98 231
98 237
98 246
98 250
99 6
99 7
99 24
99 25
99 30
99 37
99 53
99 54
99 55
99 58
99 59
99 65
99 72
99 77
99 86
99 90
99 93
99 100
99 115
99 116
99 117
99 120
99 132
99 143
99 147
99 160
99 164
99 169
99 171
99 173
99 180
99 186
99 189
99 192
99 200
99 211
99 215
99 222
99 231
99 235
99 243
99 247
99 249
99 250
100 2
100 7
100 21
100 29
100 32
100 40
100 41
100 42
100 51
100 55
100 56
100 62
100 63
100 69
100 73
100 75
100 77
100 81
100 92
100 100
100 101
100 103
100 104
100 105
100 109
100 113
100 120
100 126
100 129
100 133
100 134
100 136
100 137
100 145
100 146
100 154
100 158
100 159
100 163
100 164
100 168
100 170
100 176
100 196
100 202
100 203
100 208
100 210
100 211
100 233
100 234
100 239
100 246
100 248
101 2
101 4
101 11
101 12
101 14
101 15
101 16
101 17
101 18
101 26
101 27
101 32
101 39
101 51
101 53
101 56
101 62
101 65
101 67
101 87
101 89
101 95
101 97
101 100
101 102
101 107
101 123
101 127
101 130
101 131
101 135
101 138
101 139
101 141
101 143
101 150
101 158
101 164
101 166
101 168
101 175
101 182
101 184
101 186
101 189
101 195
101 196
101 197
101 202
101 203
101 206
101 213
101 216
101 217
101 219
101 223
101 227
101 230
101 231
101 233
101 234
101 237
101 239
101 243
101 245
101 247
101 248
102 13
102 14
102 22
102 24
102 29
102 49
102 51
102 56
102 58
102 72
102 73
102 80
102 86
102 105
102 109
102 116
102 117
102 128
102 130
102 137
102 143
102 146
102 147
102 158
102 167
102 169
102 180
102 186
102 187
102 189
102 192
102 195
102 197
102 200
102 205
102 209
102 213
102 216
102 220
102 223
102 225
102 228
102 233
102 237
102 243
102 246
102 247
103 8
103 16
103 21
103 26
103 32
103 34
103 37
103 50
103 53
103 58
103 64
103 69
103 85
103 87
103 88
103 90
103 109
103 125
103 131
103 145
103 146
103 149
103 151
103 152
103 154
103 157
103 165
103 169
103 170
103 175
103 177
103 181
103 182
103 187
103 188
103 192
103 195
103 208
103 209
103 213
103 215
103 221
103 230
103 231
103 234
103 235
103 243
104 4
104 7
104 9
104 11
104 18
104 26
104 33
104 34
104 42
104 50
104 54
104 60
104 64
104 66
104 69
104 72
104 80
104 83
104 88
104 93
104 100
104 104
104 122
104 124
104 130
104 137
104 141
104 142
104 147
104 164
104 169
104 172
104 178
104 182
104 186
104 197
104 199
104 201
104 215
104 229
104 231
104 236
104 248
104 250
105 12
105 13
105 16
105 17
105 24
105 25
105 31
105 40
105 53
105 64
105 65
105 88
105 90
105 91
105 92
105 96
105 99
105 101
105 103
105 104
105 112
105 113
105 117
105 120
105 127
105 131
105 133
105 139
105 153
105 157
105 158
105 159
105 165
105 169
105 170
105 175
105 180
105 181
105 190
105 197
105 199
105 203
105 205
105 207
105 213
105 220
105 228
105 231
105 234
105 237
105 239
105 241
105 248
105 249
106 10
106 13
106 25
106 28
106 34
106 37
106 53
106 59
106 66
106 72
106 79
106 88
106 91
106 93
106 102
106 106
106 109
106 113
106 115
106 122
106 128
106 131
106 141
106 143
106 154
106 157
106 161
106 170
106 176
106 179
106 180
106 183
106 187
106 199
106 200
106 206
106 208
106 224
106 236
106 238
106 242
106 246
106 250
107 7
107 8
107 18
107 20
107 24
107 27
107 29
107 30
107 37
107 41
107 46
107 47
107 48
107 55
107 63
107 65
107 70
107 74
107 81
107 88
107 95
107 96
107 98
107 99
107 101
107 108
107 110
107 115
107 118
107 120
107 129
107 131
107 136
107 141
107 142
107 150
107 154
107 156
107 164
107 176
107 189
107 191
107 192
107 196
107 198
107 204
107 213
107 215
107 224
107 230
107 235
107 237
107 248
108 1
108 19
108 22
108 25
108 28
108 31
108 33
108 34
108 35
108 44
108 49
108 52
108 54
108 69
108 91
108 95
108 101
108 105
108 108
108 109
108 112
108 121
108 131
108 135
108 138
108 142
108 144
108 147
108 148
108 149
108 150
108 155
108 163
108 169
108 170
108 174
108 176
108 179
108 182
108 189
108 197
108 201
108 203
108 206
108 207
108 208
108 210
108 213
108 216
108 217
108 224
108 244
109 3
109 9
109 10
109 14
109 17
109 19
109 33
109 36
109 38
109 40
109 41
109 44
109 46
109 50
109 62
109 64
109 67
109 78
109 79
109 87
109 91
109 92
109 100
109 114
109 124
109 125
109 129
109 145
109 150
109 151
109 152
109 153
109 156
109 169
109 171
109 176
109 177
109 181
109 187
109 192
109 197
109 205
109 213
109 214
109 223
109 226
109 234
109 245
110 1
110 9
110 18
110 36
110 37
110 39
110 41
110 42
110 56
110 57
110 64
110 68
110 70
110 74
110 90
110 92
110 101
110 105
110 112
110 115
110 123
110 128
110 132
110 140
110 142
110 153
110 157
110 162
110 164
110 168
110 170
110 173
110 174
110 177
110 182
110 184
110 201
110 202
110 203
110 220
110 225
110 226
110 227
110 228
110 235
110 239
110 244
110 245
111 10
111 18
111 24
111 26
111 28
111 29
111 31
111 41
111 45
111 48
111 49
111 56
111 69
111 70
111 89
111 91
111 94
111 97
111 108
111 111
111 115
111 119
111 120
111 129
111 130
111 132
111 135
111 144
111 147
111 148
111 155
111 161
111 170
111 171
111 175
111 176
111 182
111 184
111 185
111 189
111 190
111 192
111 195
111 197
111 198
111 200
111 202
111 207
111 211
111 216
111 217
111 218
111 228
111 235
111 242
112 10
112 11
112 14
112 25
112 32
112 52
112 58
112 69
112 73
112 81
112 87
112 91
112 95
112 103
112 105
112 107
112 112
112 113
112 118
112 125
112 130
112 139
112 146
112 150
112 155
112 158
112 164
112 165
112 166
112 167
112 169
112 172
112 176
112 179
112 187
112 188
112 190
112 197
112 211
112 215
112 220
112 224
112 233
112 244
112 247
113 9
113 12
113 18
113 19
113 24
113 42
113 48
113 53
113 65
113 74
113 82
113 83
113 93
113 99
113 103
113 105
113 112
113 113
113 128
113 130
113 133
113 136
113 149
113 154
113 157
113 158
113 173
113 183
113 184
113 190
113 197
113 202
113 203
113 209
113 210
113 211
113 214
113 223
113 229
113 232
113 236
113 245
113 249
114 7
114 12
114 13
114 27
114 35
114 38
114 54
114 64
114 65
114 73
114 74
114 80
114 97
114 98
114 109
114 110
114 112
114 122
114 129
114 135
114 142
114 154
114 163
114 165
114 167
114 177
114 179
114 183
114 184
114 188
114 215
114 221
114 226
114 228
114 231
114 233
114 236
114 242
114 243
114 245
114 248
115 4
115 19
115 22
115 27
115 29
115 30
115 40
115 47
115 49
115 56
115 66
115 69
115 71
115 79
115 81
115 86
115 87
115 93
115 104
115 105
115 106
115 108
115 111
115 112
115 114
115 115
115 120
115 124
115 126
115 128
115 130
115 134
115 137
115 138
115 141
115 143
115 145
115 166
115 168
115 177
115 183
115 187
115 202
115 206
115 210
115 218
115 219
115 220
115 227
115 234
115 235
115 236
116 2
116 3
116 9
116 14
116 17
116 26
116 37
116 49
116 51
116 53
116 54
116 57
116 60
116 76
116 83
116 88
116 92
116 104
116 106
116 119
116 127
116 134
116 147
116 151
116 156
116 160
116 161
116 162
116 166
116 167
116 178
116 200
116 201
116 203
116 205
116 213
116 217
116 220
116 226
116 228
116 236
116 241
116 243
116 245
117 7
117 15
117 18
117 19
117 20
117 26
117 27
117 28
117 39
117 50
117 51
117 52
117 54
117 56
117 60
117 65
117 67
117 69
117 70
117 72
117 73
117 82
117 90
117 98
117 105
117 107
117 124
117 126
117 134
117 139
117 140
117 142
117 146
117 147
117 150
117 155
117 160
117 162
117 166
117 174
117 176
117 178
117 186
117 188
117 191
117 193
117 204
117 207
117 215
117 221
117 236
117 239
117 243
117 250
118 3
118 5
118 7
118 8
118 12
118 22
118 25
118 32
118 37
118 40
118 44
118 55
118 56
118 72
118 78
118 87
118 89
118 90
118 106
118 117
118 132
118 133
118 134
118 140
118 145
118 148
118 149
118 152
118 153
118 156
118 160
118 168
118 187
118 200
118 205
118 207
118 220
118 224
118 228
118 229
118 238
118 242
118 247
118 250
119 3
119 6
119 10
119 23
119 26
119 30
119 40
119 47
119 49
119 55
119 56
119 64
119 68
119 87
119 90
119 91
119 93
119 103
119 104
119 105
119 107
119 109
119 111
119 115
119 118
119 125
119 127
119 128
119 134
119 136
119 149
119 160
119 179
119 182
119 190
119 191
119 193
119 197
119 198
119 204
119 220
119 232
119 238
119 244
119 247
119 249
120 2
120 4
120 5
120 11
120 19
120 28
120 35
120 36
120 48
120 50
120 58
120 61
120 69
120 77
120 79
120 89
120 99
120 103
120 105
120 108
120 109
120 111
120 113
120 118
120 126
120 130
120 135
120 139
120 141
120 150
120 151
120 152
120 154
120 159
120 162
120 163
120 167
120 175
120 178
120 182
120 184
120 186
120 196
120 197
120 200
120 202
120 206
120 213
120 216
120 226
120 233
120 234
120 240
120 243
121 2
121 5
121 12
121 14
121 16
121 18
121 31
121 38
121 65
121 66
121 74
121 86
121 87
121 92
121 116
121 119
121 120
121 124
121 125
121 126
121 132
121 134
121 141
121 143
121 145
121 153
121 163
121 164
121 168
121 171
121 173
121 184
121 192
121 208
121 211
121 214
121 227
121 234
121 238
121 241
121 246
121 250
122 11
122 12
122 13
122 21
122 28
122 35
122 38
122 44
122 45
122 46
122 52
122 57
122 58
122 61
122 65
122 66
122 69
122 72
122 75
122 79
122 83
122 84
122 89
122 91
122 98
122 103
122 110
122 114
122 115
122 120
122 121
122 131
122 133
122 138
122 140
122 145
122 146
122 149
122 151
122 164
122 167
122 176
122 177
122 188
122 192
122 194
122 196
122 205
122 223
122 233
122 235
122 236
122 237
122 238
122 240
122 243
122 244
122 246
123 3
123 20
123 22
123 39
123 45
123 48
123 56
123 58
123 61
123 68
123 71
123 74
123 88
123 112
123 113
123 114
123 119
123 140
123 141
123 151
123 159
123 160
123 167
123 181
123 184
123 186
123 190
123 194
123 197
123 200
123 205
123 206
123 213
123 214
123 223
123 227
123 230
123 237
123 239
123 242
123 245
124 3
124 4
124 6
124 13
124 15
124 30
124 41
124 43
124 47
124 49
124 57
124 60
124 61
124 68
124 74
124 79
124 80
124 90
124 92
124 119
124 127
124 139
124 141
124 145
124 147
124 149
124 150
124 157
124 167
124 172
124 174
124 176
124 180
124 181
124 193
124 194
124 198
124 200
124 202
124 205
124 210
124 215
124 220
124 226
124 227
124 233
124 237
125 13
125 23
125 24
125 43
125 44
125 45
125 49
125 50
125 66
125 67
125 76
125 94
125 97
125 100
125 104
125 107
125 111
125 118
125 125
125 132
125 139
125 142
125 147
125 151
125 155
125 157
125 158
125 159
125 164
125 167
125 169
125 171
125 176
125 179
125 180
125 183
125 186
125 191
125 192
125 194
125 208
125 209
125 211
125 212
125 214
125 222
125 225
125 229
125 230
125 250
126 6
126 11
126 20
126 23
126 24
126 25
126 27
126 28
126 40
126 42
126 43
126 45
126 47
126 49
126 50
126 59
126 75
126 76
126 80
126 81
126 107
126 112
126 119
126 123
126 126
126 130
126 142
126 143
126 164
126 165
126 167
126 171
126 177
126 182
126 192
126 193
126 197
126 200
126 205
126 208
126 209
126 213
126 216
126 219
126 228
126 229
126 237
126 244
126 250
127 15
127 17
127 18
127 27
127 31
127 48
127 61
127 63
127 66
127 77
127 81
127 82
127 90
127 93
127 97
127 103
127 115
127 116
127 125
127 129
127 135
127 148
127 149
127 167
127 169
127 173
127 177
127 185
127 192
127 194
127 198
127 199
127 203
127 207
127 208
127 212
127 216
127 224
127 240
127 247
128 7
128 11
128 23
128 25
128 31
128 65
128 66
128 69
128 80
128 81
128 83
128 100
128 101
128 108
128 109
128 111
128 112
128 121
128 125
128 126
128 127
128 128
128 132
128 140
128 141
128 144
128 149
128 158
128 159
128 164
128 165
128 168
128 171
128 172
128 180
128 183
128 188
128 193
128 195
128 202
128 208
128 211
128 212
128 214
128 220
128 230
128 236
128 247
129 1
129 2
129 6
129 8
129 12
129 15
129 19
129 23
129 44
129 46
129 49
129 59
129 62
129 71
129 82
129 83
129 101
129 106
129 108
129 110
129 117
129 119
129 120
129 121
129 122
129 125
129 131
129 133
129 134
129 136
129 137
129 142
129 146
129 149
129 151
129 152
129 153
129 157
129 159
129 162
129 165
129 170
129 175
129 186
129 187
129 203
129 204
129 215
129 222
129 230
129 232
129 233
129 235
129 250
130 8
130 20
130 32
130 37
130 42
130 50
130 51
130 53
130 60
130 63
130 65
130 69
130 72
130 77
130 78
130 82
130 87
130 99
130 100
130 115
130 121
130 123
130 125
130 126
130 136
130 142
130 151
130 180
130 196
130 200
130 216
130 219
130 223
130 230
130 231
130 233
130 234
130 235
131 5
131 8
131 19
131 22
131 35
131 38
131 46
131 50
131 57
131 59
131 62
131 66
131 70
131 71
131 76
131 79
131 81
131 85
131 87
131 88
131 92
131 95
131 97
131 111
131 114
131 122
131 123
131 132
131 142
131 143
131 148
131 153
131 154
131 164
131 167
131 174
131 178
131 191
131 192
131 195
131 207
131 212
131 214
131 221
131 230
131 232
131 238
131 244
132 3
132 9
132 23
132 24
132 29
132 30
132 34
132 37
132 38
132 45
132 47
132 50
132 56
132 68
132 71
132 74
132 80
132 89
132 92
132 95
132 102
132 104
132 105
132 112
132 122
132 124
132 130
132 132
132 133
132 135
132 142
132 148
132 154
132 163
132 164
132 165
132 168
132 187
132 190
132 193
132 197
132 199
132 206
132 208
132 211
132 214
132 224
132 226
132 227
132 231
132 232
132 237
132 242
132 243
133 12
133 17
133 22
133 23
133 26
133 40
133 46
133 48
133 54
133 60
133 66
133 69
133 75
133 78
133 79
133 90
133 101
133 102
133 110
133 111
133 116
133 123
133 129
133 131
133 139
133 149
133 152
133 156
133 161
133 166
133 174
133 176
133 186
133 187
133 188
133 197
133 198
133 203
133 210
133 216
133 219
133 224
133 228
133 237
133 244
133 245
133 249
133 250
134 4
134 5
134 10
134 18
134 20
134 22
134 24
134 27
134 31
134 32
134 34
134 41
134 44
134 49
134 50
134 56
134 58
134 60
134 66
134 70
134 81
134 83
134 91
134 95
134 97
134 99
134 126
134 137
134 138
134 145
134 147
134 155
134 159
134 166
134 170
134 171
134 184
134 187
134 188
134 191
134 199
134 201
134 206
134 207
134 211
134 221
134 222
134 243
134 244
134 246
135 3
135 10
135 12
135 30
135 46
135 53
135 58
135 72
135 84
135 87
135 93
135 95
135 96
135 98
135 99
135 105
135 111
135 116
135 117
135 119
135 134
135 144
135 145
135 146
135 161
135 174
135 189
135 208
135 220
135 234
135 237
135 241
135 243
135 245
135 247
136 3
136 8
136 9
136 13
136 17
136 23
136 26
136 29
136 38
136 39
136 47
136 49
136 53
136 57
136 58
136 65
136 71
136 77
136 78
136 79
136 82
136 83
136 84
136 85
136 87
136 88
136 90
136 94
136 113
136 117
136 118
136 120
136 123
136 125
136 138
136 139
136 154
136 155
136 156
136 157
136 159
136 161
136 168
136 173
136 187
136 198
136 208
136 219
136 221
136 222
136 226
136 240
136 244
137 6
137 10
137 13
137 21
137 28
137 32
137 34
137 41
137 43
137 46
137 49
137 56
137 60
137 61
137 63
137 64
137 68
137 76
137 83
137 85
137 94
137 115
137 124
137 126
137 128
137 131
137 132
137 139
137 147
137 150
137 158
137 163
137 173
137 174
137 189
137 193
137 200
137 209
137 223
137 227
137 233
137 236
137 248
138 1
138 3
138 6
138 21
138 23
138 25
138 28
138 29
138 31
138 50
138 52
138 61
138 62
138 63
138 83
138 84
138 87
138 92
138 99
138 105
138 107
138 108
138 123
138 126
138 128
138 133
138 142
138 148
138 157
138 158
138 161
138 166
138 167
138 169
138 173
138 178
138 184
138 190
138 191
138 194
138 199
138 204
138 205
138 215
138 216
138 223
138 225
138 229
138 231
138 232
138 237
138 239
138 243
138 246
138 247
139 6
139 15
139 16
139 17
139 22
139 35
139 37
139 39
139 44
139 45
139 61
139 65
139 66
139 82
139 85
139 89
139 90
139 96
139 100
139 108
139 110
139 116
139 119
139 124
139 136
139 141
139 145
139 147
139 152
139 158
139 159
139 161
139 170
139 174
139 177
139 179
139 187
139 189
139 200
139 225
139 230
139 232
139 233
139 240
139 248
140 2
140 4
140 10
140 18
140 25
140 30
140 33
140 34
140 37
140 40
140 43
140 45
140 52
140 59
140 61
140 72
140 74
140 76
140 81
140 83
140 84
140 101
140 102
140 125
140 126
140 132
140 134
140 135
140 137
140 146
140 147
140 151
140 152
140 157
140 159
140 166
140 167
140 168
140 170
140 171
140 178
140 183
140 184
140 190
140 199
140 200
140 213
140 221
140 234
140 235
140 244
140 245
140 249
140 250
141 2
141 7
141 10
141 14
141 15
141 21
141 36
141 39
141 43
141 48
141 51
141 53
141 55
141 56
141 66
141 69
141 70
141 71
141 73
141 78
141 85
141 93
141 94
141 97
141 98
141 100
141 101
141 105
141 109
141 110
141 115
141 117
141 118
141 123
141 124
141 131
141 132
141 137
141 140
141 146
141 148
141 150
141 153
141 155
141 163
141 180
141 183
141 188
141 201
141 204
141 215
141 219
141 224
141 226
141 227
141 228
141 229
141 230
141 231
141 233
142 8
142 15
142 19
142 21
142 26
142 42
142 54
142 55
142 77
142 80
142 86
142 90
142 93
142 95
142 96
142 97
142 99
142 100
142 103
142 104
142 112
142 116
142 120
142 121
142 131
142 143
142 153
142 154
142 161
142 162
142 166
142 171
142 175
142 176
142 177
142 178
142 181
142 195
142 212
142 215
142 220
142 223
142 237
142 238
142 240
142 241
142 246
142 250
143 7
143 8
143 12
143 26
143 34
143 38
143 43
143 45
143 46
143 51
143 53
143 59
143 65
143 66
143 67
143 74
143 78
143 79
143 80
143 89
143 90
143 91
143 101
143 108
143 113
143 115
143 116
143 117
143 118
143 121
143 122
143 124
143 131
143 151
143 153
143 161
143 165
143 166
143 170
143 171
143 176
143 179
143 182
143 188
143 189
143 191
143 192
143 194
143 203
143 204
143 207
143 209
143 214
143 217
143 221
143 224
143 247
143 249
144 4
144 13
144 17
144 18
144 21
144 23
144 30
144 32
144 37
144 43
144 44
144 45
144 50
144 51
144 52
144 55
144 56
144 61
144 64
144 74
144 78
144 79
144 82
144 83
144 90
144 93
144 95
144 105
144 113
144 122
144 128
144 130
144 132
144 133
144 139
144 142
144 153
144 158
144 176
144 180
144 181
144 183
144 191
144 192
144 198
144 199
144 202
144 208
144 210
144 212
144 217
144 218
144 225
144 230
144 241
144 242
145 11
145 19
145 25
145 33
145 35
145 39
145 40
145 48
145 56
145 57
145 61
145 65
145 67
145 69
145 76
145 79
145 82
145 110
145 111
145 114
145 121
145 123
145 127
145 137
145 149
145 151
145 162
145 170
145 171
145 173
145 181
145 192
145 196
145 197
145 227
145 236
145 238
145 245
146 2
146 6
146 8
146 9
146 12
146 19
146 20
146 21
146 32
146 37
146 40
146 42
146 49
146 53
146 57
146 58
146 61
146 77
146 78
146 81
146 83
146 94
146 97
146 100
146 102
146 103
146 104
146 105
146 106
146 114
146 118
146 125
146 127
146 128
146 130
146 134
146 141
146 143
146 144
146 145
146 147
146 150
146 156
146 157
146 161
146 175
146 177
146 183
146 186
146 191
146 219
146 222
146 224
146 226
146 239
146 242
147 1
147 7
147 9
147 10
147 12
147 13
147 20
147 25
147 28
147 30
147 36
147 37
147 42
147 45
147 50
147 51
147 52
147 53
147 55
147 56
147 57
147 59
147 60
147 72
147 74
147 78
147 81
147 84
147 88
147 94
147 96
147 97
147 104
147 111
147 114
147 115
147 118
147 123
147 128
147 141
147 145
147 146
147 162
147 166
147 170
147 171
147 175
147 191
147 199
147 200
147 206
147 213
147 215
147 219
147 220
147 222
147 224
147 237
147 238
147 240
148 1
148 5
148 6
148 14
148 16
148 22
148 23
148 25
148 33
148 36
148 45
148 47
148 49
148 52
148 57
148 58
148 62
148 73
148 78
148 83
148 87
148 89
148 91
148 100
148 101
148 104
148 110
148 115
148 123
148 125
148 135
148 136
148 139
148 140
148 142
148 146
148 149
148 153
148 160
148 162
148 163
148 167
148 173
148 181
148 186
148 187
148 188
148 191
148 204
148 205
148 207
148 211
148 213
148 214
148 217
148 224
148 225
148 230
148 235
148 245
149 4
149 12
149 17
149 18
149 38
149 42
149 44
149 49
149 60
149 70
149 79
149 83
149 85
149 87
149 89
149 94
149 97
149 100
149 103
149 105
149 116
149 124
149 125
149 128
149 144
149 153
149 163
149 186
149 187
149 188
149 191
149 203
149 206
149 210
149 211
149 218
149 219
149 222
149 223
149 226
149 228
149 229
149 232
149 237
149 245
149 249
150 4
150 12
150 20
150 37
150 39
150 41
150 42
150 43
150 46
150 47
150 52
150 62
150 70
150 82
150 87
150 89
150 92
150 94
150 97
150 106
150 117
150 133
150 135
150 136
150 144
150 148
150 153
150 158
150 171
150 175
150 177
150 178
150 187
150 190
150 192
150 198
150 201
150 208
150 209
150 213
150 227
150 240
150 242
150 247
150 250
151 10
151 21
151 23
151 26
151 28
151 29
151 53
151 56
151 57
151 63
151 75
151 81
151 89
151 91
151 111
151 112
151 119
151 123
151 124
151 127
151 129
151 134
151 152
151 154
151 160
151 164
151 165
151 166
151 167
151 169
151 176
151 179
151 182
151 194
151 199
151 202
151 204
151 212
151 213
151 216
151 219
151 220
151 233
151 237
151 239
151 242
151 248
152 4
152 5
152 16
152 20
152 23
152 26
152 30
152 37
152 41
152 49
152 58
152 60
152 66
152 69
152 74
152 78
152 83
152 86
152 87
152 95
152 102
152 112
152 122
152 123
152 136
152 144
152 147
152 149
152 155
152 159
152 165
152 175
152 179
152 183
152 193
152 195
152 196
152 206
152 207
152 208
152 209
152 212
152 215
152 220
152 222
152 229
152 249
152 250
153 3
153 7
153 9
153 15
153 31
153 34
153 38
153 40
153 41
153 42
153 52
153 55
153 56
153 66
153 71
153 76
153 82
153 84
153 88
153 93
153 99
153 127
153 128
153 129
153 132
153 138
153 139
153 153
153 156
153 167
153 172
153 175
153 177
153 193
153 195
153 196
153 199
153 204
153 205
153 211
153 217
153 224
153 235
153 237
153 238
153 244
154 10
154 39
154 46
154 49
154 52
154 53
154 58
154 60
154 62
154 64
154 68
154 74
154 78
154 80
154 81
154 83
154 90
154 93
154 95
154 96
154 98
154 104
154 114
154 117
154 118
154 121
154 124
154 130
154 136
154 137
154 144
154 153
154 156
154 157
154 162
154 165
154 174
154 175
154 181
154 182
154 184
154 188
154 199
154 204
154 206
154 207
154 208
154 224
154 234
154 235
154 246
155 1
155 2
155 10
155 13
155 16
155 19
155 23
155 24
155 25
155 26
155 32
155 33
155 37
155 38
155 51
155 56
155 62
155 75
155 82
155 83
155 86
155 88
155 94
155 96
155 106
155 110
155 113
155 117
155 121
155 124
155 125
155 128
155 142
155 143
155 158
155 161
155 166
155 168
155 172
155 177
155 189
155 190
155 201
155 208
155 211
155 212
155 217
155 219
155 226
155 230
155 234
155 236
155 240
155 243
155 246
155 250
156 10
156 14
156 18
156 20
156 21
156 28
156 30
156 42
156 44
156 50
156 56
156 58
156 64
156 67
156 70
156 82
156 84
156 90
156 93
156 94
156 97
156 100
156 101
156 104
156 112
156 116
156 117
156 120
156 124
156 125
156 129
156 140
156 150
156 166
156 170
156 171
156 183
156 187
156 189
156 192
156 195
156 197
156 204
156 212
156 228
156 244
156 248
157 1
157 8
157 11
157 16
157 19
157 24
157 29
157 31
157 38
157 62
157 66
157 69
157 70
157 76
157 87
157 93
157 102
157 108
157 109
157 113
157 122
157 126
157 128
157 136
157 137
157 139
157 140
157 141
157 144
157 153
157 155
157 160
157 161
157 171
157 173
157 174
157 178
157 182
157 188
157 191
157 192
157 206
157 209
157 210
157 211
157 214
157 215
157 222
157 231
157 235
157 239
157 245
158 6
158 8
158 9
158 11
158 16
158 17
158 19
158 23
158 25
158 28
158 42
158 50
158 51
158 54
158 58
158 61
158 62
158 69
158 72
158 81
158 91
158 107
158 113
158 119
158 127
158 129
158 131
158 136
158 138
158 143
158 144
158 148
158 149
158 157
158 158
158 159
158 166
158 169
158 179
158 184
158 192
158 193
158 199
158 200
158 209
158 210
158 211
158 212
158 213
158 218
158 224
158 229
158 230
158 232
158 245
158 249
159 1
159 2
159 3
159 14
159 33
159 35
159 40
159 48
159 54
159 60
159 63
159 67
159 68
159 82
159 83
159 91
159 93
159 96
159 102
159 109
159 110
159 114
159 116
159 122
159 125
159 127
159 135
159 139
159 145
159 146
159 148
159 151
159 155
159 160
159 163
159 164
159 171
159 175
159 181
159 186
159 199
159 206
159 222
159 224
159 226
159 231
159 232
159 236
159 237
159 240
159 247
159 250
160 5
160 10
160 19
160 33
160 35
160 39
160 48
160 59
160 60
160 67
160 77
160 78
160 84
160 93
160 107
160 110
160 118
160 142
160 145
160 146
160 147
160 148
160 152
160 156
160 158
160 160
160 166
160 167
160 171
160 178
160 182
160 185
160 187
160 189
160 191
160 192
160 199
160 201
160 205
160 206
160 210
160 215
160 218
160 220
161 3
161 4
161 7
161 10
161 13
161 14
161 17
161 23
161 26
161 28
161 33
161 34
161 35
161 49
161 58
161 62
161 68
161 75
161 77
161 81
161 85
161 95
161 97
161 104
161 113
161 115
161 127
161 132
161 134
161 135
161 136
161 139
161 141
161 144
161 148
161 151
161 156
161 160
161 161
161 162
161 164
161 165
161 172
161 177
161 188
161 191
161 202
161 226
161 234
162 16
162 18
162 20
162 23
162 29
162 36
162 42
162 44
162 46
162 58
162 60
162 69
162 71
162 76
162 83
162 85
162 96
162 101
162 108
162 116
162 122
162 123
162 130
162 138
162 141
162 148
162 156
162 158
162 161
162 162
162 169
162 171
162 174
162 175
162 176
162 177
162 178
162 182
162 183
162 201
162 204
162 212
162 242
163 3
163 4
163 5
163 8
163 15
163 25
163 30
163 42
163 49
163 61
163 66
163 69
163 80
163 81
163 83
163 94
163 96
163 97
163 111
163 115
163 117
163 127
163 150
163 151
163 161
163 178
163 181
163 184
163 197
163 200
163 203
163 210
163 226
163 228
163 230
163 234
163 236
163 243
163 245
163 247
164 4
164 24
164 31
164 36
164 43
164 47
164 49
164 53
164 66
164 67
164 69
164 74
164 76
164 79
164 87
164 90
164 92
164 106
164 111
164 113
164 124
164 129
164 134
164 144
164 148
164 149
164 153
164 159
164 162
164 163
164 176
164 179
164 184
164 187
164 209
164 210
164 237
164 246
164 250
165 1
165 11
165 17
165 19
165 27
165 34
165 41
165 45
165 52
165 55
165 68
165 69
165 70
165 71
165 77
165 80
165 81
165 85
165 87
165 91
165 101
165 105
165 106
165 111
165 113
165 114
165 119
165 121
165 124
165 129
165 130
165 143
165 153
165 164
165 165
165 173
165 185
165 187
165 192
165 193
165 202
165 206
165 208
165 209
165 219
165 220
165 222
165 233
165 236
165 240
165 245
166 3
166 9
166 15
166 20
166 21
166 26
166 28
166 36
166 37
166 44
166 50
166 59
166 64
166 68
166 70
166 72
166 76
166 80
166 83
166 90
166 91
166 109
166 110
166 111
166 122
166 126
166 133
166 155
166 158
166 161
166 164
166 166
166 171
166 177
166 178
166 184
166 193
166 204
166 222
166 225
166 233
166 235
166 236
166 241
166 250
167 3
167 7
167 13
167 15
167 20
167 26
167 28
167 39
167 44
167 47
167 55
167 59
167 60
167 68
167 72
167 78
167 80
167 82
167 87
167 89
167 91
167 100
167 105
167 108
167 114
167 117
167 126
167 128
167 136
167 138
167 142
167 156
167 158
167 163
167 171
167 185
167 191
167 192
167 201
167 209
167 213
167 220
167 224
167 230
167 234
167 235
167 245
168 10
168 13
168 15
168 21
168 24
168 26
168 36
168 42
168 47
168 49
168 52
168 54
168 55
168 56
168 58
168 65
168 71
168 74
168 76
168 92
168 110
168 112
168 113
168 115
168 117
168 135
168 140
168 141
168 144
168 147
168 148
168 150
168 151
168 153
168 154
168 157
168 162
168 165
168 169
168 171
168 173
168 175
168 181
168 183
168 185
168 188
168 200
168 203
168 213
168 225
168 226
168 231
168 235
168 242
168 248
169 3
169 12
169 14
169 15
169 27
169 32
169 34
169 36
169 40
169 42
169 44
169 50
169 51
169 52
169 53
169 55
169 57
169 68
169 71
169 75
169 76
169 82
169 89
169 92
169 96
169 105
169 111
169 112
169 116
169 121
169 122
169 123
169 126
169 127
169 139
169 142
169 144
169 145
169 153
169 154
169 155
169 160
169 164
169 176
169 181
169 188
169 198
169 200
169 204
169 205
169 210
169 217
169 220
169 223
169 232
169 235
169 243
169 245
169 249
170 2
170 7
170 13
170 14
170 23
170 33
170 36
170 38
170 39
170 40
170 44
170 50
170 52
170 62
170 63
170 65
170 72
170 79
170 83
170 87
170 94
170 106
170 110
170 124
170 127
170 139
170 143
170 150
170 157
170 158
170 159
170 165
170 167
170 175
170 178
170 180
170 188
170 195
170 201
170 204
170 207
170 208
170 211
170 215
170 220
170 222
170 227
170 245
170 246
171 4
171 5
171 10
171 11
171 13
171 16
171 22
171 29
171 31
171 46
171 47
171 56
171 65
171 71
171 72
171 76
171 78
171 82
171 91
171 98
171 114
171 116
171 117
171 143
171 144
171 153
171 154
171 155
171 158
171 167
171 174
171 190
171 193
171 205
171 207
171 212
171 222
171 230
171 236
171 248
171 249
172 4
172 5
172 11
172 16
172 18
172 21
172 22
172 27
172 56
172 60
172 66
172 67
172 85
172 87
172 97
172 105
172 121
172 123
172 126
172 136
172 140
172 142
172 146
172 149
172 151
172 154
172 155
172 157
172 163
172 166
172 167
172 172
172 179
172 180
172 183
172 187
172 193
172 195
172 196
172 198
172 202
172 206
172 207
172 211
172 216
172 221
172 225
172 226
172 229
172 240
172 242
172 245
172 250
173 7
173 15
173 20
173 21
173 23
173 38
173 39
173 42
173 64
173 68
173 71
173 76
173 77
173 87
173 91
173 92
173 100
173 102
173 111
173 122
173 128
173 132
173 139
173 142
173 145
173 146
173 147
173 148
173 149
173 151
173 158
173 162
173 172
173 176
173 178
173 179
173 186
173 192
173 194
173 195
173 198
173 200
173 205
173 209
173 213
173 214
173 219
173 221
173 226
173 233
173 236
173 238
173 241
173 242
173 243
173 245
173 248
173 250
174 4
174 6
174 9
174 14
174 15
174 18
174 19
174 23
174 33
174 35
174 38
174 39
174 56
174 59
174 69
174 71
174 73
174 76
174 77
174 82
174 86
174 87
174 92
174 103
174 111
174 115
174 122
174 131
174 133
174 136
174 138
174 141
174 142
174 159
174 160
174 167
174 171
174 175
174 177
174 179
174 180
174 185
174 192
174 194
174 196
174 205
174 207
174 208
174 209
174 229
174 231
174 236
174 241
174 242
174 243
174 245
174 248
174 249
174 250
175 7
175 14
175 15
175 24
175 25
175 45
175 50
175 51
175 54
175 59
175 61
175 62
175 66
175 71
175 75
175 80
175 81
175 86
175 92
175 95
175 103
175 125
175 126
175 128
175 138
175 144
175 149
175 150
175 155
175 156
175 159
175 163
175 167
175 172
175 173
175 177
175 188
175 202
175 205
175 220
175 225
175 231
175 242
175 249
176 1
176 23
176 29
176 32
176 44
176 47
176 48
176 49
176 53
176 59
176 63
176 75
176 76
176 78
176 82
176 92
176 99
176 109
176 114
176 120
176 135
176 155
176 161
176 163
176 170
176 177
176 181
176 186
176 187
176 188
176 196
176 210
176 243
176 244
177 2
177 4
177 5
177 9
177 10
177 14
177 19
177 24
177 37
177 39
177 41
177 42
177 47
177 48
177 51
177 52
177 55
177 65
177 67
177 70
177 73
177 75
177 85
177 98
177 102
177 105
177 112
177 120
177 125
177 130
177 131
177 134
177 135
177 144
177 145
177 155
177 170
177 171
177 177
177 179
177 181
177 183
177 189
177 192
177 214
177 217
177 238
177 244
178 9
178 13
178 20
178 23
178 28
178 37
178 38
178 48
178 49
178 51
178 56
178 70
178 73
178 81
178 83
178 85
178 101
178 107
178 115
178 127
178 131
178 133
178 141
178 149
178 155
178 156
178 192
178 194
178 196
178 213
178 216
178 217
178 218
178 220
178 227
178 231
178 235
178 242
178 243
179 3
179 4
179 15
179 18
179 23
179 28
179 41
179 56
179 57
179 62
179 73
179 75
179 83
179 91
179 97
179 100
179 103
179 104
179 107
179 112
179 123
179 124
179 128
179 142
179 149
179 152
179 163
179 169
179 174
179 183
179 188
179 190
179 196
179 205
179 212
179 227
179 229
179 231
179 234
179 238
179 240
180 1
180 2
180 3
180 4
180 5
180 7
180 8
180 15
180 32
180 33
180 42
180 43
180 45
180 52
180 61
180 68
180 76
180 78
180 80
180 86
180 104
180 107
180 111
180 113
180 117
180 134
180 137
180 138
180 139
180 146
180 148
180 161
180 170
180 172
180 205
180 206
180 210
180 215
180 220
180 225
180 229
180 231
180 238
180 240
180 247
181 4
181 6
181 13
181 14
181 21
181 26
181 30
181 32
181 36
181 42
181 50
181 61
181 69
181 70
181 72
181 81
181 83
181 85
181 86
181 88
181 91
181 99
181 100
181 104
181 112
181 115
181 116
181 117
181 123
181 132
181 137
181 139
181 148
181 157
181 165
181 169
181 176
181 179
181 189
181 190
181 195
181 197
181 207
181 210
181 212
181 213
181 219
181 220
181 222
181 228
181 229
181 230
181 236
181 240
181 242
182 1
182 7
182 8
182 18
182 20
182 29
182 31
182 37
182 39
182 47
182 54
182 55
182 59
182 60
182 66
182 69
182 72
182 74
182 76
182 84
182 89
182 93
182 94
182 97
182 103
182 111
182 114
182 128
182 129
182 131
182 132
182 133
182 138
182 147
182 150
182 155
182 163
182 172
182 175
182 179
182 183
182 187
182 190
182 193
182 201
182 203
182 208
182 229
182 230
182 235
182 237
182 244
183 5
183 6
183 12
183 13
183 22
183 24
183 39
183 43
183 46
183 50
183 51
183 69
183 71
183 87
183 92
183 95
183 100
183 103
183 105
183 109
183 110
183 112
183 114
183 118
183 121
183 125
183 126
183 134
183 135
183 139
183 148
183 154
183 159
183 162
183 163
183 172
183 182
183 183
183 185
183 186
183 187
183 190
183 197
183 200
183 210
183 213
183 229
183 242
183 245
183 247
184 3
184 21
184 22
184 25
184 27
184 30
184 31
184 39
184 45
184 46
184 47
184 54
184 59
184 67
184 75
184 85
184 90
184 92
184 100
184 104
184 118
184 129
184 136
184 139
184 144
184 145
184 146
184 158
184 162
184 177
184 180
184 182
184 186
184 193
184 194
184 196
184 197
184 203
184 209
184 223
184 224
184 227
184 232
184 236
184 242
184 244
185 20
185 24
185 28
185 35
185 36
185 49
185 56
185 57
185 68
185 75
185 78
185 81
185 83
185 85
185 86
185 90
185 96
185 98
185 105
185 106
185 110
185 111
185 114
185 120
185 123
185 125
185 128
185 134
185 137
185 138
185 144
185 148
185 153
185 158
185 165
185 178
185 182
185 184
185 187
185 192
185 198
185 201
185 207
185 209
185 212
185 216
185 224
185 230
185 232
185 236
185 240
185 244
185 250
186 3
186 5
186 7
186 8
186 10
186 15
186 16
186 17
186 19
186 21
186 25
186 32
186 39
186 40
186 41
186 43
186 53
186 61
186 62
186 64
186 66
186 71
186 72
186 78
186 81
186 94
186 96
186 98
186 110
186 118
186 120
186 121
186 124
186 127
186 133
186 137
186 138
186 140
186 142
186 144
186 147
186 163
186 165
186 166
186 172
186 174
186 177
186 178
186 187
186 188
186 194
186 200
186 207
186 216
186 235
186 242
186 250
187 9
187 17
187 25
187 44
187 48
187 49
187 55
187 60
187 68
187 70
187 76
187 78
187 106
187 107
187 108
187 121
187 123
187 126
187 139
187 140
187 142
187 144
187 147
187 153
187 156
187 159
187 161
187 168
187 172
187 177
187 178
187 179
187 190
187 193
187 194
187 197
187 198
187 199
187 201
187 202
187 203
187 209
187 210
187 215
187 217
187 219
187 224
187 225
187 229
187 230
187 233
187 244
187 249
188 9
188 12
188 22
188 23
188 26
188 27
188 36
188 39
188 41
188 42
188 49
188 59
188 63
188 67
188 74
188 79
188 83
188 85
188 97
188 104
188 108
188 115
188 121
188 125
188 128
188 129
188 132
188 133
188 135
188 143
188 145
188 147
188 154
188 166
188 174
188 181
188 183
188 185
188 195
188 200
188 208
188 210
188 225
188 226
188 227
188 228
188 232
188 236
189 10
189 15
189 18
189 27
189 29
189 33
189 38
189 41
189 44
189 45
189 51
189 54
189 66
189 90
189 104
189 105
189 111
189 125
189 127
189 128
189 133
189 144
189 145
189 159
189 160
189 161
189 170
189 171
189 173
189 174
189 177
189 183
189 199
189 202
189 212
189 216
189 220
189 236
189 237
189 241
190 3
190 5
190 11
190 12
190 37
190 40
190 43
190 48
190 51
190 57
190 61
190 66
190 71
190 86
190 89
190 96
190 97
190 103
190 105
190 107
190 124
190 125
190 126
190 130
190 139
190 142
190 146
190 150
190 151
190 152
190 155
190 163
190 167
190 175
190 180
190 182
190 185
190 188
190 190
190 200
190 209
190 218
190 222
190 224
190 227
190 229
190 244
190 246
190 247
190 248
191 4
191 6
191 7
191 9
191 22
191 24
191 29
191 36
191 41
191 48
191 51
191 53
191 57
191 66
191 80
191 81
191 83
191 85
191 89
191 90
191 107
191 111
191 115
191 124
191 131
191 138
191 153
191 158
191 169
191 174
191 191
191 194
191 196
191 199
191 205
191 206
191 207
191 211
191 212
191 213
191 214
191 231
191 239
192 13
192 22
192 25
192 27
192 33
192 35
192 36
192 40
192 42
192 44
192 46
192 51
192 53
192 60
192 62
192 64
192 66
192 69
192 80
192 88
192 96
192 97
192 99
192 106
192 108
192 109
192 117
192 124
192 132
192 144
192 145
192 147
192 148
192 153
192 155
192 156
192 158
192 159
192 162
192 164
192 166
192 175
192 179
192 185
192 188
192 192
192 193
192 194
192 199
192 201
192 202
192 203
192 207
192 208
192 214
192 217
192 219
192 220
192 243
193 5
193 6
193 17
193 20
193 23
193 24
193 34
193 38
193 48
193 61
193 62
193 66
193 67
193 69
193 71
193 76
193 87
193 88
193 96
193 97
193 102
193 104
193 107
193 113
193 117
193 123
193 124
193 134
193 154
193 155
193 163
193 169
193 170
193 171
193 173
193 177
193 183
193 187
193 189
193 199
193 203
193 207
193 225
193 229
193 235
193 241
194 3
194 7
194 14
194 17
194 27
194 38
194 41
194 43
194 45
194 51
194 63
194 66
194 71
194 83
194 85
194 88
194 96
194 101
194 104
194 108
194 125
194 130
194 134
194 147
194 154
194 158
194 159
194 168
194 175
194 182
194 186
194 187
194 190
194 199
194 201
194 202
194 209
194 210
194 211
194 213
194 220
194 221
194 222
194 224
194 226
194 228
194 231
194 233
194 243
194 248
194 250
195 4
195 5
195 8
195 24
195 26
195 27
195 30
195 34
195 37
195 39
195 41
195 53
195 57
195 59
195 62
195 65
195 74
195 79
195 80
195 87
195 93
195 100
195 102
195 107
195 118
195 127
195 134
195 137
195 140
195 144
195 149
195 162
195 163
195 172
195 176
195 179
195 180
195 181
195 182
195 189
195 191
195 195
195 201
195 202
195 207
195 215
195 216
195 218
195 220
195 222
195 226
195 230
195 233
195 236
195 238
195 240
195 242
195 245
195 246
195 247
195 249
196 1
196 8
196 13
196 14
196 20
196 29
196 30
196 40
196 42
196 44
196 50
196 51
196 52
196 59
196 60
196 63
196 67
196 69
196 74
196 76
196 78
196 93
196 110
196 114
196 119
196 129
196 134
196 136
196 140
196 150
196 152
196 154
196 155
196 161
196 164
196 167
196 172
196 173
196 177
196 183
196 186
196 188
196 190
196 192
196 194
196 201
196 214
196 215
196 217
196 225
196 238
196 239
197 3
197 4
197 22
197 23
197 25
197 29
197 30
197 34
197 42
197 51
197 56
197 59
197 68
197 69
197 73
197 77
197 79
197 87
197 88
197 89
197 93
197 97
197 101
197 102
197 107
197 108
197 110
197 115
197 116
197 122
197 130
197 147
197 149
197 151
197 154
197 161
197 162
197 163
197 167
197 168
197 194
197 206
197 211
197 219
197 222
197 226
197 228
197 231
197 233
197 237
197 244
197 247
197 248
198 3
198 11
198 14
198 15
198 19
198 23
198 28
198 30
198 35
198 37
198 40
198 64
198 66
198 68
198 69
198 84
198 90
198 91
198 95
198 99
198 112
198 117
198 123
198 130
198 131
198 136
198 142
198 153
198 160
198 162
198 163
198 164
198 166
198 167
198 168
198 170
198 178
198 180
198 182
198 183
198 192
198 195
198 199
198 207
198 208
198 218
198 228
198 234
198 244
198 249
198 250
199 4
199 8
199 11
199 12
199 14
199 15
199 19
199 25
199 29
199 39
199 48
199 49
199 52
199 54
199 55
199 58
199 59
199 67
199 81
199 90
199 91
199 99
199 101
199 104
199 113
199 115
199 127
199 129
199 134
199 136
199 137
199 139
199 143
199 146
199 150
199 167
199 173
199 175
199 184
199 194
199 195
199 199
199 210
199 212
199 219
199 220
199 221
199 228
199 230
199 233
199 236
199 238
199 239
199 242
199 244
199 248
200 3
200 11
200 14
200 21
200 22
200 23
200 27
200 33
200 36
200 40
200 41
200 53
200 61
200 67
200 69
200 76
200 88
200 91
200 104
200 112
200 116
200 120
200 131
200 135
200 139
200 148
200 156
200 164
200 165
200 167
200 180
200 188
200 189
200 192
200 195
200 202
200 218
200 222
200 235
200 243
200 250
201 3
201 5
201 7
201 8
201 18
201 26
201 29
201 34
201 56
201 58
201 70
201 74
201 76
201 80
201 84
201 96
201 104
201 109
201 115
201 120
201 121
201 122
201 126
201 129
201 130
201 145
201 146
201 164
201 170
201 173
201 183
201 185
201 186
201 196
201 210
201 211
201 216
201 219
201 229
201 234
201 240
201 243
201 246
201 248
202 14
202 20
202 26
202 29
202 41
202 43
202 44
202 49
202 51
202 52
202 53
202 54
202 59
202 66
202 71
202 73
202 74
202 75
202 78
202 102
202 106
202 115
202 118
202 134
202 135
202 141
202 144
202 146
202 165
202 167
202 168
202 171
202 172
202 174
202 175
202 180
202 188
202 190
202 195
202 200
202 201
202 202
202 203
202 214
202 215
202 218
202 222
202 224
202 230
202 233
202 235
202 240
202 244
202 247
202 249
203 1
203 3
203 11
203 12
203 15
203 16
203 18
203 19
203 20
203 22
203 28
203 36
203 39
203 42
203 43
203 46
203 50
203 55
203 66
203 72
203 74
203 89
203 90
203 91
203 96
203 97
203 101
203 106
203 108
203 112
203 113
203 115
203 118
203 119
203 123
203 129
203 133
203 139
203 143
203 146
203 153
203 170
203 174
203 178
203 180
203 181
203 182
203 192
203 195
203 197
203 201
203 202
203 206
203 209
203 211
203 212
203 214
203 235
203 238
204 2
204 3
204 10
204 18
204 19
204 20
204 21
204 24
204 27
204 32
204 41
204 44
204 45
204 51
204 53
204 58
204 63
204 66
204 75
204 89
204 90
204 94
204 108
204 109
204 110
204 113
204 117
204 123
204 126
204 129
204 144
204 145
204 146
204 154
204 159
204 169
204 170
204 171
204 178
204 179
204 190
204 192
204 216
204 226
204 230
204 235
204 236
204 249
205 2
205 3
205 9
205 17
205 22
205 26
205 33
205 35
205 50
205 51
205 53
205 54
205 56
205 58
205 64
205 67
205 70
205 74
205 77
205 83
205 89
205 90
205 104
205 105
205 113
205 115
205 116
205 134
205 136
205 140
205 141
205 144
205 154
205 155
205 174
205 180
205 184
205 193
205 202
205 210
205 215
205 220
205 222
205 223
205 225
205 226
205 230
205 233
205 235
205 243
206 10
206 11
206 13
206 14
206 20
206 25
206 26
206 39
206 42
206 47
206 49
206 52
206 55
206 57
206 63
206 75
206 84
206 88
206 100
206 108
206 111
206 134
206 138
206 144
206 145
206 148
206 159
206 162
206 169
206 170
206 177
206 178
206 180
206 184
206 185
206 186
206 187
206 194
206 197
206 198
206 203
206 205
206 215
206 219
206 222
206 231
206 234
206 235
206 242
206 248
207 4
207 14
207 16
207 19
207 27
207 29
207 31
207 38
207 42
207 43
207 45
207 46
207 52
207 56
207 58
207 59
207 63
207 70
207 79
207 88
207 92
207 94
207 97
207 100
207 104
207 105
207 107
207 109
207 111
207 113
207 123
207 124
207 128
207 129
207 131
207 143
207 147
207 150
207 152
207 153
207 161
207 164
207 167
207 177
207 181
207 189
207 196
207 198
207 200
207 203
207 211
207 219
207 231
207 237
207 241
207 242
207 243
207 244
208 7
208 10
208 14
208 23
208 25
208 31
208 46
208 63
208 85
208 92
208 93
208 107
208 118
208 121
208 124
208 132
208 134
208 135
208 141
208 154
208 157
208 168
208 172
208 173
208 174
208 176
208 184
208 187
208 189
208 194
208 196
208 197
208 202
208 210
208 211
208 223
208 224
208 226
208 234
208 240
208 241
208 244
209 3
209 5
209 9
209 13
209 14
209 20
209 24
209 29
209 33
209 40
209 41
209 43
209 51
209 53
209 57
209 58
209 66
209 70
209 75
209 78
209 81
209 83
209 87
209 96
209 104
209 109
209 111
209 114
209 121
209 127
209 128
209 150
209 151
209 161
209 162
209 164
209 170
209 173
209 177
209 182
209 184
209 185
209 189
209 191
209 193
209 198
209 201
209 206
209 209
209 212
209 216
209 220
209 221
209 224
209 229
209 231
210 1
210 5
210 6
210 14
210 16
210 17
210 23
210 26
210 29
210 48
210 58
210 59
210 66
210 72
210 79
210 84
210 85
210 90
210 95
210 102
210 104
210 106
210 108
210 114
210 115
210 121
210 123
210 125
210 127
210 141
210 148
210 149
210 152
210 168
210 174
210 182
210 184
210 191
210 193
210 199
210 204
210 205
210 208
210 209
210 210
210 212
210 216
210 230
210 235
210 246
211 8
211 12
211 13
211 26
211 28
211 29
211 38
211 46
211 47
211 61
211 65
211 68
211 76
211 81
211 83
211 84
211 87
211 92
211 93
211 95
211 98
211 101
211 102
211 104
211 105
211 113
211 127
211 131
211 138
211 143
211 149
211 155
211 158
211 162
211 164
211 165
211 166
211 167
211 184
211 188
211 190
211 191
211 192
211 195
211 199
211 204
211 210
211 213
211 216
211 217
211 219
211 231
211 235
211 247
212 3
212 9
212 26
212 42
212 45
212 53
212 54
212 72
212 80
212 83
212 84
212 86
212 89
212 98
212 105
212 109
212 113
212 119
212 127
212 129
212 133
212 138
212 141
212 142
212 147
212 149
212 155
212 158
212 163
212 164
212 166
212 176
212 178
212 189
212 190
212 197
212 202
212 206
212 216
212 228
212 230
212 232
212 236
213 9
213 12
213 14
213 17
213 30
213 36
213 38
213 41
213 54
213 63
213 67
213 76
213 78
213 79
213 83
213 96
213 115
213 120
213 121
213 129
213 137
213 141
213 146
213 147
213 148
213 157
213 163
213 170
213 171
213 176
213 180
213 181
213 189
213 205
213 214
213 225
213 226
213 232
213 235
213 237
213 241
213 244
213 250
214 5
214 6
214 8
214 13
214 14
214 23
214 28
214 33
214 46
214 49
214 50
214 61
214 65
214 69
214 77
214 78
214 83
214 84
214 86
214 89
214 93
214 97
214 100
214 101
214 103
214 111
214 115
214 116
214 117
214 120
214 132
214 133
214 152
214 170
214 178
214 179
214 183
214 187
214 192
214 197
214 202
214 207
214 212
214 217
214 228
214 241
215 3
215 13
215 14
215 18
215 19
215 24
215 32
215 33
215 43
215 44
215 48
215 52
215 56
215 57
215 62
215 64
215 66
215 67
215 89
215 91
215 103
215 104
215 105
215 106
215 116
215 117
215 119
215 120
215 121
215 127
215 135
215 137
215 138
215 139
215 140
215 141
215 146
215 151
215 154
215 158
215 163
215 167
215 169
215 170
215 173
215 180
215 181
215 183
215 201
215 207
215 211
215 218
215 220
215 223
215 234
215 243
216 1
216 5
216 10
216 15
216 22
216 32
216 33
216 39
216 43
216 46
216 47
216 49
216 50
216 52
216 54
216 64
216 69
216 70
216 75
216 90
216 99
216 107
216 111
216 116
216 117
216 119
216 121
216 125
216 126
216 148
216 152
216 161
216 177
216 179
216 180
216 186
216 188
216 196
216 205
216 208
216 211
216 216
216 220
216 222
216 233
216 236
216 243
217 6
217 8
217 9
217 11
217 14
217 15
217 21
217 22
217 24
217 27
217 35
217 39
217 53
217 54
217 55
217 58
217 64
217 71
217 74
217 76
217 77
217 82
217 98
217 100
217 103
217 107
217 109
217 110
217 112
217 116
217 120
217 128
217 146
217 154
217 157
217 159
217 160
217 163
217 168
217 176
217 180
217 184
217 185
217 190
217 191
217 198
217 200
217 211
217 215
217 220
217 223
217 227
217 230
217 234
217 236
217 238
217 240
217 250
218 2
218 5
218 13
218 18
218 21
218 26
218 39
218 44
218 48
218 55
218 67
218 73
218 77
218 84
218 87
218 127
218 129
218 147
218 149
218 150
218 154
218 171
218 174
218 178
218 181
218 187
218 194
218 195
218 201
218 202
218 211
218 221
218 222
218 223
218 224
218 230
218 231
218 232
218 233
218 234
218 238
218 242
219 12
219 14
219 16
219 17
219 18
219 21
219 26
219 27
219 31
219 39
219 44
219 47
219 57
219 59
219 76
219 79
219 85
219 86
219 91
219 93
219 96
219 100
219 103
219 107
219 119
219 123
219 127
219 139
219 149
219 151
219 156
219 158
219 159
219 160
219 162
219 166
219 171
219 176
219 177
219 179
219 183
219 185
219 188
219 192
219 194
219 202
219 206
219 220
219 226
219 229
219 235
219 240
219 245
220 8
220 9
220 13
220 19
220 26
220 29
220 33
220 34
220 39
220 43
220 49
220 62
220 67
220 69
220 70
220 72
220 77
220 83
220 95
220 98
220 105
220 107
220 109
220 125
220 137
220 156
220 161
220 164
220 166
220 174
220 178
220 185
220 197
220 198
220 205
220 206
220 215
220 217
220 219
220 220
220 225
220 238
220 239
220 247
221 10
221 11
221 17
221 26
221 29
221 43
221 44
221 46
221 49
221 56
221 69
221 71
221 77
221 90
221 94
221 95
221 103
221 108
221 111
221 119
221 121
221 140
221 153
221 159
221 160
221 174
221 184
221 185
221 192
221 203
221 209
221 228
221 233
221 237
221 238
222 8
222 10
222 13
222 15
222 21
222 22
222 28
222 39
222 41
222 43
222 45
222 64
222 67
222 84
222 87
222 89
222 91
222 92
222 94
222 96
222 98
222 99
222 102
222 108
222 109
222 112
222 121
222 122
222 127
222 132
222 137
222 142
222 154
222 156
222 157
222 165
222 169
222 173
222 175
222 177
222 180
222 181
222 194
222 198
222 200
222 202
222 222
222 225
222 226
222 231
222 236
222 240
222 241
222 245
223 2
223 3
223 4
223 5
223 13
223 20
223 22
223 30
223 31
223 40
223 42
223 50
223 59
223 63
223 66
223 69
223 73
223 77
223 78
223 86
223 90
223 93
223 95
223 98
223 103
223 105
223 114
223 115
223 116
223 117
223 123
223 124
223 133
223 136
223 140
223 147
223 148
223 155
223 159
223 164
223 167
223 168
223 170
223 171
223 174
223 184
223 192
223 210
223 211
223 215
223 216
223 223
223 228
223 230
223 232
223 250
224 3
224 6
224 9
224 10
224 17
224 24
224 46
224 54
224 57
224 58
224 60
224 65
224 67
224 68
224 72
224 77
224 80
224 98
224 99
224 104
224 109
224 115
224 116
224 126
224 127
224 132
224 133
224 135
224 137
224 139
224 149
224 152
224 161
224 164
224 168
224 173
224 175
224 176
224 178
224 190
224 191
224 192
224 193
224 197
224 200
224 202
224 210
224 211
224 236
224 240
224 245
224 247
225 7
225 8
225 9
225 11
225 14
225 37
225 42
225 46
225 52
225 53
225 56
225 57
225 59
225 76
225 88
225 90
225 92
225 96
225 100
225 110
225 117
225 121
225 122
225 126
225 129
225 131
225 136
225 141
225 150
225 151
225 153
225 154
225 158
225 161
225 178
225 180
225 191
225 197
225 198
225 207
225 213
225 214
225 216
225 227
225 234
225 240
225 244
225 247
225 248
225 250
226 1
226 5
226 8
226 15
226 16
226 34
226 35
226 39
226 42
226 43
226 50
226 54
226 55
226 60
226 62
226 63
226 67
226 72
226 75
226 76
226 79
226 82
226 87
226 91
226 94
226 98
226 102
226 107
226 113
226 124
226 129
226 132
226 137
226 141
226 148
226 151
226 154
226 161
226 167
226 177
226 178
226 188
226 193
226 194
226 199
226 208
226 216
226 217
226 246
226 248
226 249
227 1
227 2
227 6
227 10
227 15
227 18
227 27
227 29
227 30
227 32
227 43
227 48
227 51
227 53
227 56
227 57
227 66
227 69
227 71
227 78
227 84
227 86
227 89
227 99
227 110
227 111
227 112
227 127
227 136
227 140
227 141
227 142
227 146
227 156
227 158
227 160
227 161
227 166
227 181
227 200
227 204
227 205
227 212
227 213
227 219
227 224
227 228
227 232
227 244
227 248
227 249
228 7
228 9
228 14
228 22
228 24
228 25
228 29
228 34
228 41
228 47
228 49
228 59
228 61
228 64
228 66
228 83
228 87
228 94
228 107
228 116
228 121
228 127
228 129
228 132
228 135
228 149
228 150
228 170
228 172
228 174
228 177
228 182
228 185
228 186
228 194
228 199
228 200
228 202
228 205
228 208
228 211
228 212
228 216
228 217
228 220
228 225
228 231
228 235
228 236
228 237
228 241
229 3
229 14
229 18
229 21
229 36
229 39
229 48
229 50
229 55
229 58
229 65
229 69
229 74
229 95
229 98
229 106
229 108
229 113
229 117
229 121
229 124
229 127
229 132
229 133
229 138
229 139
229 152
229 156
229 160
229 161
229 167
229 177
229 180
229 183
229 184
229 190
229 195
229 196
229 197
229 198
229 203
229 204
229 209
229 215
229 221
229 225
229 226
229 227
229 233
230 4
230 5
230 6
230 9
230 12
230 15
230 16
230 23
230 26
230 29
230 30
230 32
230 50
230 53
230 56
230 60
230 61
230 65
230 78
230 79
230 87
230 103
230 105
230 108
230 126
230 133
230 137
230 138
230 144
230 148
230 152
230 160
230 162
230 177
230 184
230 187
230 205
230 206
230 207
230 208
230 209
230 214
230 223
230 230
230 239
230 242
231 1
231 5
231 8
231 10
231 12
231 14
231 23
231 26
231 30
231 36
231 39
231 42
231 52
231 61
231 66
231 70
231 71
231 72
231 74
231 75
231 77
231 83
231 84
231 86
231 90
231 91
231 99
231 108
231 117
231 122
231 124
231 128
231 133
231 135
231 138
231 149
231 150
231 151
231 153
231 154
231 159
231 161
231 165
231 166
231 167
231 170
231 174
231 184
231 193
231 195
231 214
231 216
231 217
231 218
231 222
231 228
231 229
231 230
231 237
232 16
232 19
232 21
232 26
232 27
232 29
232 39
232 65
232 69
232 82
232 83
232 97
232 103
232 106
232 112
232 117
232 118
232 121
232 123
232 126
232 127
232 132
232 133
232 138
232 140
232 142
232 148
232 151
232 152
232 158
232 164
232 169
232 170
232 179
232 191
232 196
232 201
232 208
232 209
232 211
232 215
232 218
232 224
232 226
232 228
232 230
232 235
232 236
232 240
232 241
233 6
233 13
233 19
233 24
233 29
233 39
233 40
233 43
233 52
233 54
233 55
233 56
233 59
233 62
233 65
233 66
233 72
233 81
233 87
233 90
233 100
233 106
233 120
233 127
233 128
233 133
233 135
233 142
233 143
233 144
233 155
233 164
233 177
233 179
233 180
233 187
233 195
233 200
233 203
233 205
233 206
233 218
233 220
233 224
233 228
233 232
233 234
233 240
233 242
233 244
233 248
234 4
234 9
234 14
234 17
234 18
234 20
234 29
234 35
234 39
234 40
234 41
234 51
234 59
234 68
234 72
234 74
234 78
234 80
234 86
234 89
234 92
234 95
234 97
234 99
234 107
234 114
234 115
234 122
234 124
234 128
234 129
234 132
234 135
234 138
234 139
234 141
234 142
234 148
234 156
234 160
234 171
234 185
234 186
234 195
234 207
234 211
234 214
234 215
234 220
234 224
234 241
234 242
234 243
234 244
234 245
235 3
235 4
235 6
235 8
235 14
235 31
235 34
235 38
235 44
235 45
235 46
235 51
235 52
235 55
235 62
235 63
235 68
235 70
235 77
235 78
235 79
235 88
235 91
235 92
235 97
235 110
235 113
235 115
235 127
235 131
235 150
235 153
235 155
235 166
235 167
235 173
235 174
235 175
235 177
235 187
235 198
235 204
235 208
235 212
235 215
235 224
235 228
235 234
235 235
235 238
235 243
235 246
235 247
236 2
236 4
236 7
236 18
236 20
236 34
236 36
236 51
236 59
236 60
236 66
236 75
236 82
236 83
236 85
236 86
236 91
236 94
236 98
236 100
236 102
236 104
236 109
236 130
236 131
236 135
236 141
236 160
236 166
236 168
236 170
236 171
236 173
236 177
236 182
236 187
236 193
236 198
236 203
236 204
236 206
236 221
236 232
237 1
237 2
237 6
237 8
237 9
237 11
237 20
237 21
237 32
237 33
237 41
237 48
237 51
237 54
237 57
237 58
237 63
237 70
237 78
237 81
237 88
237 97
237 102
237 104
237 108
237 110
237 115
237 116
237 119
237 127
237 129
237 134
237 139
237 142
237 150
237 153
237 161
237 168
237 179
237 180
237 184
237 186
237 201
237 205
237 215
237 217
237 220
237 223
237 228
237 230
237 239
237 240
237 243
237 244
237 250
238 4
238 9
238 32
238 37
238 38
238 41
238 42
238 45
238 48
238 50
238 53
238 60
238 63
238 64
238 88
238 90
238 96
238 97
238 102
238 103
238 104
238 113
238 121
238 123
238 134
238 144
238 148
238 159
238 162
238 166
238 172
238 180
238 188
238 190
238 192
238 194
238 210
238 217
238 225
238 230
238 234
238 247
239 2
239 11
239 12
239 13
239 21
239 23
239 25
239 30
239 31
239 34
239 35
239 38
239 40
239 43
239 50
239 56
239 61
239 72
239 77
239 80
239 85
239 88
239 94
239 96
239 112
239 115
239 122
239 134
239 136
239 144
239 145
239 146
239 156
239 169
239 171
239 178
239 184
239 185
239 186
239 195
239 208
239 209
239 216
239 222
239 223
239 227
239 232
239 237
239 240
239 245
240 1
240 2
240 6
240 17
240 18
240 23
240 28
240 31
240 33
240 39
240 40
240 49
240 60
240 61
240 80
240 91
240 92
240 95
240 102
240 104
240 112
240 117
240 122
240 133
240 135
240 142
240 146
240 147
240 148
240 153
240 156
240 161
240 166
240 172
240 174
240 177
240 178
240 183
240 190
240 191
240 194
240 195
240 201
240 203
240 206
240 209
240 210
240 211
240 212
240 218
240 225
240 227
240 229
240 232
240 246
240 248
241 5
241 9
241 14
241 25
241 28
241 29
241 33
241 40
241 43
241 47
241 49
241 51
241 58
241 67
241 74
241 79
241 82
241 90
241 99
241 110
241 112
241 117
241 132
241 134
241 136
241 138
241 143
241 144
241 148
241 149
241 151
241 155
241 156
241 166
241 168
241 169
241 170
241 181
241 183
241 186
241 190
241 205
241 224
241 225
241 226
241 233
241 235
241 237
241 246
242 4
242 6
242 14
242 25
242 27
242 34
242 36
242 40
242 43
242 48
242 49
242 51
242 56
242 65
242 74
242 75
242 78
242 87
242 93
242 94
242 102
242 115
242 119
242 123
242 125
242 131
242 132
242 134
242 138
242 154
242 166
242 168
242 171
242 173
242 177
242 178
242 184
242 185
242 197
242 201
242 202
242 205
242 212
242 213
242 214
242 215
242 217
242 218
242 219
242 224
242 227
242 228
242 233
242 234
242 250
243 3
243 7
243 10
243 13
243 16
243 28
243 36
243 52
243 58
243 61
243 63
243 72
243 74
243 80
243 87
243 104
243 106
243 107
243 109
243 125
243 127
243 139
243 151
243 152
243 154
243 159
243 160
243 164
243 168
243 170
243 175
243 181
243 184
243 187
243 196
243 203
243 206
243 209
243 212
243 214
243 216
243 217
243 219
243 222
243 226
243 227
243 230
243 232
243 233
243 239
243 242
243 248
244 3
244 4
244 11
244 25
244 27
244 41
244 42
244 45
244 66
244 72
244 73
244 80
244 82
244 87
244 89
244 90
244 93
244 95
244 96
244 99
244 101
244 110
244 113
244 116
244 118
244 120
244 127
244 129
244 137
244 139
244 146
244 158
244 162
244 165
244 181
244 182
244 184
244 185
244 188
244 195
244 200
244 203
244 218
244 221
244 230
244 231
244 235
244 239
244 245
244 250
245 1
245 9
245 12
245 19
245 21
245 38
245 45
245 60
245 71
245 73
245 76
245 80
245 81
245 83
245 90
245 95
245 101
245 102
245 104
245 107
245 109
245 110
245 124
245 127
245 130
245 136
245 137
245 140
245 153
245 154
245 157
245 180
245 182
245 186
245 207
245 214
245 216
245 219
245 221
245 227
245 230
245 234
245 235
245 236
245 247
246 1
246 6
246 11
246 16
246 23
246 28
246 30
246 32
246 35
246 37
246 54
246 58
246 65
246 72
246 76
246 78
246 79
246 80
246 81
246 91
246 97
246 102
246 108
246 119
246 124
246 132
246 133
246 139
246 151
246 159
246 160
246 168
246 170
246 172
246 176
246 203
246 210
246 213
246 215
246 220
246 222
246 223
246 228
246 235
246 236
246 237
246 244
246 250
247 1
247 2
247 3
247 22
247 24
247 33
247 47
247 59
247 62
247 66
247 68
247 73
247 77
247 78
247 80
247 82
247 85
247 88
247 90
247 93
247 95
247 97
247 99
247 103
247 104
247 110
247 116
247 117
247 121
247 124
247 132
247 133
247 134
247 136
247 141
247 142
247 143
247 150
247 156
247 158
247 164
247 165
247 169
247 183
247 185
247 202
247 207
247 218
247 220
247 222
247 225
247 229
247 236
247 237
248 8
248 9
248 10
248 19
248 26
248 29
248 31
248 33
248 36
248 38
248 40
248 49
248 56
248 63
248 64
248 71
248 88
248 90
248 92
248 97
248 98
248 112
248 120
248 121
248 123
248 129
248 130
248 133
248 145
248 153
248 156
248 157
248 158
248 164
248 168
248 177
248 180
248 181
248 183
248 185
248 191
248 195
248 200
248 203
248 207
248 210
248 214
248 219
248 227
248 234
248 236
248 238
248 243
249 3
249 7
249 10
249 14
249 20
249 21
249 23
249 29
249 30
249 35
249 37
249 39
249 41
249 42
249 54
249 59
249 61
249 63
249 70
249 73
249 79
249 80
249 84
249 93
249 94
249 95
249 96
249 103
249 117
249 125
249 132
249 135
249 137
249 141
249 151
249 160
249 177
249 178
249 180
249 183
249 187
249 188
249 191
249 192
249 196
249 197
249 198
249 207
249 213
249 221
249 223
249 225
249 227
249 231
249 233
249 235
249 241
249 242
249 243
249 247
250 9
250 20
250 25
250 33
250 34
250 35
250 36
250 41
250 44
250 47
250 58
250 69
250 73
250 76
250 77
250 80
250 85
250 86
250 88
250 94
250 98
250 100
250 105
250 107
250 110
250 112
250 117
250 119
250 123
250 129
250 132
250 135
250 144
250 151
250 155
250 159
250 160
250 161
250 168
250 176
250 178
250 185
250 191
250 198
250 205
250 207
250 214
250 225
250 230
250 236
250 237
250 238
250 240
250 244
