300
8896
1 4
1 14
1 16
1 42
1 63
1 80
1 92
1 100
1 103
1 110
1 122
1 125
1 165
1 169
1 170
1 188
1 197
1 201
1 202
1 207
1 221
1 233
1 254
1 256
1 259
1 270
1 285
1 293
1 297
2 14
2 39
2 49
2 68
2 72
2 75
2 82
2 86
2 131
2 173
2 174
2 179
2 202
2 214
2 218
2 228
2 234
2 236
2 258
2 280
2 298
3 2
3 3
3 31
3 37
3 52
3 53
3 74
3 77
3 78
3 92
3 95
3 98
3 107
3 132
3 158
3 160
3 161
3 163
3 174
3 182
3 200
3 210
3 211
3 245
3 268
3 269
3 274
3 280
3 290
3 299
4 10
4 21
4 44
4 56
4 66
4 76
4 82
4 86
4 90
4 91
4 122
4 128
4 135
4 138
4 141
4 152
4 196
4 201
4 207
4 216
4 226
4 232
4 238
4 239
4 241
4 246
4 251
4 258
4 264
4 281
4 284
5 9
5 13
5 17
5 20
5 21
5 28
5 37
5 51
5 59
5 76
5 81
5 100
5 103
5 122
5 123
5 125
5 126
5 133
5 156
5 178
5 185
5 188
5 193
5 195
5 207
5 212
5 219
5 238
5 249
5 250
5 261
5 273
5 297
6 1
6 19
6 45
6 52
6 74
6 91
6 115
6 121
6 129
6 130
6 132
6 181
6 194
6 195
6 208
6 213
6 216
6 219
6 221
6 230
6 238
6 252
6 259
6 260
6 266
6 273
6 277
6 287
6 299
7 1
7 5
7 17
7 22
7 23
7 33
7 43
7 46
7 52
7 63
7 69
7 70
7 76
7 79
7 99
7 101
7 117
7 127
7 129
7 139
7 143
7 151
7 168
7 183
7 185
7 189
7 206
7 211
7 221
7 223
7 227
7 233
7 242
7 251
7 264
7 288
7 291
8 9
8 11
8 13
8 18
8 28
8 50
8 53
8 56
8 63
8 64
8 67
8 77
8 93
8 95
8 101
8 105
8 108
8 143
8 150
8 197
8 210
8 218
8 237
8 246
8 247
8 248
8 255
8 263
8 264
8 277
8 283
9 2
9 9
9 16
9 19
9 31
9 52
9 60
9 63
9 71
9 83
9 90
9 91
9 112
9 114
9 119
9 146
9 151
9 169
9 178
9 184
9 189
9 209
9 211
9 220
9 224
9 228
9 235
9 236
9 240
9 241
9 270
9 271
9 275
9 284
9 289
10 3
10 13
10 16
10 30
10 94
10 97
10 102
10 107
10 143
10 159
10 163
10 185
10 199
10 222
10 234
10 248
10 249
10 268
10 270
10 281
11 5
11 81
11 82
11 103
11 104
11 106
11 120
11 122
11 124
11 126
11 130
11 135
11 138
11 156
11 178
11 208
11 218
11 231
11 255
11 259
11 268
11 274
12 16
12 17
12 29
12 50
12 68
12 101
12 105
12 108
12 124
12 130
12 133
12 136
12 142
12 144
12 151
12 156
12 163
12 168
12 187
12 206
12 212
12 217
12 222
12 223
12 233
12 235
12 242
12 245
12 253
13 11
13 27
13 28
13 41
13 53
13 57
13 72
13 99
13 107
13 114
13 120
13 130
13 135
13 160
13 170
13 173
13 189
13 191
13 229
13 230
13 235
13 250
13 251
13 252
13 256
13 264
13 270
13 276
14 27
14 32
14 56
14 80
14 104
14 105
14 133
14 136
14 147
14 151
14 169
14 170
14 181
14 188
14 189
14 190
14 207
14 225
14 253
14 261
14 266
14 278
14 288
15 5
15 6
15 16
15 20
15 24
15 32
15 41
15 62
15 78
15 101
15 104
15 140
15 168
15 179
15 181
15 184
15 188
15 190
15 194
15 198
15 208
15 212
15 216
15 224
15 232
15 236
15 247
15 268
15 282
15 300
16 3
16 18
16 22
16 24
16 26
16 34
16 68
16 84
16 95
16 96
16 106
16 114
16 116
16 129
16 133
16 136
16 151
16 169
16 176
16 185
16 186
16 195
16 206
16 255
16 261
16 281
16 292
17 22
17 24
17 46
17 55
17 86
17 87
17 88
17 91
17 114
17 122
17 127
17 154
17 155
17 174
17 192
17 193
17 205
17 233
17 236
17 253
17 266
17 269
17 298
18 6
18 12
18 24
18 35
18 46
18 52
18 55
18 57
18 63
18 65
18 70
18 72
18 85
18 87
18 105
18 110
18 118
18 120
18 126
18 128
18 152
18 163
18 183
18 184
18 186
18 196
18 222
18 229
18 230
18 262
18 267
18 277
18 294
18 297
18 298
18 300
19 6
19 15
19 24
19 36
19 45
19 50
19 62
19 75
19 80
19 97
19 111
19 116
19 123
19 127
19 128
19 136
19 159
19 167
19 170
19 184
19 194
19 196
19 200
19 202
19 208
19 220
19 223
19 238
19 244
19 250
19 257
19 258
19 260
19 280
19 295
19 300
20 7
20 10
20 11
20 22
20 23
20 29
20 30
20 39
20 58
20 59
20 62
20 67
20 68
20 74
20 96
20 107
20 109
20 122
20 125
20 165
20 167
20 185
20 196
20 201
20 204
20 252
20 258
20 264
20 266
20 270
20 271
20 272
20 276
20 288
20 297
21 42
21 49
21 62
21 64
21 88
21 93
21 138
21 147
21 153
21 173
21 175
21 180
21 183
21 205
21 207
21 261
21 262
21 279
21 283
21 299
22 7
22 10
22 15
22 29
22 34
22 39
22 51
22 60
22 62
22 67
22 89
22 113
22 130
22 142
22 148
22 166
22 176
22 178
22 202
22 203
22 219
22 228
22 248
22 253
22 284
22 289
22 295
23 7
23 27
23 35
23 46
23 47
23 57
23 59
23 67
23 73
23 75
23 77
23 80
23 90
23 106
23 122
23 166
23 193
23 197
23 205
23 228
23 243
23 267
23 270
23 278
23 285
23 288
23 297
24 6
24 15
24 18
24 21
24 39
24 56
24 57
24 58
24 78
24 87
24 95
24 102
24 109
24 111
24 118
24 120
24 139
24 148
24 151
24 160
24 171
24 179
24 186
24 189
24 196
24 201
24 203
24 208
24 212
24 231
24 240
24 243
24 253
24 259
24 281
24 289
24 300
25 8
25 17
25 35
25 48
25 52
25 59
25 63
25 70
25 101
25 106
25 107
25 112
25 129
25 138
25 139
25 150
25 176
25 191
25 197
25 211
25 223
25 234
25 250
25 259
25 268
25 274
25 278
25 282
25 292
25 295
25 299
26 3
26 20
26 21
26 28
26 45
26 46
26 91
26 93
26 98
26 106
26 111
26 117
26 118
26 134
26 153
26 158
26 169
26 171
26 183
26 199
26 209
26 214
26 235
26 243
26 253
26 258
26 260
26 263
26 264
26 271
26 277
26 281
27 1
27 6
27 8
27 20
27 31
27 46
27 58
27 69
27 72
27 77
27 96
27 104
27 122
27 125
27 134
27 145
27 146
27 151
27 158
27 165
27 173
27 181
27 185
27 189
27 192
27 197
27 207
27 218
27 229
27 250
27 254
27 255
27 289
27 293
27 299
28 4
28 22
28 50
28 58
28 76
28 78
28 80
28 95
28 96
28 105
28 141
28 143
28 161
28 162
28 169
28 172
28 173
28 184
28 201
28 209
28 216
28 224
28 232
28 250
28 277
28 289
29 6
29 13
29 22
29 28
29 36
29 42
29 70
29 74
29 83
29 95
29 98
29 103
29 113
29 121
29 139
29 153
29 164
29 173
29 179
29 209
29 215
29 226
29 234
29 240
29 257
29 277
29 290
29 291
30 12
30 17
30 32
30 33
30 34
30 43
30 48
30 85
30 97
30 120
30 152
30 175
30 176
30 193
30 203
30 209
30 222
30 251
30 255
30 261
30 269
30 275
30 286
30 293
31 19
31 25
31 55
31 57
31 61
31 76
31 99
31 100
31 106
31 116
31 121
31 125
31 150
31 156
31 167
31 174
31 183
31 199
31 204
31 205
31 207
31 218
31 238
31 253
31 266
31 269
31 271
31 281
32 13
32 29
32 45
32 46
32 52
32 53
32 59
32 62
32 76
32 79
32 90
32 91
32 110
32 113
32 144
32 155
32 176
32 199
32 210
32 218
32 223
32 228
32 234
32 239
32 247
32 250
32 255
32 260
32 262
32 290
32 292
33 3
33 10
33 26
33 46
33 47
33 48
33 49
33 51
33 67
33 76
33 88
33 91
33 93
33 95
33 106
33 138
33 148
33 152
33 157
33 162
33 173
33 175
33 209
33 215
33 223
33 225
33 226
33 231
33 240
33 268
33 271
33 274
34 5
34 10
34 28
34 57
34 69
34 83
34 115
34 123
34 125
34 133
34 140
34 145
34 184
34 194
34 210
34 213
34 217
34 267
34 270
34 298
35 9
35 14
35 21
35 27
35 36
35 51
35 55
35 69
35 87
35 90
35 109
35 144
35 150
35 161
35 168
35 190
35 196
35 210
35 218
35 225
35 252
35 254
35 270
35 272
35 276
35 280
35 287
36 2
36 19
36 27
36 30
36 46
36 58
36 60
36 69
36 71
36 95
36 96
36 110
36 113
36 127
36 133
36 138
36 139
36 163
36 181
36 185
36 189
36 195
36 208
36 216
36 230
36 255
36 265
36 275
36 289
37 15
37 38
37 49
37 51
37 71
37 83
37 101
37 127
37 150
37 155
37 158
37 174
37 175
37 215
37 225
37 231
37 234
37 242
37 249
37 252
37 261
37 267
37 269
37 271
37 273
37 283
37 289
37 299
38 1
38 2
38 9
38 28
38 45
38 46
38 57
38 64
38 86
38 102
38 112
38 114
38 158
38 161
38 165
38 171
38 174
38 178
38 181
38 209
38 215
38 216
38 220
38 224
38 295
39 13
39 21
39 24
39 25
39 35
39 48
39 49
39 73
39 74
39 80
39 81
39 82
39 119
39 120
39 153
39 156
39 160
39 171
39 184
39 188
39 192
39 220
39 238
39 244
39 253
39 267
39 271
39 284
40 4
40 7
40 49
40 51
40 62
40 73
40 94
40 98
40 108
40 109
40 112
40 118
40 125
40 170
40 195
40 196
40 205
40 209
40 215
40 230
40 236
40 239
40 247
40 251
40 252
40 262
40 276
40 279
40 287
40 289
40 296
41 8
41 15
41 27
41 37
41 44
41 52
41 57
41 69
41 79
41 84
41 105
41 107
41 130
41 131
41 134
41 135
41 142
41 145
41 163
41 166
41 168
41 183
41 200
41 201
41 207
41 255
41 264
41 274
41 282
41 293
41 296
42 27
42 28
42 49
42 51
42 54
42 59
42 70
42 85
42 88
42 91
42 92
42 101
42 122
42 143
42 158
42 159
42 160
42 176
42 180
42 189
42 191
42 214
42 217
42 221
42 238
42 240
42 243
42 245
42 251
42 261
42 267
42 271
43 21
43 23
43 25
43 29
43 30
43 31
43 52
43 58
43 76
43 79
43 90
43 92
43 95
43 101
43 103
43 134
43 141
43 153
43 157
43 158
43 183
43 187
43 191
43 207
43 228
43 235
43 241
43 243
43 246
43 248
43 259
43 263
43 272
43 280
43 296
44 2
44 5
44 16
44 20
44 24
44 28
44 32
44 84
44 101
44 114
44 140
44 155
44 159
44 171
44 177
44 192
44 198
44 204
44 208
44 209
44 222
44 232
44 247
44 258
44 261
44 265
44 269
44 272
44 277
44 283
44 286
44 296
45 5
45 29
45 33
45 54
45 71
45 77
45 78
45 83
45 91
45 96
45 102
45 105
45 112
45 121
45 144
45 148
45 149
45 152
45 172
45 180
45 183
45 187
45 196
45 205
45 219
45 223
45 237
45 239
45 256
45 257
45 269
45 278
45 285
45 295
46 12
46 19
46 67
46 79
46 90
46 102
46 111
46 112
46 114
46 132
46 137
46 153
46 165
46 166
46 188
46 199
46 214
46 216
46 218
46 224
46 232
46 245
46 248
46 256
46 272
46 273
46 283
46 286
46 289
47 14
47 40
47 46
47 63
47 76
47 83
47 85
47 99
47 102
47 110
47 114
47 119
47 121
47 145
47 166
47 167
47 175
47 177
47 198
47 203
47 222
47 244
47 247
47 263
47 266
47 271
47 279
47 284
47 294
47 298
48 4
48 9
48 22
48 24
48 68
48 70
48 80
48 86
48 116
48 118
48 130
48 131
48 165
48 173
48 178
48 206
48 231
48 237
48 266
48 268
48 269
48 285
48 286
48 292
49 30
49 40
49 44
49 55
49 56
49 62
49 88
49 94
49 118
49 126
49 140
49 142
49 144
49 155
49 168
49 187
49 201
49 215
49 226
49 232
49 239
49 247
49 253
49 256
49 269
49 281
49 287
50 8
50 13
50 16
50 29
50 62
50 78
50 82
50 85
50 96
50 104
50 114
50 118
50 123
50 133
50 153
50 168
50 173
50 198
50 206
50 226
50 257
50 266
50 268
50 272
50 279
50 288
50 298
50 300
51 15
51 20
51 21
51 22
51 41
51 45
51 46
51 48
51 55
51 82
51 89
51 111
51 112
51 124
51 182
51 186
51 189
51 191
51 196
51 211
51 213
51 214
51 220
51 223
51 234
51 236
51 253
51 259
51 260
52 23
52 37
52 103
52 112
52 120
52 123
52 125
52 131
52 138
52 144
52 150
52 156
52 177
52 190
52 204
52 207
52 214
52 220
52 228
52 246
52 256
52 264
52 266
52 276
52 280
52 282
52 284
52 287
52 293
52 300
53 2
53 22
53 34
53 39
53 41
53 50
53 82
53 90
53 106
53 113
53 114
53 128
53 144
53 166
53 167
53 181
53 185
53 187
53 198
53 237
53 245
53 253
53 271
53 274
53 278
53 286
53 290
54 5
54 19
54 24
54 25
54 26
54 28
54 29
54 50
54 53
54 70
54 72
54 73
54 81
54 92
54 95
54 98
54 101
54 113
54 118
54 121
54 129
54 155
54 156
54 164
54 182
54 194
54 216
54 225
54 249
54 256
54 262
54 265
54 270
54 273
54 279
54 293
54 294
54 296
55 3
55 7
55 13
55 16
55 17
55 34
55 45
55 49
55 86
55 98
55 106
55 112
55 116
55 122
55 131
55 135
55 157
55 162
55 163
55 166
55 175
55 182
55 202
55 213
55 249
55 260
55 261
55 278
55 288
55 289
55 300
56 8
56 17
56 22
56 23
56 28
56 50
56 52
56 58
56 63
56 67
56 90
56 96
56 102
56 117
56 146
56 154
56 157
56 159
56 161
56 168
56 170
56 185
56 191
56 199
56 217
56 219
56 236
56 238
56 239
56 242
56 251
56 254
56 264
56 275
56 280
57 2
57 8
57 11
57 45
57 61
57 90
57 92
57 109
57 111
57 128
57 135
57 147
57 159
57 161
57 225
57 243
57 247
57 250
57 254
57 265
57 273
57 276
57 278
57 289
57 298
58 19
58 26
58 42
58 46
58 61
58 78
58 82
58 84
58 99
58 144
58 146
58 161
58 169
58 187
58 208
58 216
58 224
58 234
58 236
58 249
58 274
58 275
58 281
58 283
58 290
58 292
58 296
59 1
59 8
59 14
59 29
59 44
59 58
59 71
59 111
59 124
59 135
59 136
59 151
59 158
59 210
59 211
59 224
59 225
59 253
59 259
59 273
59 279
59 281
59 294
60 5
60 32
60 73
60 96
60 99
60 108
60 138
60 142
60 144
60 146
60 154
60 163
60 179
60 200
60 201
60 215
60 236
60 246
60 265
60 267
60 272
60 277
60 280
60 295
61 22
61 41
61 45
61 59
61 70
61 72
61 85
61 91
61 104
61 110
61 111
61 119
61 132
61 144
61 146
61 160
61 162
61 168
61 173
61 193
61 194
61 197
61 205
61 209
61 210
61 239
61 240
61 254
61 261
61 272
62 1
62 4
62 21
62 26
62 55
62 61
62 77
62 91
62 97
62 117
62 145
62 153
62 163
62 167
62 177
62 207
62 227
62 239
62 252
62 256
62 263
62 270
62 274
62 275
62 283
62 285
62 290
62 293
62 298
63 2
63 49
63 50
63 53
63 57
63 68
63 71
63 81
63 94
63 104
63 116
63 124
63 132
63 151
63 152
63 181
63 185
63 192
63 194
63 196
63 215
63 240
63 246
63 247
63 250
63 262
63 267
63 279
63 281
63 293
63 299
63 300
64 1
64 9
64 24
64 28
64 39
64 44
64 50
64 54
64 59
64 67
64 68
64 71
64 91
64 100
64 134
64 150
64 162
64 163
64 171
64 180
64 183
64 200
64 211
64 243
64 247
64 249
64 259
64 260
64 281
64 284
64 285
64 289
64 293
64 298
65 21
65 23
65 50
65 65
65 79
65 89
65 97
65 112
65 114
65 125
65 127
65 129
65 134
65 140
65 148
65 156
65 157
65 161
65 169
65 173
65 174
65 183
65 196
65 198
65 202
65 213
65 215
65 219
65 224
65 233
65 250
65 254
65 258
65 267
65 288
65 291
66 12
66 17
66 34
66 43
66 46
66 56
66 59
66 64
66 67
66 90
66 106
66 109
66 114
66 115
66 118
66 126
66 128
66 151
66 156
66 163
66 202
66 218
66 227
66 236
66 255
66 256
66 267
66 271
66 276
66 282
66 292
66 295
66 298
66 299
67 5
67 7
67 15
67 56
67 57
67 65
67 73
67 77
67 81
67 87
67 91
67 93
67 102
67 122
67 124
67 125
67 127
67 130
67 133
67 142
67 147
67 151
67 152
67 155
67 188
67 190
67 203
67 215
67 217
67 223
67 224
67 245
67 260
67 261
67 269
67 272
67 274
67 277
67 283
67 288
67 289
68 4
68 36
68 41
68 45
68 55
68 57
68 66
68 68
68 69
68 93
68 104
68 107
68 109
68 111
68 113
68 115
68 122
68 127
68 131
68 135
68 136
68 140
68 141
68 149
68 153
68 160
68 172
68 173
68 188
68 191
68 193
68 197
68 217
68 219
68 244
68 249
68 282
68 288
68 295
69 5
69 7
69 20
69 22
69 30
69 31
69 39
69 51
69 54
69 62
69 65
69 99
69 105
69 118
69 136
69 144
69 154
69 157
69 158
69 173
69 177
69 192
69 198
69 212
69 228
69 232
69 255
69 291
70 2
70 40
70 41
70 52
70 59
70 65
70 74
70 95
70 99
70 104
70 112
70 131
70 138
70 149
70 153
70 161
70 168
70 178
70 189
70 212
70 222
70 229
70 247
70 256
70 272
70 275
70 287
70 294
71 8
71 9
71 14
71 20
71 26
71 27
71 50
71 78
71 108
71 118
71 123
71 125
71 133
71 134
71 139
71 146
71 151
71 152
71 169
71 172
71 185
71 215
71 226
71 250
71 251
71 276
71 283
71 285
71 294
71 297
72 19
72 26
72 56
72 59
72 65
72 70
72 82
72 92
72 101
72 104
72 114
72 120
72 136
72 145
72 152
72 165
72 177
72 207
72 247
72 261
72 265
72 275
72 295
72 296
73 12
73 18
73 21
73 25
73 49
73 93
73 99
73 102
73 120
73 136
73 142
73 146
73 153
73 179
73 190
73 194
73 196
73 203
73 219
73 231
73 233
73 237
73 253
73 255
73 271
73 273
73 277
73 278
73 290
73 298
73 300
74 17
74 25
74 45
74 55
74 58
74 63
74 77
74 87
74 127
74 151
74 172
74 174
74 176
74 184
74 197
74 212
74 222
74 288
75 8
75 9
75 10
75 11
75 12
75 14
75 21
75 26
75 45
75 55
75 56
75 76
75 86
75 106
75 112
75 122
75 138
75 142
75 155
75 158
75 174
75 187
75 200
75 202
75 207
75 215
75 224
75 233
75 240
75 249
75 266
75 272
75 287
76 13
76 18
76 21
76 22
76 27
76 51
76 57
76 80
76 88
76 110
76 117
76 120
76 123
76 142
76 159
76 163
76 169
76 170
76 177
76 182
76 184
76 186
76 223
76 224
76 225
76 252
76 258
76 264
76 265
76 273
76 289
77 7
77 10
77 11
77 15
77 21
77 25
77 38
77 43
77 48
77 63
77 65
77 67
77 79
77 80
77 84
77 90
77 100
77 104
77 109
77 136
77 141
77 143
77 144
77 152
77 192
77 217
77 220
77 254
77 259
77 260
77 277
77 296
78 1
78 5
78 15
78 16
78 22
78 53
78 60
78 99
78 106
78 107
78 108
78 110
78 115
78 124
78 129
78 132
78 142
78 188
78 190
78 202
78 203
78 224
78 226
78 241
78 243
78 250
78 253
78 259
78 263
78 264
78 284
78 289
78 296
79 9
79 15
79 32
79 55
79 69
79 71
79 92
79 98
79 106
79 112
79 116
79 125
79 136
79 147
79 150
79 160
79 167
79 168
79 177
79 184
79 191
79 195
79 204
79 208
79 213
79 214
79 219
79 233
79 245
79 249
79 256
79 263
79 283
79 287
79 291
79 292
80 17
80 26
80 43
80 56
80 62
80 74
80 83
80 88
80 93
80 95
80 97
80 99
80 105
80 116
80 122
80 125
80 130
80 133
80 134
80 154
80 155
80 159
80 161
80 166
80 170
80 186
80 198
80 200
80 202
80 216
80 218
80 224
80 230
80 235
80 246
80 253
80 263
80 276
80 282
81 2
81 31
81 40
81 45
81 59
81 115
81 118
81 134
81 149
81 152
81 159
81 173
81 175
81 179
81 188
81 189
81 195
81 208
81 228
81 264
81 270
81 282
82 5
82 10
82 15
82 18
82 20
82 45
82 60
82 70
82 76
82 77
82 80
82 90
82 100
82 103
82 128
82 129
82 132
82 140
82 151
82 166
82 179
82 214
82 240
82 252
82 275
82 280
82 295
83 3
83 13
83 17
83 18
83 106
83 112
83 123
83 152
83 161
83 162
83 164
83 167
83 198
83 204
83 212
83 226
83 230
83 233
83 234
83 236
83 238
83 244
83 247
83 251
83 254
83 263
83 267
83 276
83 289
84 10
84 17
84 22
84 35
84 44
84 48
84 50
84 61
84 63
84 85
84 96
84 101
84 107
84 129
84 147
84 179
84 192
84 208
84 213
84 243
84 247
84 261
84 274
84 283
84 284
85 14
85 26
85 27
85 40
85 44
85 50
85 52
85 66
85 83
85 84
85 104
85 105
85 120
85 135
85 139
85 140
85 150
85 157
85 162
85 167
85 185
85 205
85 218
85 219
85 228
85 260
85 277
85 286
85 289
86 1
86 3
86 17
86 30
86 38
86 40
86 51
86 84
86 96
86 152
86 155
86 156
86 170
86 178
86 179
86 193
86 221
86 240
86 275
86 287
86 293
87 7
87 21
87 45
87 48
87 60
87 68
87 73
87 82
87 85
87 93
87 100
87 102
87 105
87 122
87 126
87 127
87 139
87 148
87 155
87 156
87 182
87 198
87 242
87 248
87 249
87 255
87 272
87 280
87 282
88 14
88 36
88 39
88 47
88 55
88 57
88 71
88 80
88 86
88 87
88 95
88 97
88 103
88 108
88 119
88 132
88 135
88 142
88 143
88 144
88 155
88 158
88 159
88 164
88 165
88 166
88 175
88 177
88 199
88 218
88 219
88 221
88 224
88 231
88 253
88 263
88 268
88 270
88 288
89 1
89 34
89 37
89 48
89 63
89 66
89 71
89 96
89 97
89 104
89 112
89 117
89 118
89 127
89 136
89 155
89 162
89 166
89 175
89 176
89 184
89 187
89 193
89 201
89 205
89 206
89 211
89 244
89 257
89 258
89 260
89 272
89 282
89 295
89 300
90 6
90 17
90 24
90 26
90 37
90 46
90 50
90 58
90 60
90 87
90 97
90 106
90 154
90 162
90 169
90 173
90 190
90 192
90 221
90 224
90 234
90 241
90 245
90 246
90 276
90 287
91 5
91 6
91 13
91 25
91 34
91 38
91 39
91 57
91 60
91 95
91 102
91 117
91 140
91 142
91 149
91 173
91 188
91 200
91 209
91 218
91 219
91 228
91 234
91 249
91 272
91 275
91 287
91 296
92 4
92 5
92 16
92 17
92 40
92 43
92 48
92 51
92 64
92 103
92 117
92 131
92 140
92 141
92 149
92 154
92 170
92 188
92 189
92 196
92 212
92 226
92 234
92 239
92 253
92 279
92 286
92 291
93 13
93 23
93 25
93 30
93 36
93 66
93 91
93 105
93 120
93 150
93 159
93 160
93 163
93 169
93 180
93 181
93 182
93 186
93 202
93 213
93 216
93 235
93 254
93 258
93 267
93 284
93 294
94 21
94 49
94 59
94 72
94 75
94 104
94 110
94 119
94 121
94 129
94 135
94 158
94 162
94 169
94 172
94 189
94 192
94 205
94 211
94 215
94 218
94 222
94 227
94 233
94 250
94 268
94 280
94 287
94 294
94 295
95 2
95 23
95 35
95 36
95 38
95 55
95 57
95 62
95 63
95 65
95 69
95 72
95 80
95 85
95 103
95 121
95 125
95 134
95 137
95 138
95 141
95 142
95 155
95 158
95 169
95 183
95 184
95 196
95 210
95 220
95 224
95 229
95 230
95 249
95 263
95 267
95 277
95 280
95 294
96 33
96 38
96 39
96 49
96 59
96 94
96 106
96 118
96 133
96 144
96 147
96 159
96 167
96 173
96 176
96 181
96 188
96 189
96 228
96 237
96 247
96 255
96 263
96 271
96 285
96 298
97 3
97 5
97 6
97 8
97 10
97 12
97 21
97 31
97 37
97 45
97 50
97 64
97 65
97 67
97 77
97 81
97 88
97 97
97 104
97 111
97 112
97 129
97 147
97 155
97 167
97 173
97 196
97 200
97 213
97 232
97 243
97 258
97 264
97 272
97 273
97 276
97 277
97 278
98 5
98 15
98 54
98 71
98 90
98 91
98 93
98 114
98 127
98 149
98 155
98 160
98 164
98 165
98 169
98 171
98 178
98 188
98 192
98 199
98 213
98 215
98 226
98 228
98 248
98 253
98 262
98 269
98 273
98 300
99 7
99 21
99 35
99 42
99 46
99 58
99 63
99 68
99 70
99 75
99 87
99 89
99 97
99 117
99 122
99 141
99 144
99 187
99 218
99 234
99 238
99 243
99 252
99 254
99 265
99 273
99 297
99 299
99 300
100 9
100 33
100 40
100 49
100 59
100 69
100 80
100 81
100 83
100 86
100 100
100 125
100 139
100 141
100 148
100 156
100 179
100 188
100 190
100 196
100 207
100 210
100 240
100 243
100 246
100 255
100 266
100 283
101 7
101 19
101 22
101 26
101 44
101 45
101 46
101 56
101 61
101 78
101 83
101 88
101 138
101 143
101 154
101 161
101 162
101 166
101 172
101 184
101 191
101 193
101 213
101 219
101 238
101 241
101 244
101 251
101 255
101 279
101 293
101 294
101 295
101 300
102 1
102 3
102 16
102 27
102 33
102 36
102 38
102 47
102 68
102 83
102 109
102 110
102 111
102 114
102 123
102 128
102 134
102 150
102 153
102 155
102 165
102 170
102 173
102 176
102 180
102 204
102 225
102 240
102 245
102 251
102 297
103 1
103 5
103 19
103 28
103 29
103 43
103 55
103 60
103 85
103 87
103 89
103 100
103 115
103 127
103 132
103 147
103 155
103 157
103 163
103 204
103 229
103 231
103 232
103 235
103 236
103 252
103 256
103 276
104 11
104 18
104 22
104 24
104 26
104 28
104 45
104 46
104 66
104 72
104 81
104 115
104 128
104 129
104 130
104 134
104 140
104 149
104 154
104 156
104 163
104 171
104 188
104 190
104 247
104 249
104 257
104 262
104 296
105 12
105 25
105 43
105 51
105 54
105 90
105 108
105 125
105 169
105 170
105 177
105 183
105 187
105 204
105 208
105 212
105 232
105 238
105 247
105 255
105 282
105 287
105 290
106 3
106 14
106 64
106 66
106 70
106 72
106 75
106 97
106 99
106 101
106 109
106 111
106 116
106 122
106 126
106 167
106 178
106 184
106 194
106 207
106 208
106 211
106 220
106 228
106 235
106 238
106 242
106 248
106 255
106 294
107 9
107 20
107 28
107 38
107 46
107 61
107 97
107 106
107 127
107 133
107 137
107 144
107 146
107 158
107 160
107 165
107 167
107 179
107 189
107 191
107 194
107 206
107 242
107 261
107 262
107 273
107 277
107 280
107 297
107 300
108 7
108 16
108 21
108 34
108 41
108 58
108 78
108 83
108 84
108 87
108 123
108 133
108 143
108 147
108 173
108 178
108 180
108 208
108 210
108 220
108 224
108 238
108 268
108 274
108 280
108 287
108 300
109 17
109 36
109 51
109 53
109 71
109 80
109 83
109 87
109 93
109 136
109 145
109 170
109 174
109 175
109 178
109 181
109 187
109 194
109 196
109 199
109 201
109 206
109 217
109 218
109 220
109 223
109 224
109 252
109 267
109 275
109 281
110 12
110 15
110 16
110 18
110 23
110 34
110 36
110 43
110 60
110 61
110 84
110 96
110 99
110 116
110 123
110 124
110 138
110 147
110 152
110 157
110 158
110 180
110 185
110 196
110 197
110 205
110 229
110 234
110 266
110 270
110 285
110 288
110 293
110 294
110 297
110 298
111 3
111 6
111 7
111 9
111 16
111 27
111 58
111 59
111 62
111 71
111 99
111 101
111 108
111 114
111 142
111 182
111 198
111 207
111 223
111 241
111 247
111 251
111 257
111 273
111 284
111 287
111 292
111 298
112 19
112 22
112 23
112 54
112 57
112 85
112 86
112 92
112 130
112 140
112 152
112 199
112 200
112 206
112 216
112 220
112 223
112 232
112 245
112 260
112 268
113 17
113 29
113 62
113 91
113 94
113 100
113 106
113 127
113 157
113 164
113 170
113 192
113 199
113 234
113 239
113 255
113 258
113 262
113 265
114 12
114 13
114 22
114 38
114 43
114 64
114 68
114 73
114 74
114 75
114 88
114 91
114 92
114 100
114 103
114 108
114 122
114 128
114 130
114 140
114 148
114 161
114 173
114 181
114 184
114 207
114 210
114 222
114 224
114 226
114 227
114 229
114 232
114 235
114 243
114 247
114 257
114 265
114 266
114 270
114 293
114 296
115 2
115 10
115 33
115 43
115 44
115 47
115 48
115 58
115 92
115 98
115 102
115 127
115 133
115 150
115 165
115 171
115 184
115 190
115 196
115 201
115 209
115 266
115 275
115 294
115 299
116 6
116 12
116 29
116 36
116 38
116 39
116 45
116 64
116 82
116 86
116 121
116 124
116 131
116 135
116 140
116 155
116 168
116 198
116 208
116 243
116 247
116 248
116 257
116 273
116 282
116 289
116 298
117 26
117 35
117 54
117 55
117 99
117 101
117 103
117 116
117 123
117 129
117 148
117 152
117 157
117 158
117 177
117 189
117 222
117 232
117 246
117 247
117 253
117 277
118 3
118 5
118 16
118 21
118 43
118 44
118 63
118 65
118 77
118 101
118 112
118 115
118 131
118 138
118 150
118 151
118 183
118 238
118 247
118 252
118 264
118 289
118 292
118 294
119 12
119 27
119 30
119 49
119 57
119 62
119 70
119 80
119 88
119 90
119 98
119 118
119 133
119 136
119 144
119 163
119 168
119 169
119 178
119 182
119 201
119 203
119 234
119 236
119 261
119 263
119 270
119 274
119 280
120 19
120 21
120 33
120 49
120 56
120 60
120 66
120 83
120 87
120 91
120 112
120 115
120 119
120 153
120 161
120 164
120 182
120 184
120 195
120 200
120 219
120 220
120 233
120 278
120 283
120 289
120 294
120 298
121 5
121 24
121 33
121 42
121 46
121 50
121 52
121 67
121 76
121 106
121 117
121 118
121 125
121 126
121 128
121 138
121 150
121 162
121 171
121 201
121 204
121 207
121 209
121 212
121 227
121 237
121 255
121 256
121 266
121 269
121 270
121 292
122 1
122 17
122 30
122 31
122 32
122 45
122 47
122 49
122 59
122 68
122 74
122 90
122 92
122 120
122 136
122 137
122 146
122 149
122 159
122 164
122 167
122 170
122 179
122 193
122 210
122 227
122 229
122 245
122 250
122 252
122 260
122 277
122 290
122 298
123 1
123 7
123 13
123 18
123 22
123 50
123 59
123 66
123 69
123 92
123 110
123 114
123 115
123 123
123 125
123 132
123 140
123 144
123 148
123 172
123 173
123 175
123 179
123 180
123 184
123 188
123 189
123 191
123 193
123 198
123 200
123 211
123 212
123 221
123 255
123 276
123 279
123 296
123 298
124 24
124 26
124 31
124 37
124 46
124 65
124 79
124 85
124 93
124 100
124 104
124 107
124 134
124 141
124 152
124 165
124 170
124 191
124 195
124 201
124 215
124 217
124 224
124 234
124 249
124 254
124 283
125 4
125 5
125 16
125 19
125 36
125 40
125 42
125 47
125 58
125 65
125 70
125 77
125 86
125 125
125 128
125 134
125 159
125 160
125 164
125 172
125 177
125 181
125 186
125 196
125 232
125 239
125 261
125 273
125 278
125 284
125 292
125 293
126 2
126 11
126 19
126 57
126 99
126 122
126 123
126 139
126 154
126 161
126 177
126 182
126 221
126 222
126 237
126 240
126 241
126 254
126 260
126 272
126 279
126 282
126 295
127 3
127 8
127 15
127 22
127 24
127 35
127 38
127 39
127 43
127 46
127 54
127 75
127 76
127 89
127 98
127 102
127 103
127 121
127 128
127 130
127 135
127 141
127 162
127 187
127 211
127 232
127 236
127 246
127 250
127 289
127 298
128 17
128 20
128 21
128 41
128 43
128 48
128 73
128 89
128 105
128 111
128 124
128 129
128 143
128 185
128 189
128 196
128 197
128 202
128 206
128 220
128 221
128 229
128 237
128 251
128 257
128 279
128 285
128 299
129 25
129 29
129 37
129 66
129 71
129 72
129 75
129 95
129 100
129 115
129 120
129 121
129 131
129 144
129 154
129 177
129 200
129 201
129 202
129 205
129 227
129 233
129 271
129 274
129 279
129 283
129 294
129 298
130 20
130 21
130 52
130 60
130 62
130 72
130 83
130 100
130 109
130 112
130 121
130 139
130 174
130 181
130 205
130 217
130 235
130 241
130 279
130 281
131 1
131 29
131 43
131 49
131 55
131 73
131 86
131 91
131 92
131 102
131 104
131 106
131 115
131 126
131 135
131 139
131 188
131 189
131 196
131 205
131 207
131 228
131 230
131 234
131 243
131 252
131 255
131 259
131 276
131 280
131 282
132 5
132 56
132 59
132 80
132 88
132 101
132 110
132 117
132 124
132 127
132 133
132 143
132 149
132 150
132 176
132 178
132 183
132 188
132 199
132 210
132 235
132 240
132 242
132 245
132 246
132 256
132 258
132 268
132 288
133 26
133 36
133 42
133 55
133 70
133 86
133 92
133 102
133 106
133 108
133 115
133 127
133 133
133 134
133 141
133 142
133 147
133 180
133 193
133 197
133 203
133 207
133 218
133 279
133 296
133 299
133 300
134 6
134 12
134 25
134 27
134 34
134 36
134 58
134 59
134 61
134 75
134 80
134 81
134 93
134 100
134 106
134 116
134 121
134 127
134 129
134 134
134 137
134 185
134 188
134 190
134 199
134 243
134 248
134 265
134 269
134 278
134 280
134 282
134 291
135 7
135 8
135 17
135 24
135 32
135 45
135 53
135 59
135 60
135 61
135 82
135 86
135 90
135 108
135 110
135 111
135 112
135 120
135 127
135 143
135 166
135 168
135 182
135 190
135 209
135 213
135 217
135 236
135 237
135 248
135 256
135 266
135 267
135 268
135 276
135 277
135 279
135 291
135 298
136 25
136 26
136 30
136 55
136 56
136 66
136 80
136 100
136 154
136 165
136 173
136 178
136 187
136 188
136 207
136 217
136 225
136 229
136 231
136 233
136 237
136 240
136 250
136 260
136 266
136 278
136 280
136 282
137 13
137 18
137 19
137 20
137 46
137 49
137 89
137 137
137 152
137 155
137 158
137 164
137 166
137 167
137 179
137 192
137 210
137 214
137 215
137 221
137 222
137 230
137 250
137 293
138 25
138 41
138 60
138 64
138 66
138 70
138 77
138 94
138 97
138 123
138 125
138 134
138 138
138 140
138 151
138 155
138 192
138 197
138 204
138 212
138 216
138 238
138 241
138 246
138 267
138 272
138 280
138 284
138 290
139 7
139 12
139 21
139 22
139 26
139 28
139 51
139 72
139 88
139 95
139 96
139 105
139 117
139 125
139 137
139 139
139 155
139 159
139 173
139 178
139 204
139 211
139 216
139 227
139 231
139 249
139 259
139 266
139 275
139 278
139 284
139 297
139 299
140 16
140 17
140 20
140 24
140 30
140 48
140 77
140 90
140 93
140 96
140 100
140 110
140 115
140 139
140 144
140 155
140 161
140 164
140 175
140 177
140 178
140 184
140 217
140 226
140 234
140 256
140 262
140 269
140 277
140 286
141 5
141 6
141 12
141 20
141 21
141 47
141 48
141 67
141 74
141 97
141 113
141 123
141 124
141 134
141 135
141 149
141 163
141 169
141 170
141 186
141 189
141 195
141 203
141 214
141 219
141 246
141 265
141 267
141 270
141 275
141 299
142 5
142 28
142 35
142 41
142 46
142 51
142 58
142 59
142 75
142 87
142 88
142 98
142 110
142 119
142 122
142 126
142 138
142 188
142 197
142 200
142 227
142 248
142 254
142 267
142 288
142 297
142 298
142 300
143 18
143 20
143 21
143 22
143 28
143 31
143 36
143 39
143 50
143 61
143 72
143 87
143 110
143 133
143 139
143 143
143 147
143 201
143 202
143 206
143 216
143 222
143 223
143 225
143 233
143 236
143 253
143 255
143 256
143 269
143 281
143 297
144 8
144 30
144 33
144 37
144 39
144 61
144 66
144 83
144 87
144 88
144 101
144 110
144 118
144 120
144 125
144 133
144 157
144 163
144 170
144 175
144 194
144 207
144 213
144 215
144 233
144 234
144 259
144 261
144 280
144 286
144 289
144 296
145 8
145 23
145 45
145 65
145 76
145 88
145 96
145 100
145 118
145 119
145 132
145 145
145 150
145 156
145 160
145 191
145 223
145 234
145 237
145 258
145 284
145 296
146 15
146 16
146 27
146 28
146 31
146 39
146 47
146 50
146 57
146 60
146 62
146 75
146 82
146 103
146 111
146 130
146 134
146 146
146 158
146 161
146 168
146 172
146 200
146 217
146 220
146 224
146 231
146 232
146 254
146 260
146 279
146 283
147 54
147 59
147 60
147 68
147 100
147 138
147 167
147 177
147 186
147 202
147 215
147 217
147 234
147 238
147 241
147 243
147 250
147 257
147 258
147 270
147 281
147 294
147 296
148 13
148 21
148 23
148 26
148 30
148 34
148 42
148 44
148 45
148 46
148 57
148 74
148 76
148 80
148 83
148 91
148 124
148 126
148 146
148 147
148 164
148 196
148 197
148 199
148 226
148 229
148 231
148 245
148 246
148 250
148 258
148 272
148 298
149 6
149 18
149 35
149 36
149 98
149 112
149 114
149 115
149 118
149 132
149 135
149 138
149 165
149 200
149 201
149 205
149 208
149 222
149 223
149 228
149 235
149 244
149 255
149 258
149 260
149 263
149 272
149 281
149 292
149 296
150 2
150 10
150 13
150 43
150 44
150 65
150 76
150 79
150 86
150 104
150 109
150 135
150 163
150 166
150 177
150 194
150 203
150 217
150 226
150 229
150 298
151 2
151 4
151 6
151 12
151 30
151 36
151 54
151 60
151 70
151 91
151 97
151 103
151 108
151 111
151 113
151 116
151 129
151 130
151 137
151 139
151 160
151 164
151 195
151 200
151 214
151 222
151 243
151 244
151 255
151 275
151 277
151 279
151 281
151 283
151 295
151 296
151 298
151 299
151 300
152 3
152 19
152 25
152 35
152 44
152 53
152 73
152 74
152 81
152 82
152 83
152 114
152 147
152 179
152 180
152 187
152 198
152 207
152 208
152 221
152 242
152 243
152 259
152 267
152 269
152 270
152 296
152 298
153 7
153 31
153 53
153 55
153 83
153 87
153 98
153 118
153 146
153 163
153 165
153 185
153 188
153 192
153 194
153 199
153 212
153 229
153 244
153 247
153 268
153 283
154 9
154 16
154 44
154 57
154 62
154 63
154 69
154 86
154 87
154 88
154 93
154 98
154 99
154 121
154 136
154 137
154 154
154 163
154 165
154 166
154 189
154 199
154 201
154 225
154 232
154 237
154 249
154 252
154 268
154 280
154 284
154 294
154 297
155 14
155 15
155 19
155 22
155 28
155 30
155 36
155 41
155 64
155 80
155 112
155 117
155 119
155 143
155 144
155 158
155 164
155 176
155 189
155 190
155 199
155 227
155 248
155 250
155 270
155 281
155 282
155 285
156 5
156 13
156 30
156 35
156 71
156 82
156 86
156 96
156 101
156 104
156 106
156 109
156 135
156 137
156 138
156 142
156 153
156 159
156 189
156 190
156 191
156 193
156 214
156 217
156 229
156 240
156 243
156 245
156 248
156 277
156 286
156 287
156 299
157 6
157 19
157 22
157 41
157 56
157 70
157 114
157 120
157 123
157 124
157 125
157 129
157 148
157 169
157 175
157 178
157 191
157 204
157 210
157 218
157 230
157 240
157 247
157 264
157 279
157 290
158 1
158 3
158 13
158 27
158 28
158 61
158 69
158 73
158 80
158 86
158 100
158 105
158 117
158 138
158 150
158 153
158 156
158 179
158 195
158 197
158 200
158 202
158 207
158 232
158 233
158 236
158 238
158 295
159 2
159 11
159 19
159 33
159 43
159 79
159 84
159 99
159 111
159 114
159 135
159 147
159 162
159 181
159 186
159 195
159 197
159 222
159 225
159 253
159 261
159 277
159 297
159 299
160 13
160 16
160 19
160 30
160 39
160 77
160 88
160 90
160 92
160 100
160 101
160 102
160 119
160 129
160 141
160 156
160 176
160 177
160 200
160 237
160 240
160 243
160 246
160 250
160 251
160 270
160 297
161 3
161 6
161 20
161 27
161 30
161 58
161 72
161 130
161 131
161 133
161 142
161 143
161 144
161 167
161 180
161 182
161 187
161 189
161 195
161 197
161 205
161 219
161 222
161 242
161 254
161 271
161 274
161 282
162 4
162 9
162 23
162 24
162 32
162 41
162 47
162 49
162 69
162 84
162 99
162 107
162 113
162 120
162 129
162 131
162 133
162 139
162 150
162 160
162 170
162 195
162 210
162 214
162 227
162 267
162 275
162 279
162 286
162 294
163 8
163 10
163 32
163 35
163 36
163 51
163 52
163 55
163 73
163 76
163 83
163 106
163 114
163 118
163 135
163 140
163 154
163 158
163 164
163 213
163 220
163 231
163 252
163 261
163 264
163 280
163 286
163 292
164 7
164 14
164 23
164 32
164 34
164 40
164 94
164 106
164 111
164 130
164 145
164 158
164 160
164 167
164 173
164 176
164 177
164 180
164 185
164 200
164 208
164 241
164 248
164 255
164 257
164 263
164 268
164 288
165 6
165 55
165 62
165 73
165 84
165 88
165 97
165 98
165 121
165 135
165 138
165 151
165 153
165 165
165 167
165 169
165 191
165 207
165 208
165 213
165 223
165 230
165 245
166 2
166 37
166 55
166 58
166 62
166 88
166 99
166 110
166 126
166 138
166 142
166 181
166 187
166 216
166 227
166 231
166 236
166 265
166 289
166 293
167 6
167 18
167 19
167 23
167 29
167 35
167 36
167 62
167 76
167 84
167 140
167 155
167 157
167 164
167 169
167 185
167 187
167 191
167 201
167 215
167 222
167 255
167 291
167 292
167 299
168 4
168 16
168 26
168 30
168 36
168 59
168 64
168 72
168 85
168 97
168 105
168 114
168 131
168 138
168 143
168 151
168 156
168 160
168 183
168 184
168 186
168 200
168 211
168 217
168 259
168 260
168 269
168 273
168 277
168 278
169 26
169 35
169 37
169 41
169 43
169 51
169 77
169 89
169 96
169 125
169 144
169 146
169 156
169 164
169 181
169 204
169 211
169 245
169 250
169 252
169 254
169 260
169 266
169 269
169 283
169 285
170 11
170 20
170 24
170 25
170 35
170 36
170 37
170 41
170 62
170 76
170 79
170 99
170 114
170 119
170 137
170 139
170 141
170 146
170 184
170 185
170 189
170 195
170 214
170 226
170 243
170 262
170 263
170 277
170 291
170 294
170 297
170 299
170 300
171 21
171 29
171 31
171 37
171 38
171 43
171 53
171 79
171 97
171 107
171 115
171 121
171 133
171 151
171 167
171 171
171 175
171 176
171 185
171 192
171 196
171 203
171 212
171 215
171 269
171 281
171 283
171 291
171 295
172 2
172 5
172 9
172 29
172 34
172 48
172 50
172 57
172 59
172 65
172 68
172 74
172 86
172 105
172 107
172 120
172 134
172 162
172 163
172 170
172 204
172 219
172 225
172 228
172 243
172 248
172 263
172 265
172 272
172 279
172 281
173 8
173 26
173 39
173 42
173 43
173 64
173 81
173 95
173 117
173 127
173 145
173 149
173 157
173 161
173 184
173 195
173 218
173 234
173 262
173 276
173 288
173 300
174 5
174 19
174 23
174 41
174 58
174 68
174 73
174 84
174 88
174 101
174 143
174 146
174 148
174 149
174 159
174 164
174 195
174 204
174 207
174 215
174 219
174 239
174 243
174 250
174 263
174 282
174 295
175 6
175 48
175 50
175 61
175 72
175 89
175 96
175 98
175 108
175 135
175 140
175 145
175 155
175 166
175 167
175 168
175 172
175 182
175 187
175 199
175 211
175 212
175 253
175 256
175 263
175 290
176 2
176 8
176 12
176 15
176 19
176 21
176 27
176 65
176 66
176 67
176 83
176 110
176 113
176 122
176 154
176 165
176 166
176 180
176 196
176 199
176 201
176 206
176 208
176 216
176 235
176 237
176 240
176 265
176 277
176 286
176 299
177 1
177 2
177 19
177 21
177 35
177 65
177 67
177 72
177 77
177 85
177 86
177 88
177 102
177 130
177 133
177 147
177 170
177 174
177 200
177 213
177 226
177 249
177 264
177 270
177 280
177 281
177 282
177 287
177 292
177 293
178 1
178 19
178 28
178 29
178 37
178 76
178 88
178 89
178 105
178 113
178 126
178 151
178 158
178 159
178 168
178 174
178 176
178 188
178 190
178 192
178 200
178 203
178 208
178 230
178 241
178 243
178 245
178 249
178 265
178 292
178 294
179 16
179 19
179 30
179 37
179 70
179 72
179 75
179 88
179 106
179 109
179 114
179 118
179 131
179 137
179 141
179 142
179 159
179 160
179 161
179 165
179 166
179 169
179 189
179 197
179 219
179 224
179 232
179 237
179 241
179 254
179 274
179 294
180 9
180 10
180 12
180 20
180 34
180 47
180 60
180 68
180 70
180 73
180 84
180 113
180 122
180 130
180 146
180 148
180 149
180 176
180 193
180 202
180 206
180 208
180 213
180 215
180 243
180 244
180 246
180 259
180 262
180 274
180 285
181 5
181 14
181 22
181 27
181 33
181 40
181 42
181 46
181 47
181 59
181 63
181 74
181 78
181 102
181 103
181 112
181 113
181 116
181 131
181 142
181 147
181 155
181 179
181 188
181 193
181 201
181 206
181 225
181 232
181 254
181 272
181 296
181 298
182 9
182 11
182 17
182 23
182 29
182 33
182 43
182 87
182 99
182 105
182 117
182 135
182 146
182 150
182 152
182 155
182 168
182 169
182 183
182 194
182 215
182 226
182 238
182 240
182 241
182 245
182 254
182 257
182 274
182 279
182 282
182 289
182 295
182 299
183 12
183 21
183 29
183 31
183 35
183 72
183 76
183 82
183 97
183 98
183 109
183 115
183 129
183 136
183 164
183 178
183 200
183 202
183 206
183 211
183 212
183 229
183 233
183 244
183 256
183 258
183 266
183 277
183 287
183 297
184 10
184 22
184 29
184 34
184 45
184 50
184 69
184 76
184 85
184 118
184 127
184 144
184 149
184 154
184 156
184 177
184 179
184 187
184 196
184 205
184 209
184 225
184 239
184 248
184 258
184 268
184 275
184 282
184 283
184 289
184 291
185 16
185 48
185 56
185 68
185 79
185 85
185 104
185 112
185 115
185 142
185 145
185 147
185 163
185 169
185 175
185 184
185 186
185 198
185 206
185 217
185 220
185 224
185 229
185 243
185 244
185 256
185 276
185 278
185 287
185 290
186 10
186 13
186 21
186 34
186 38
186 45
186 49
186 61
186 62
186 79
186 85
186 89
186 92
186 93
186 97
186 98
186 104
186 120
186 132
186 141
186 144
186 152
186 154
186 183
186 196
186 200
186 202
186 207
186 213
186 215
186 216
186 219
186 223
186 227
186 233
186 237
186 238
186 253
186 260
186 262
186 266
186 283
186 295
187 22
187 41
187 52
187 63
187 90
187 134
187 137
187 145
187 146
187 157
187 159
187 170
187 173
187 174
187 175
187 197
187 219
187 220
187 222
187 225
187 235
187 238
187 257
187 271
187 272
187 278
188 15
188 21
188 28
188 29
188 44
188 47
188 56
188 68
188 74
188 76
188 84
188 91
188 110
188 134
188 144
188 165
188 167
188 177
188 187
188 200
188 204
188 207
188 210
188 214
188 228
188 232
188 237
188 243
188 244
188 252
188 269
188 271
188 282
188 283
188 287
189 1
189 22
189 25
189 30
189 38
189 45
189 46
189 55
189 68
189 93
189 98
189 100
189 108
189 109
189 113
189 119
189 122
189 153
189 155
189 167
189 171
189 193
189 205
189 206
189 209
189 212
189 213
189 238
189 246
189 248
189 249
189 258
189 269
189 272
189 273
189 287
189 291
190 7
190 11
190 14
190 20
190 32
190 51
190 52
190 56
190 57
190 60
190 70
190 72
190 73
190 76
190 100
190 111
190 113
190 114
190 119
190 122
190 125
190 135
190 139
190 143
190 147
190 154
190 171
190 173
190 208
190 210
190 232
190 239
190 247
190 267
190 268
190 269
190 273
190 275
191 2
191 14
191 29
191 40
191 52
191 65
191 78
191 83
191 84
191 85
191 86
191 102
191 109
191 114
191 115
191 126
191 170
191 188
191 202
191 218
191 226
191 231
191 245
191 249
191 256
191 281
191 287
191 289
191 296
192 6
192 27
192 34
192 37
192 38
192 61
192 69
192 70
192 77
192 80
192 85
192 86
192 105
192 110
192 144
192 151
192 153
192 156
192 157
192 165
192 173
192 181
192 189
192 194
192 201
192 211
192 216
192 217
192 230
192 246
192 248
192 254
192 264
192 270
192 278
192 287
192 293
192 294
193 4
193 5
193 10
193 11
193 34
193 35
193 43
193 46
193 54
193 59
193 66
193 91
193 94
193 119
193 126
193 173
193 202
193 241
193 245
193 252
193 253
193 263
193 274
193 286
193 298
194 5
194 6
194 15
194 31
194 37
194 39
194 84
194 110
194 132
194 136
194 142
194 154
194 166
194 175
194 179
194 190
194 207
194 225
194 243
194 244
194 245
194 252
194 258
194 271
194 275
194 277
194 283
194 286
195 9
195 16
195 18
195 20
195 38
195 55
195 70
195 71
195 72
195 92
195 101
195 122
195 143
195 156
195 179
195 195
195 209
195 220
195 223
195 229
195 237
195 241
195 278
196 1
196 25
196 26
196 74
196 78
196 86
196 89
196 109
196 110
196 118
196 122
196 130
196 131
196 142
196 165
196 168
196 174
196 176
196 178
196 183
196 189
196 193
196 218
196 243
196 265
196 273
196 280
196 283
196 286
196 289
196 298
197 32
197 63
197 91
197 108
197 116
197 120
197 127
197 129
197 143
197 156
197 165
197 177
197 178
197 190
197 192
197 211
197 221
197 223
197 230
197 232
197 270
197 273
197 278
197 287
198 23
198 36
198 50
198 59
198 61
198 65
198 72
198 86
198 93
198 103
198 106
198 108
198 118
198 122
198 127
198 140
198 160
198 163
198 171
198 178
198 206
198 228
198 242
198 265
198 281
199 1
199 24
199 37
199 44
199 49
199 60
199 66
199 76
199 78
199 79
199 94
199 101
199 107
199 127
199 142
199 147
199 153
199 164
199 170
199 182
199 189
199 196
199 207
199 208
199 212
199 229
199 232
199 239
199 251
199 260
199 269
199 272
200 6
200 25
200 79
200 92
200 98
200 99
200 111
200 121
200 130
200 134
200 138
200 143
200 157
200 158
200 169
200 223
200 232
200 234
200 274
200 279
200 292
200 298
201 8
201 10
201 19
201 20
201 26
201 39
201 43
201 51
201 58
201 67
201 77
201 98
201 100
201 115
201 117
201 119
201 144
201 147
201 171
201 188
201 191
201 202
201 219
201 223
201 225
201 232
201 239
201 240
201 255
201 256
201 260
201 270
201 275
201 280
201 291
201 294
202 4
202 7
202 21
202 26
202 27
202 34
202 38
202 41
202 42
202 44
202 50
202 51
202 62
202 63
202 74
202 92
202 134
202 145
202 159
202 162
202 171
202 187
202 223
202 224
202 230
202 231
202 239
202 242
202 245
202 246
202 256
202 258
202 261
202 267
202 273
202 280
202 282
202 292
202 298
202 299
203 10
203 28
203 34
203 36
203 37
203 62
203 64
203 65
203 67
203 70
203 73
203 75
203 86
203 92
203 93
203 94
203 95
203 97
203 111
203 144
203 170
203 184
203 188
203 195
203 252
203 258
203 259
203 269
203 275
204 12
204 39
204 40
204 68
204 75
204 82
204 87
204 93
204 119
204 120
204 122
204 123
204 135
204 139
204 159
204 169
204 216
204 228
204 232
204 240
204 244
204 246
204 260
204 282
204 291
204 299
205 21
205 36
205 68
205 77
205 89
205 94
205 96
205 121
205 134
205 149
205 153
205 160
205 169
205 172
205 176
205 179
205 236
205 239
205 244
205 253
205 254
205 260
205 268
205 277
205 289
206 1
206 10
206 25
206 36
206 41
206 62
206 66
206 82
206 132
206 133
206 159
206 167
206 170
206 182
206 183
206 195
206 197
206 208
206 225
206 239
206 240
206 247
206 249
206 257
206 268
206 280
206 298
206 300
207 3
207 34
207 42
207 43
207 57
207 70
207 76
207 83
207 93
207 94
207 98
207 116
207 122
207 127
207 150
207 151
207 165
207 193
207 200
207 218
207 237
207 238
207 247
207 253
207 257
207 265
207 274
207 275
207 276
207 285
207 291
208 8
208 43
208 50
208 56
208 72
208 85
208 86
208 99
208 106
208 116
208 117
208 118
208 120
208 135
208 146
208 149
208 150
208 162
208 171
208 197
208 210
208 213
208 229
208 243
208 248
208 258
208 261
208 288
209 18
209 26
209 44
209 57
209 64
209 75
209 79
209 86
209 96
209 98
209 109
209 122
209 123
209 126
209 129
209 130
209 137
209 139
209 156
209 159
209 161
209 168
209 183
209 209
209 219
209 223
209 228
209 235
209 248
209 252
209 270
209 273
209 284
209 293
209 299
210 24
210 33
210 58
210 67
210 74
210 92
210 105
210 112
210 124
210 136
210 153
210 160
210 178
210 189
210 200
210 202
210 214
210 216
210 221
210 224
210 225
210 244
210 248
210 256
210 263
210 272
210 276
210 288
211 12
211 22
211 50
211 52
211 54
211 66
211 69
211 75
211 89
211 101
211 136
211 140
211 160
211 163
211 167
211 174
211 181
211 193
211 197
211 228
211 232
211 250
211 255
211 257
211 277
211 284
211 286
211 289
211 290
211 293
212 1
212 7
212 14
212 15
212 29
212 38
212 45
212 48
212 52
212 53
212 55
212 77
212 88
212 105
212 108
212 119
212 141
212 145
212 146
212 155
212 163
212 167
212 168
212 170
212 175
212 178
212 183
212 189
212 191
212 206
212 209
212 214
212 217
212 218
212 221
212 222
212 229
212 240
212 243
212 247
212 257
212 259
212 264
212 271
212 279
212 283
212 292
213 7
213 17
213 47
213 53
213 55
213 57
213 58
213 65
213 87
213 99
213 101
213 102
213 115
213 129
213 133
213 150
213 154
213 157
213 161
213 181
213 183
213 194
213 203
213 204
213 209
213 219
213 230
213 241
213 242
213 257
213 272
213 279
213 288
213 296
214 7
214 17
214 23
214 28
214 49
214 60
214 67
214 73
214 83
214 104
214 105
214 108
214 128
214 136
214 147
214 156
214 176
214 177
214 187
214 189
214 193
214 198
214 199
214 204
214 206
214 211
214 213
214 224
214 253
214 254
214 285
214 293
214 298
215 1
215 10
215 23
215 39
215 40
215 41
215 46
215 52
215 53
215 55
215 66
215 83
215 85
215 86
215 88
215 97
215 109
215 110
215 112
215 133
215 137
215 180
215 181
215 183
215 200
215 206
215 208
215 209
215 220
215 246
215 248
215 264
215 269
215 286
216 6
216 13
216 31
216 39
216 67
216 73
216 81
216 87
216 97
216 125
216 133
216 140
216 162
216 164
216 168
216 174
216 179
216 185
216 234
216 245
216 247
216 253
216 277
216 287
216 296
216 297
217 20
217 21
217 22
217 32
217 36
217 38
217 40
217 46
217 48
217 73
217 98
217 103
217 109
217 116
217 119
217 122
217 128
217 131
217 167
217 182
217 201
217 210
217 211
217 215
217 216
217 236
217 250
217 251
217 253
217 278
217 287
217 293
217 299
217 300
218 1
218 27
218 39
218 52
218 58
218 79
218 98
218 100
218 109
218 110
218 131
218 159
218 186
218 200
218 211
218 222
218 278
218 282
219 6
219 16
219 36
219 40
219 57
219 58
219 64
219 69
219 70
219 74
219 77
219 85
219 93
219 100
219 105
219 124
219 142
219 145
219 162
219 172
219 179
219 200
219 202
219 215
219 219
219 228
219 240
219 243
219 245
219 274
219 275
219 279
219 283
219 300
220 1
220 5
220 23
220 31
220 43
220 52
220 60
220 70
220 78
220 80
220 81
220 82
220 88
220 93
220 99
220 107
220 110
220 117
220 118
220 120
220 122
220 136
220 145
220 158
220 162
220 170
220 179
220 180
220 181
220 198
220 200
220 204
220 208
220 234
220 238
220 239
220 251
220 252
220 253
220 254
220 259
220 260
220 269
220 271
220 285
220 286
220 295
220 296
221 1
221 11
221 39
221 53
221 64
221 72
221 77
221 96
221 111
221 123
221 126
221 129
221 132
221 133
221 134
221 164
221 179
221 194
221 202
221 224
221 229
221 241
221 253
221 259
221 270
221 276
221 284
221 289
221 298
221 299
222 5
222 14
222 28
222 38
222 45
222 46
222 60
222 62
222 70
222 94
222 95
222 99
222 100
222 105
222 110
222 112
222 127
222 136
222 138
222 151
222 154
222 160
222 162
222 174
222 178
222 182
222 187
222 214
222 225
222 229
222 242
222 244
222 250
222 258
222 270
222 275
222 291
223 15
223 17
223 18
223 55
223 72
223 88
223 99
223 114
223 118
223 121
223 133
223 171
223 172
223 174
223 185
223 186
223 188
223 190
223 195
223 198
223 203
223 228
223 247
223 262
223 270
223 278
223 282
223 283
223 289
223 295
224 8
224 17
224 26
224 30
224 51
224 55
224 61
224 79
224 88
224 96
224 101
224 104
224 114
224 123
224 127
224 134
224 145
224 147
224 153
224 169
224 177
224 191
224 197
224 200
224 201
224 205
224 213
224 215
224 220
224 232
224 266
224 273
224 282
224 286
224 287
224 293
225 25
225 32
225 44
225 48
225 49
225 72
225 94
225 95
225 100
225 103
225 105
225 129
225 158
225 176
225 177
225 186
225 188
225 190
225 193
225 194
225 195
225 201
225 206
225 216
225 217
225 229
225 243
225 250
225 258
225 281
225 287
225 295
226 11
226 41
226 48
226 67
226 71
226 86
226 92
226 130
226 133
226 148
226 184
226 213
226 222
226 239
226 241
226 242
226 243
226 246
226 249
226 254
226 278
226 281
226 293
227 17
227 20
227 22
227 39
227 43
227 45
227 63
227 67
227 78
227 79
227 107
227 114
227 125
227 128
227 129
227 134
227 157
227 162
227 166
227 169
227 198
227 211
227 222
227 226
227 235
227 237
227 238
227 239
227 249
227 255
227 257
227 269
227 270
227 276
227 287
227 288
227 300
228 18
228 31
228 36
228 37
228 40
228 82
228 102
228 110
228 142
228 145
228 147
228 148
228 157
228 178
228 206
228 214
228 235
228 253
229 5
229 31
229 35
229 38
229 44
229 51
229 62
229 66
229 69
229 79
229 80
229 81
229 94
229 114
229 122
229 158
229 171
229 179
229 180
229 204
229 210
229 219
229 221
229 247
229 264
229 273
229 283
229 284
230 20
230 28
230 34
230 41
230 43
230 58
230 59
230 62
230 72
230 85
230 92
230 93
230 99
230 105
230 108
230 119
230 121
230 122
230 160
230 166
230 183
230 191
230 205
230 215
230 227
230 230
230 231
230 244
230 246
230 261
230 296
231 2
231 11
231 25
231 33
231 41
231 42
231 62
231 67
231 83
231 99
231 101
231 111
231 116
231 131
231 132
231 135
231 138
231 143
231 158
231 170
231 171
231 172
231 199
231 209
231 210
231 211
231 212
231 213
231 225
231 231
231 234
231 257
231 271
231 273
231 274
231 289
231 299
232 6
232 12
232 17
232 22
232 23
232 34
232 50
232 62
232 65
232 74
232 75
232 79
232 83
232 87
232 96
232 104
232 108
232 123
232 137
232 140
232 141
232 156
232 167
232 171
232 178
232 212
232 215
232 224
232 230
232 235
232 252
232 253
232 274
232 288
233 11
233 19
233 27
233 36
233 55
233 56
233 59
233 60
233 71
233 120
233 124
233 137
233 140
233 143
233 162
233 168
233 187
233 196
233 199
233 201
233 206
233 249
233 255
233 269
233 292
234 4
234 18
234 28
234 33
234 35
234 37
234 43
234 64
234 89
234 94
234 100
234 128
234 158
234 161
234 192
234 208
234 216
234 222
234 228
234 233
234 234
234 247
234 249
234 255
234 264
234 265
234 272
234 298
235 7
235 31
235 39
235 50
235 52
235 54
235 55
235 68
235 70
235 78
235 82
235 93
235 105
235 119
235 135
235 137
235 141
235 152
235 153
235 159
235 161
235 162
235 164
235 178
235 186
235 194
235 199
235 208
235 211
235 212
235 233
235 245
235 246
235 255
235 266
235 268
235 286
235 291
236 11
236 18
236 21
236 23
236 26
236 28
236 34
236 44
236 65
236 72
236 78
236 81
236 86
236 94
236 100
236 107
236 123
236 150
236 154
236 164
236 173
236 175
236 203
236 204
236 212
236 232
236 248
236 268
236 270
236 271
236 277
236 283
236 287
236 296
237 7
237 22
237 28
237 53
237 55
237 58
237 77
237 86
237 88
237 92
237 96
237 103
237 126
237 133
237 137
237 144
237 147
237 150
237 152
237 160
237 161
237 198
237 200
237 221
237 240
237 242
237 254
237 260
237 265
237 267
237 281
237 285
238 6
238 9
238 12
238 43
238 45
238 53
238 63
238 64
238 117
238 121
238 135
238 136
238 149
238 155
238 158
238 164
238 180
238 188
238 199
238 208
238 209
238 212
238 213
238 247
238 255
238 258
238 260
238 263
238 281
238 282
238 286
238 293
238 294
239 13
239 25
239 28
239 54
239 79
239 81
239 87
239 91
239 117
239 121
239 139
239 142
239 163
239 177
239 179
239 204
239 209
239 228
239 244
239 245
239 269
239 276
239 294
240 2
240 9
240 13
240 31
240 33
240 63
240 66
240 76
240 86
240 119
240 124
240 144
240 153
240 169
240 172
240 174
240 202
240 209
240 210
240 213
240 218
240 227
240 242
240 247
240 252
240 276
241 34
241 37
241 65
241 83
241 84
241 92
241 105
241 114
241 128
241 130
241 132
241 184
241 196
241 198
241 202
241 203
241 210
241 211
241 228
241 251
241 269
241 275
241 281
241 284
242 9
242 18
242 20
242 37
242 43
242 46
242 57
242 75
242 80
242 115
242 132
242 185
242 191
242 205
242 207
242 214
242 215
242 223
242 232
242 238
242 243
242 253
242 255
242 265
242 268
242 297
242 298
243 4
243 8
243 13
243 16
243 17
243 28
243 36
243 45
243 46
243 57
243 58
243 65
243 71
243 84
243 85
243 98
243 124
243 133
243 153
243 159
243 160
243 180
243 182
243 207
243 217
243 220
243 226
243 272
243 285
243 289
244 16
244 23
244 31
244 40
244 45
244 57
244 59
244 84
244 123
244 134
244 136
244 148
244 154
244 159
244 161
244 163
244 174
244 175
244 180
244 199
244 202
244 226
244 232
244 236
244 240
244 253
244 264
244 265
244 274
244 275
244 278
244 295
244 298
244 299
245 4
245 13
245 15
245 21
245 37
245 43
245 45
245 67
245 74
245 85
245 87
245 104
245 115
245 117
245 132
245 134
245 150
245 152
245 163
245 174
245 196
245 203
245 229
245 245
245 257
245 264
245 273
245 295
246 4
246 8
246 31
246 40
246 45
246 49
246 66
246 73
246 95
246 113
246 119
246 128
246 132
246 141
246 159
246 162
246 188
246 194
246 202
246 210
246 213
246 226
246 232
246 233
246 236
246 244
246 258
246 260
246 263
246 273
246 275
246 278
246 281
246 283
246 288
247 4
247 8
247 10
247 17
247 18
247 19
247 36
247 40
247 49
247 51
247 66
247 67
247 80
247 82
247 95
247 96
247 104
247 123
247 147
247 149
247 155
247 169
247 171
247 179
247 184
247 209
247 210
247 215
247 227
247 241
247 276
247 294
247 298
248 1
248 2
248 4
248 20
248 22
248 26
248 33
248 46
248 51
248 71
248 84
248 115
248 124
248 142
248 145
248 157
248 169
248 185
248 251
248 253
248 269
248 272
248 273
248 274
249 14
249 38
249 39
249 46
249 55
249 64
249 66
249 69
249 70
249 75
249 82
249 104
249 111
249 146
249 150
249 160
249 166
249 186
249 190
249 193
249 194
249 202
249 204
249 206
249 222
249 225
249 226
249 261
249 263
249 264
249 267
249 277
250 4
250 6
250 11
250 25
250 43
250 56
250 58
250 74
250 81
250 82
250 83
250 99
250 109
250 114
250 124
250 125
250 127
250 130
250 135
250 146
250 159
250 161
250 162
250 167
250 172
250 176
250 185
250 190
250 213
250 216
250 224
250 233
250 237
250 285
250 288
250 291
250 296
251 2
251 4
251 21
251 34
251 35
251 40
251 46
251 53
251 64
251 65
251 68
251 71
251 90
251 100
251 118
251 131
251 138
251 144
251 146
251 160
251 166
251 178
251 211
251 220
251 229
251 237
251 276
251 281
251 290
251 297
252 7
252 13
252 22
252 49
252 67
252 103
252 107
252 124
252 131
252 136
252 144
252 168
252 174
252 179
252 180
252 196
252 203
252 209
252 220
252 224
252 228
252 234
252 242
252 249
252 250
252 262
252 271
252 272
252 273
252 287
252 299
253 24
253 37
253 38
253 48
253 50
253 52
253 66
253 84
253 108
253 112
253 115
253 122
253 147
253 153
253 162
253 165
253 171
253 176
253 195
253 199
253 206
253 217
253 237
253 243
253 256
253 269
253 286
253 294
253 295
253 297
253 299
254 49
254 60
254 87
254 95
254 101
254 104
254 106
254 121
254 126
254 128
254 132
254 136
254 154
254 165
254 182
254 183
254 195
254 207
254 214
254 224
254 235
254 237
254 241
254 260
254 297
255 16
255 28
255 29
255 31
255 38
255 43
255 46
255 59
255 66
255 84
255 85
255 94
255 97
255 131
255 137
255 138
255 142
255 146
255 151
255 158
255 173
255 179
255 185
255 186
255 191
255 201
255 238
255 242
255 245
255 265
255 284
255 285
255 289
255 300
256 23
256 32
256 78
256 81
256 93
256 117
256 118
256 119
256 137
256 138
256 148
256 153
256 168
256 180
256 188
256 190
256 194
256 196
256 208
256 213
256 226
256 230
256 275
256 284
256 293
256 297
256 299
257 23
257 27
257 56
257 58
257 59
257 66
257 80
257 139
257 161
257 170
257 173
257 202
257 226
257 238
257 240
257 244
257 252
257 268
257 271
257 273
257 282
257 283
257 284
258 1
258 7
258 26
258 45
258 54
258 55
258 93
258 102
258 140
258 151
258 192
258 201
258 202
258 204
258 205
258 211
258 212
258 226
258 242
258 245
258 249
258 253
258 266
258 274
258 283
258 287
259 6
259 19
259 24
259 34
259 81
259 82
259 87
259 95
259 97
259 118
259 121
259 123
259 139
259 140
259 165
259 172
259 198
259 214
259 218
259 227
259 238
259 243
259 265
259 278
259 285
259 287
259 289
259 292
260 2
260 28
260 39
260 44
260 50
260 55
260 57
260 60
260 64
260 101
260 132
260 136
260 141
260 147
260 149
260 151
260 157
260 158
260 183
260 185
260 188
260 189
260 190
260 193
260 198
260 230
260 282
260 283
260 299
261 2
261 8
261 39
261 52
261 56
261 95
261 101
261 105
261 114
261 124
261 131
261 133
261 145
261 152
261 165
261 180
261 192
261 196
261 197
261 209
261 215
261 216
261 223
261 227
261 232
261 235
261 252
261 268
261 298
262 3
262 8
262 12
262 20
262 21
262 23
262 35
262 61
262 71
262 90
262 94
262 125
262 145
262 158
262 161
262 171
262 190
262 202
262 205
262 206
262 215
262 218
262 219
262 223
262 225
262 226
262 233
262 242
262 271
262 275
263 2
263 16
263 27
263 32
263 39
263 40
263 62
263 63
263 68
263 69
263 77
263 107
263 110
263 115
263 118
263 123
263 126
263 159
263 163
263 171
263 175
263 183
263 184
263 192
263 209
263 212
263 225
263 226
263 235
263 247
263 248
263 261
263 263
263 281
263 287
263 300
264 8
264 15
264 16
264 21
264 23
264 24
264 32
264 39
264 50
264 72
264 88
264 90
264 102
264 110
264 149
264 152
264 156
264 159
264 162
264 193
264 196
264 197
264 253
264 256
264 263
264 264
264 266
264 269
264 270
264 280
265 4
265 6
265 7
265 8
265 43
265 53
265 65
265 66
265 76
265 83
265 90
265 98
265 100
265 101
265 102
265 118
265 122
265 142
265 152
265 169
265 172
265 175
265 181
265 188
265 191
265 200
265 205
265 208
265 212
265 225
265 228
265 231
265 240
265 241
265 243
265 254
265 257
265 261
265 264
265 273
265 276
265 295
265 296
266 3
266 8
266 20
266 29
266 31
266 34
266 42
266 48
266 62
266 63
266 70
266 96
266 118
266 131
266 146
266 151
266 154
266 157
266 162
266 167
266 182
266 188
266 247
266 251
266 253
266 264
266 270
266 277
266 281
266 283
266 293
266 294
267 24
267 49
267 55
267 77
267 79
267 81
267 100
267 105
267 110
267 121
267 147
267 150
267 155
267 185
267 188
267 220
267 259
267 274
267 281
267 283
267 289
268 2
268 5
268 8
268 13
268 21
268 30
268 37
268 46
268 72
268 95
268 111
268 112
268 113
268 117
268 124
268 128
268 131
268 138
268 166
268 188
268 197
268 213
268 237
268 239
268 243
268 254
268 270
268 283
269 14
269 18
269 25
269 31
269 39
269 42
269 47
269 52
269 60
269 64
269 66
269 71
269 74
269 76
269 95
269 96
269 97
269 101
269 104
269 163
269 167
269 170
269 179
269 196
269 219
269 223
269 248
269 257
269 259
269 272
269 278
270 11
270 23
270 27
270 55
270 80
270 90
270 103
270 115
270 130
270 138
270 140
270 148
270 155
270 169
270 173
270 218
270 232
270 233
270 235
270 243
270 254
270 260
270 265
270 276
270 297
270 299
271 3
271 5
271 17
271 36
271 44
271 47
271 50
271 51
271 59
271 75
271 114
271 115
271 138
271 151
271 153
271 193
271 203
271 228
271 238
271 240
271 252
271 257
271 280
271 289
271 300
272 11
272 12
272 24
272 31
272 78
272 104
272 112
272 122
272 129
272 130
272 131
272 133
272 135
272 147
272 152
272 158
272 163
272 167
272 171
272 183
272 188
272 190
272 198
272 208
272 215
272 219
272 227
272 234
272 237
272 238
272 241
272 276
272 285
273 11
273 17
273 22
273 29
273 31
273 36
273 40
273 62
273 69
273 72
273 76
273 95
273 109
273 111
273 136
273 140
273 146
273 156
273 161
273 196
273 203
273 208
273 215
273 225
273 233
273 236
273 259
273 262
273 263
273 264
273 265
273 267
273 270
273 277
273 290
273 291
273 294
273 296
274 1
274 7
274 15
274 28
274 38
274 51
274 62
274 76
274 105
274 109
274 114
274 130
274 139
274 145
274 151
274 154
274 169
274 188
274 203
274 213
274 221
274 222
274 226
274 233
274 247
274 253
274 263
274 271
274 275
274 292
274 293
275 12
275 27
275 42
275 45
275 55
275 56
275 71
275 82
275 84
275 86
275 89
275 91
275 93
275 110
275 119
275 124
275 130
275 139
275 144
275 151
275 178
275 197
275 198
275 199
275 204
275 209
275 212
275 220
275 222
275 231
275 236
275 249
275 259
275 260
275 292
275 296
276 6
276 24
276 26
276 27
276 28
276 33
276 34
276 35
276 47
276 50
276 58
276 63
276 73
276 83
276 88
276 92
276 106
276 108
276 115
276 131
276 138
276 148
276 154
276 157
276 165
276 207
276 227
276 229
276 231
276 262
276 285
276 290
276 294
277 2
277 56
277 72
277 78
277 92
277 105
277 106
277 112
277 126
277 135
277 144
277 146
277 157
277 160
277 164
277 169
277 171
277 192
277 198
277 220
277 228
277 230
277 233
277 243
277 256
277 270
277 276
277 277
277 282
277 288
277 292
278 4
278 14
278 19
278 25
278 33
278 35
278 49
278 51
278 53
278 58
278 64
278 65
278 81
278 89
278 94
278 95
278 97
278 98
278 106
278 107
278 116
278 123
278 128
278 136
278 138
278 151
278 153
278 161
278 162
278 177
278 182
278 185
278 194
278 201
278 221
278 243
278 248
278 275
278 292
279 2
279 11
279 13
279 15
279 17
279 26
279 28
279 38
279 69
279 86
279 102
279 110
279 127
279 137
279 138
279 143
279 152
279 158
279 185
279 190
279 198
279 202
279 216
279 220
279 240
279 260
279 269
279 277
279 288
279 293
279 295
280 1
280 14
280 24
280 28
280 46
280 47
280 53
280 54
280 72
280 78
280 81
280 89
280 100
280 117
280 122
280 124
280 125
280 130
280 144
280 152
280 159
280 168
280 187
280 191
280 195
280 204
280 209
280 219
280 229
280 239
280 253
280 262
280 265
280 269
280 282
280 287
281 10
281 12
281 15
281 33
281 34
281 36
281 38
281 40
281 59
281 65
281 70
281 81
281 88
281 116
281 121
281 126
281 131
281 137
281 155
281 171
281 212
281 258
281 273
281 290
281 299
282 11
282 18
282 33
282 54
282 65
282 72
282 89
282 94
282 99
282 110
282 113
282 127
282 134
282 151
282 159
282 206
282 228
282 237
282 251
282 252
282 255
282 262
282 264
282 274
282 281
282 290
282 295
282 299
283 11
283 27
283 39
283 42
283 83
283 89
283 95
283 99
283 106
283 119
283 120
283 133
283 140
283 160
283 170
283 172
283 184
283 188
283 200
283 209
283 210
283 217
283 223
283 233
283 236
283 242
283 254
283 256
283 260
283 295
284 4
284 33
284 89
284 93
284 98
284 104
284 112
284 133
284 149
284 151
284 163
284 165
284 172
284 176
284 179
284 182
284 184
284 191
284 223
284 225
284 235
284 268
284 281
284 293
285 17
285 35
285 41
285 45
285 53
285 62
285 83
285 101
285 116
285 119
285 123
285 152
285 168
285 169
285 177
285 192
285 194
285 195
285 207
285 243
285 270
285 292
286 1
286 2
286 13
286 21
286 24
286 32
286 48
286 63
286 70
286 83
286 87
286 112
286 115
286 116
286 117
286 122
286 128
286 130
286 137
286 150
286 152
286 192
286 203
286 213
286 216
286 225
286 231
286 244
286 260
286 266
286 285
287 8
287 15
287 22
287 23
287 33
287 63
287 67
287 68
287 88
287 101
287 105
287 111
287 114
287 148
287 152
287 167
287 171
287 179
287 191
287 202
287 204
287 212
287 219
287 229
287 235
287 256
287 257
287 272
287 299
288 17
288 18
288 21
288 30
288 40
288 42
288 86
288 94
288 102
288 108
288 119
288 175
288 189
288 198
288 207
288 217
288 218
288 234
288 249
288 254
288 264
288 267
288 276
288 281
288 284
288 295
289 7
289 9
289 19
289 28
289 59
289 75
289 80
289 92
289 93
289 104
289 107
289 135
289 145
289 146
289 150
289 158
289 172
289 173
289 178
289 181
289 194
289 195
289 204
289 206
289 212
289 227
289 263
289 275
289 281
289 294
290 10
290 18
290 26
290 34
290 44
290 53
290 54
290 61
290 75
290 77
290 93
290 94
290 96
290 103
290 105
290 111
290 116
290 124
290 127
290 128
290 170
290 173
290 181
290 208
290 216
290 218
290 220
290 240
290 249
290 279
291 2
291 26
291 32
291 43
291 48
291 52
291 82
291 96
291 99
291 100
291 103
291 108
291 116
291 120
291 139
291 140
291 165
291 168
291 179
291 180
291 187
291 199
291 200
291 234
291 248
291 263
291 267
291 269
291 276
291 285
291 292
292 6
292 9
292 19
292 25
292 29
292 40
292 46
292 57
292 58
292 84
292 89
292 94
292 114
292 127
292 129
292 145
292 147
292 152
292 159
292 174
292 177
292 182
292 195
292 208
292 220
292 225
292 244
292 252
292 290
292 300
293 4
293 5
293 6
293 15
293 29
293 36
293 38
293 40
293 41
293 51
293 58
293 78
293 97
293 114
293 130
293 133
293 148
293 153
293 167
293 178
293 179
293 228
293 230
293 232
293 240
293 244
293 264
293 266
293 267
293 272
293 279
293 292
293 295
293 297
294 6
294 12
294 16
294 25
294 33
294 34
294 37
294 41
294 52
294 84
294 107
294 109
294 117
294 136
294 158
294 181
294 182
294 201
294 207
294 232
294 242
294 251
294 256
294 277
294 285
295 3
295 12
295 30
295 31
295 42
295 51
295 54
295 86
295 87
295 89
295 92
295 93
295 95
295 97
295 108
295 130
295 131
295 152
295 232
295 254
295 255
295 264
295 268
295 276
296 19
296 62
296 73
296 90
296 127
296 128
296 129
296 131
296 138
296 150
296 164
296 165
296 172
296 174
296 187
296 193
296 194
296 208
296 210
296 216
296 225
296 252
296 278
296 299
297 7
297 8
297 9
297 52
297 63
297 82
297 99
297 113
297 127
297 136
297 142
297 151
297 159
297 160
297 167
297 188
297 194
297 201
297 202
297 203
297 219
297 220
297 238
297 288
298 15
298 23
298 24
298 34
298 40
298 48
298 54
298 79
298 82
298 83
298 104
298 113
298 114
298 127
298 131
298 152
298 194
298 202
298 230
298 238
298 239
298 241
298 246
298 259
298 274
298 277
298 280
298 292
298 294
299 19
299 24
299 41
299 51
299 58
299 59
299 65
299 84
299 85
299 98
299 101
299 106
299 114
299 125
299 138
299 150
299 152
299 153
299 156
299 255
299 274
299 286
299 290
299 299
300 8
300 10
300 23
300 28
300 49
300 55
300 99
300 116
300 130
300 176
300 199
300 208
300 215
300 225
300 228
300 229
300 271
300 283
300 297
300 298
