250
3150
1 24
1 31
1 96
1 100
1 156
1 173
1 178
1 191
1 206
1 214
1 221
1 244
1 246
2 26
2 42
2 45
2 50
2 133
2 138
2 145
2 146
2 170
2 191
2 206
3 10
3 43
3 44
3 53
3 66
3 77
3 81
3 104
3 132
3 145
3 149
3 154
3 166
3 180
3 186
3 194
3 196
3 236
3 238
4 28
4 30
4 40
4 43
4 68
4 75
4 82
4 138
4 142
4 182
4 198
4 217
4 221
5 16
5 141
5 155
5 162
5 169
5 172
5 187
5 197
5 228
5 244
6 9
6 22
6 30
6 49
6 59
6 85
6 100
6 131
6 136
6 148
6 154
6 182
6 192
6 235
6 250
7 28
7 47
7 74
7 129
7 153
7 211
8 1
8 18
8 31
8 47
8 72
8 74
8 105
8 126
8 152
8 157
8 170
8 203
8 238
8 241
9 12
9 20
9 81
9 105
9 123
9 145
9 154
9 159
9 174
9 180
9 198
9 218
9 224
9 233
9 247
9 250
10 5
10 36
10 44
10 54
10 68
10 79
10 89
10 191
10 194
10 235
10 244
10 245
11 10
11 14
11 21
11 52
11 111
11 135
11 137
11 144
11 166
11 168
11 186
11 230
11 233
11 236
12 14
12 22
12 24
12 39
12 50
12 57
12 63
12 66
12 170
12 190
12 192
12 219
12 223
13 5
13 19
13 103
13 123
13 130
13 149
13 173
13 180
13 185
13 222
13 225
13 242
13 245
14 3
14 21
14 41
14 45
14 46
14 64
14 118
14 119
14 151
14 169
14 174
14 178
14 213
14 240
14 243
14 244
15 8
15 13
15 14
15 25
15 59
15 84
15 94
15 98
15 101
15 117
15 146
15 159
15 218
15 221
15 225
16 23
16 29
16 72
16 74
16 103
16 107
16 146
16 202
16 208
16 237
16 238
17 15
17 44
17 182
17 187
17 188
17 189
17 193
17 200
18 37
18 59
18 62
18 75
18 91
18 177
18 184
18 227
19 12
19 23
19 34
19 53
19 95
19 138
19 147
19 152
19 155
19 157
19 168
19 174
19 177
19 195
19 197
19 218
19 247
20 22
20 31
20 43
20 61
20 149
20 238
21 8
21 11
21 19
21 48
21 57
21 79
21 90
21 95
21 125
21 130
21 138
21 148
21 150
21 161
21 165
21 172
21 180
21 197
22 8
22 23
22 81
22 84
22 126
22 146
22 147
22 164
22 172
22 178
22 181
22 199
23 15
23 35
23 72
23 79
23 97
23 126
23 142
23 152
23 165
23 169
23 193
23 202
23 208
23 224
24 11
24 51
24 65
24 69
24 77
24 79
24 128
24 180
24 228
25 17
25 24
25 35
25 50
25 69
25 75
25 79
25 206
26 42
26 70
26 79
26 110
26 116
26 122
26 141
26 143
26 144
26 150
26 212
26 217
26 234
26 242
27 1
27 13
27 15
27 29
27 65
27 89
27 130
27 143
27 153
27 160
27 197
27 212
27 217
27 219
27 236
27 245
27 246
28 2
28 10
28 27
28 51
28 63
28 68
28 106
28 108
28 184
28 187
28 205
28 219
28 238
29 2
29 36
29 47
29 52
29 85
29 96
29 101
29 105
29 142
29 147
29 167
29 180
29 181
29 182
29 203
29 213
29 250
30 1
30 4
30 13
30 14
30 26
30 99
30 139
30 218
30 223
31 33
31 34
31 65
31 67
31 115
31 116
31 122
31 152
31 220
31 221
31 241
31 246
32 3
32 25
32 35
32 69
32 108
32 111
32 156
32 163
32 206
32 208
32 212
32 230
33 6
33 60
33 67
33 68
33 76
33 141
33 146
33 164
33 235
33 247
34 4
34 20
34 30
34 31
34 32
34 43
34 59
34 72
34 84
34 107
34 129
34 132
34 144
34 179
34 194
34 207
34 218
34 221
34 240
34 242
35 12
35 32
35 73
35 81
35 132
35 138
35 167
35 171
35 185
35 186
35 197
35 209
35 226
35 248
36 22
36 25
36 71
36 86
36 159
36 171
36 187
36 189
36 233
37 5
37 23
37 60
37 72
37 89
37 132
37 145
37 203
37 204
37 249
38 3
38 33
38 64
38 73
38 82
38 134
38 179
38 184
38 189
38 202
38 223
38 231
38 237
38 241
39 5
39 21
39 22
39 26
39 27
39 34
39 63
39 84
39 94
39 110
39 129
39 132
39 139
39 153
39 159
39 173
39 189
39 192
39 198
39 213
39 220
39 235
39 239
40 7
40 24
40 40
40 53
40 67
40 102
40 104
40 117
40 132
40 136
40 147
40 153
40 173
40 188
40 196
40 230
40 233
41 11
41 100
41 104
41 168
41 170
41 177
41 210
41 244
42 18
42 29
42 36
42 42
42 47
42 66
42 75
42 89
42 133
42 160
42 177
42 189
42 207
42 241
43 9
43 33
43 40
43 80
43 99
43 172
43 210
43 212
43 229
43 230
43 237
43 249
44 11
44 17
44 59
44 73
44 79
44 97
44 104
44 172
44 174
44 211
45 17
45 18
45 28
45 31
45 32
45 36
45 62
45 108
45 141
45 157
45 162
45 171
45 225
45 227
45 235
45 239
45 241
46 17
46 36
46 83
46 93
46 96
46 111
46 143
46 152
46 178
46 241
47 12
47 25
47 44
47 56
47 72
47 133
47 165
47 172
47 243
48 2
48 43
48 50
48 55
48 85
48 114
48 125
48 129
48 148
48 154
48 168
48 189
48 204
48 207
48 208
48 209
48 217
49 6
49 39
49 42
49 166
49 170
49 189
49 205
50 4
50 25
50 78
50 127
50 158
50 162
50 183
51 24
51 110
51 120
51 204
51 228
51 239
52 65
52 71
52 87
52 88
52 114
52 123
52 127
52 136
52 153
52 155
52 156
52 162
52 193
52 203
52 204
52 233
52 236
52 250
53 18
53 40
53 42
53 47
53 89
53 100
53 103
53 104
53 110
53 124
53 144
53 170
53 219
53 243
54 19
54 44
54 50
54 51
54 62
54 76
54 97
54 152
54 169
54 218
54 238
54 245
55 7
55 10
55 34
55 54
55 61
55 74
55 103
55 116
55 122
55 130
55 153
55 158
55 191
55 193
55 239
56 10
56 45
56 59
56 123
56 183
56 186
56 221
56 247
57 22
57 105
57 124
57 151
57 156
57 167
57 179
57 214
57 223
57 226
57 246
58 4
58 11
58 19
58 104
58 157
58 165
58 182
58 201
58 206
58 213
59 9
59 42
59 49
59 58
59 64
59 65
59 107
59 117
59 127
59 134
59 166
59 180
59 207
59 227
59 237
60 7
60 17
60 32
60 74
60 76
60 104
60 136
60 153
60 154
60 203
60 231
60 241
61 15
61 27
61 53
61 69
61 74
61 106
61 164
61 166
61 180
61 193
61 220
61 248
62 30
62 31
62 52
62 113
62 128
62 135
62 155
62 165
62 172
62 199
62 211
62 212
62 225
62 229
62 237
62 246
63 6
63 26
63 62
63 66
63 123
63 125
63 141
63 165
63 184
63 199
63 203
63 206
64 28
64 58
64 64
64 89
64 155
64 157
64 162
64 168
64 180
64 207
64 212
64 221
65 23
65 38
65 66
65 80
65 105
65 124
65 170
65 172
65 186
65 211
65 213
65 215
66 17
66 24
66 42
66 47
66 57
66 185
66 200
66 201
66 212
66 244
67 46
67 77
67 92
67 96
67 125
67 133
67 136
67 168
67 175
67 198
67 224
67 229
67 237
68 87
68 117
68 135
68 157
68 162
68 175
68 250
69 13
69 57
69 58
69 86
69 112
69 128
69 131
69 135
69 170
69 210
69 216
69 223
69 236
69 239
69 242
70 18
70 29
70 45
70 56
70 102
70 106
70 108
70 118
70 119
70 129
70 183
70 208
70 211
70 218
70 244
71 8
71 10
71 11
71 18
71 22
71 38
71 78
71 141
71 162
71 177
71 243
72 12
72 17
72 24
72 30
72 100
72 101
72 116
72 135
72 136
72 149
72 180
72 200
72 234
72 249
73 5
73 6
73 52
73 73
73 96
73 114
73 123
73 132
73 137
73 148
73 183
73 190
73 206
74 17
74 25
74 26
74 36
74 47
74 78
74 79
74 100
74 102
74 111
74 151
74 173
74 192
75 16
75 31
75 37
75 41
75 49
75 55
75 57
75 134
75 164
75 179
75 192
75 197
75 198
75 231
76 61
76 65
76 92
76 102
76 105
76 179
76 183
76 189
76 192
76 218
77 25
77 49
77 102
77 128
77 187
77 189
77 205
77 206
77 213
77 225
77 231
78 77
78 85
78 124
78 157
78 179
78 214
78 225
78 239
79 34
79 105
79 107
79 142
79 155
79 212
79 220
80 29
80 54
80 57
80 64
80 112
80 115
80 129
80 188
80 218
80 235
80 241
80 249
81 1
81 2
81 18
81 22
81 36
81 56
81 75
81 86
81 106
81 108
81 113
81 132
81 140
81 158
81 191
81 207
81 222
82 13
82 37
82 60
82 70
82 73
82 85
82 93
82 94
82 112
82 126
82 164
82 207
82 209
82 214
82 233
83 20
83 21
83 23
83 47
83 49
83 78
83 98
83 133
83 139
83 146
83 151
83 161
83 172
83 174
83 194
83 206
83 208
83 249
84 11
84 12
84 53
84 102
84 107
84 120
84 151
84 161
84 215
84 222
84 234
85 7
85 21
85 24
85 26
85 65
85 66
85 86
85 92
85 98
85 114
85 129
85 152
85 181
85 217
85 234
86 8
86 17
86 35
86 45
86 51
86 54
86 77
86 92
86 108
86 115
86 179
86 185
87 174
87 184
87 240
88 33
88 40
88 45
88 52
88 89
88 103
88 146
88 170
88 210
89 7
89 15
89 33
89 51
89 61
89 87
89 88
89 166
89 217
90 11
90 19
90 73
90 87
90 99
90 148
90 160
90 198
90 201
90 223
90 236
91 84
91 87
91 118
91 156
91 163
91 181
91 182
91 216
91 217
91 220
91 228
91 246
92 11
92 22
92 113
92 135
92 137
92 145
92 147
92 151
92 165
92 171
92 173
92 188
92 225
92 229
92 243
93 43
93 61
93 108
93 112
93 127
93 135
93 185
93 216
93 250
94 33
94 50
94 59
94 75
94 157
94 192
94 205
94 226
94 247
95 19
95 36
95 41
95 51
95 52
95 63
95 105
95 112
95 114
95 141
95 154
95 165
95 220
96 31
96 47
96 60
96 63
96 86
96 87
96 94
96 108
96 122
96 137
96 138
96 162
96 166
96 171
96 184
96 220
96 225
96 228
96 250
97 4
97 16
97 17
97 55
97 99
97 107
97 116
97 139
97 159
97 166
97 213
97 226
97 239
97 244
98 2
98 40
98 55
98 58
98 72
98 73
98 91
98 154
98 164
98 173
98 194
98 195
98 200
98 206
98 225
98 232
99 9
99 17
99 40
99 87
99 101
99 136
99 161
99 193
99 202
99 217
99 226
99 229
99 241
99 245
100 13
100 34
100 45
100 65
100 76
100 88
100 104
100 110
100 130
100 164
100 167
100 174
100 182
100 201
100 223
100 231
100 232
100 233
100 235
100 240
101 3
101 10
101 41
101 95
101 100
101 103
101 114
101 120
101 178
101 186
101 194
101 210
101 228
101 232
101 247
102 46
102 55
102 58
102 147
102 154
102 157
102 162
102 174
102 183
102 190
102 203
103 58
103 63
103 74
103 80
103 137
103 145
103 190
103 209
103 214
103 220
104 16
104 45
104 56
104 65
104 71
104 94
104 96
104 98
104 132
104 149
104 165
104 175
104 181
104 232
104 243
104 246
105 77
105 139
105 141
105 169
105 191
105 192
105 210
105 214
106 25
106 48
106 59
106 65
106 81
106 85
106 89
106 97
106 121
106 125
106 130
106 136
106 150
106 171
106 175
106 204
106 233
106 250
107 1
107 11
107 23
107 41
107 46
107 57
107 74
107 92
107 114
107 115
107 121
107 142
107 187
107 196
107 248
108 13
108 43
108 61
108 69
108 171
108 192
109 23
109 117
109 124
109 146
109 171
109 179
109 205
109 217
109 218
109 223
109 232
109 248
109 250
110 26
110 46
110 48
110 65
110 71
110 95
110 111
110 179
110 197
110 217
110 235
110 242
111 12
111 40
111 53
111 95
111 112
111 137
111 143
111 154
111 160
111 172
111 190
111 191
111 216
111 222
112 24
112 49
112 59
112 192
112 218
112 219
112 247
113 10
113 38
113 93
113 132
113 143
113 148
113 204
113 238
114 141
114 150
114 152
114 162
114 178
114 223
114 246
114 247
115 10
115 15
115 51
115 61
115 70
115 134
115 142
115 155
115 182
115 200
115 217
115 227
115 231
115 234
115 250
116 6
116 83
116 142
116 149
116 154
116 177
116 197
116 222
116 239
116 245
117 17
117 58
117 72
117 87
117 131
117 214
117 216
118 49
118 148
118 153
118 188
118 193
118 200
118 205
118 243
118 244
118 248
119 1
119 18
119 27
119 39
119 115
119 130
119 208
119 216
119 245
119 249
120 12
120 24
120 37
120 65
120 68
120 98
120 120
120 149
120 177
120 182
120 218
120 220
120 235
121 18
121 49
121 51
121 73
121 143
121 149
121 152
121 168
121 237
121 244
122 16
122 20
122 71
122 85
122 89
122 104
122 107
122 114
122 131
122 132
122 162
122 174
122 189
123 61
123 65
123 115
123 117
123 126
123 138
123 145
123 151
123 167
123 197
123 203
123 219
124 1
124 6
124 17
124 45
124 103
124 145
124 179
124 183
124 205
124 227
125 8
125 12
125 21
125 22
125 31
125 75
125 108
125 131
125 159
125 176
125 180
125 196
125 203
125 206
126 2
126 12
126 20
126 25
126 53
126 54
126 71
126 78
126 81
126 120
126 144
126 161
126 213
127 44
127 49
127 56
127 90
127 91
127 97
127 167
127 171
127 186
127 187
127 193
127 196
127 198
127 229
127 241
128 35
128 72
128 96
128 99
128 104
128 136
128 167
128 171
128 197
128 219
128 220
129 57
129 99
129 102
129 170
129 173
129 193
129 206
129 231
129 235
129 244
130 4
130 10
130 23
130 80
130 90
130 103
130 110
130 178
130 188
130 189
130 194
130 200
130 202
131 37
131 54
131 66
131 81
131 100
131 101
131 107
131 147
131 161
131 166
131 170
131 173
131 191
131 193
131 208
131 213
131 228
131 232
132 2
132 33
132 35
132 37
132 70
132 77
132 104
132 105
132 106
132 108
132 114
132 137
132 148
132 179
132 193
132 215
132 218
132 244
133 3
133 4
133 37
133 44
133 61
133 82
133 89
133 130
133 135
133 151
133 162
133 169
133 170
133 184
133 219
133 226
134 11
134 36
134 82
134 92
134 93
134 96
134 108
134 147
134 164
134 179
134 193
134 219
134 220
134 249
135 28
135 49
135 56
135 106
135 127
135 174
135 209
135 240
135 248
136 8
136 79
136 85
136 133
136 203
136 238
136 249
137 1
137 27
137 45
137 126
137 128
137 139
137 140
137 148
137 152
137 154
137 177
137 201
137 229
137 235
138 14
138 43
138 63
138 74
138 85
138 175
138 177
138 203
138 217
139 21
139 36
139 37
139 42
139 43
139 49
139 50
139 72
139 99
139 137
139 149
139 175
139 186
139 219
140 5
140 13
140 16
140 21
140 90
140 100
140 124
140 219
140 221
140 231
141 6
141 79
141 95
141 100
141 134
141 185
141 187
141 200
141 207
141 210
141 226
141 241
142 12
142 42
142 44
142 55
142 59
142 79
142 105
142 111
142 141
142 187
142 228
142 249
143 9
143 53
143 55
143 56
143 85
143 107
143 115
143 126
143 130
143 152
143 154
143 173
143 177
143 213
143 217
143 225
143 227
143 228
144 22
144 133
144 164
144 183
144 216
144 220
145 25
145 34
145 36
145 38
145 65
145 114
145 131
145 150
145 151
145 169
145 175
145 212
145 219
145 226
145 244
146 54
146 60
146 68
146 95
146 100
146 108
146 117
146 177
146 198
147 8
147 14
147 24
147 76
147 77
147 80
147 105
147 113
147 143
147 152
147 153
147 161
147 199
147 206
147 213
147 216
147 233
147 247
148 36
148 41
148 70
148 73
148 96
148 105
148 107
148 115
148 118
148 125
148 131
148 158
148 178
148 188
148 239
149 29
149 77
149 93
149 101
149 130
149 134
149 152
149 157
149 177
149 178
149 211
149 240
149 245
150 5
150 35
150 52
150 73
150 80
150 82
150 84
150 92
150 105
150 114
150 122
150 141
150 207
150 216
150 227
150 228
150 231
150 237
151 22
151 36
151 38
151 40
151 69
151 113
151 128
151 133
151 143
151 158
151 184
151 185
151 213
151 231
151 240
152 3
152 48
152 66
152 82
152 87
152 93
152 102
152 109
152 118
152 125
152 168
152 172
152 195
152 208
152 209
152 210
152 214
152 233
153 16
153 21
153 42
153 43
153 47
153 49
153 52
153 87
153 96
153 102
153 108
153 153
153 178
153 195
153 207
154 30
154 45
154 55
154 63
154 72
154 97
154 103
154 173
154 215
155 18
155 36
155 42
155 86
155 95
155 114
155 149
155 170
155 182
155 188
155 200
155 215
156 26
156 81
156 103
156 121
156 127
156 142
156 155
156 199
156 236
156 240
157 16
157 39
157 51
157 55
157 74
157 112
157 137
157 165
157 169
157 175
157 181
157 188
157 231
157 236
158 23
158 36
158 47
158 104
158 130
158 139
158 182
158 187
158 194
158 211
158 223
158 231
158 239
159 36
159 66
159 111
159 125
159 140
159 147
159 163
159 169
159 185
159 190
159 194
159 203
159 204
160 14
160 26
160 54
160 57
160 81
160 86
160 102
160 104
160 107
160 127
160 139
160 146
160 156
160 160
160 236
160 237
161 9
161 20
161 36
161 40
161 45
161 67
161 86
161 92
161 110
161 130
161 221
161 235
161 236
161 244
162 31
162 78
162 99
162 111
162 113
162 115
162 170
162 199
163 7
163 29
163 53
163 65
163 85
163 86
163 90
163 92
163 114
163 129
163 132
163 149
163 218
163 220
164 27
164 52
164 62
164 78
164 111
164 117
164 163
164 210
165 23
165 45
165 72
165 91
165 100
165 123
165 125
165 127
165 144
165 150
165 165
165 212
166 16
166 28
166 40
166 75
166 76
166 115
166 127
166 135
166 156
166 157
166 176
166 226
166 230
167 3
167 46
167 63
167 66
167 79
167 92
167 110
167 128
167 178
167 190
167 199
167 216
167 232
168 21
168 25
168 31
168 53
168 109
168 116
168 138
168 156
169 1
169 2
169 37
169 127
169 204
169 206
169 221
169 229
169 244
170 17
170 21
170 43
170 76
170 82
170 86
170 91
170 100
170 115
170 131
170 133
170 144
170 176
170 197
170 210
170 218
170 226
170 227
170 238
171 2
171 20
171 23
171 24
171 51
171 85
171 112
171 128
171 135
171 184
171 202
171 225
172 33
172 45
172 59
172 77
172 106
172 111
172 151
172 154
172 165
172 171
172 210
172 235
172 236
172 244
173 1
173 22
173 24
173 39
173 66
173 71
173 117
173 125
173 201
173 210
173 215
173 225
174 15
174 18
174 24
174 54
174 68
174 78
174 99
174 101
174 116
174 137
174 158
174 163
174 167
174 172
174 193
174 207
174 212
174 222
175 22
175 40
175 77
175 89
175 102
175 142
175 152
175 161
175 162
175 176
175 218
175 230
175 239
175 245
176 3
176 14
176 25
176 32
176 106
176 164
176 174
176 209
177 5
177 17
177 31
177 47
177 81
177 94
177 108
177 142
177 151
177 200
177 234
178 7
178 21
178 25
178 37
178 41
178 42
178 55
178 72
178 74
178 101
178 108
178 153
178 155
178 158
178 166
178 175
178 184
178 190
178 196
178 235
178 240
178 248
179 4
179 17
179 27
179 31
179 37
179 66
179 89
179 138
179 139
179 183
179 197
179 199
179 223
179 230
179 233
180 4
180 44
180 89
180 104
180 108
180 118
180 126
180 136
180 138
180 158
180 161
180 166
180 167
180 176
180 180
180 201
180 217
180 222
180 225
181 20
181 99
181 115
181 175
181 194
181 195
181 208
181 212
181 222
181 233
181 246
182 23
182 27
182 113
182 137
182 200
182 206
182 210
183 63
183 82
183 110
183 111
183 129
183 140
183 155
183 174
183 214
183 216
184 30
184 40
184 53
184 65
184 90
184 113
184 114
184 135
184 156
184 205
184 215
184 222
184 235
185 3
185 19
185 20
185 35
185 37
185 97
185 108
185 136
185 204
185 246
186 14
186 36
186 51
186 61
186 78
186 87
186 105
186 144
186 176
186 187
186 237
186 239
187 1
187 9
187 20
187 27
187 28
187 34
187 43
187 46
187 69
187 98
187 124
187 125
187 167
187 174
187 188
187 198
187 203
187 205
187 227
187 246
188 56
188 112
188 119
188 120
188 135
188 136
188 138
188 173
188 209
189 7
189 15
189 24
189 36
189 58
189 68
189 83
189 89
189 181
189 183
189 195
189 207
189 237
190 6
190 33
190 56
190 59
190 99
190 137
190 155
190 176
190 215
190 225
190 231
191 4
191 45
191 46
191 52
191 54
191 71
191 72
191 82
191 111
191 123
191 138
191 183
191 200
192 8
192 72
192 95
192 104
192 122
192 129
192 148
192 160
192 183
192 194
192 196
192 206
192 212
193 19
193 45
193 48
193 78
193 111
193 177
193 200
193 206
194 27
194 69
194 87
194 90
194 114
194 246
195 6
195 59
195 60
195 72
195 120
195 126
195 129
195 133
195 148
195 155
195 156
195 182
195 190
195 192
195 204
195 213
195 223
195 246
196 54
196 73
196 77
196 82
196 133
196 146
196 166
196 167
196 175
196 202
196 246
197 1
197 10
197 19
197 29
197 33
197 45
197 48
197 77
197 134
197 140
197 142
197 236
198 23
198 64
198 75
198 85
198 102
198 123
198 132
198 137
198 144
198 169
198 186
198 212
198 236
198 239
198 245
199 15
199 24
199 84
199 98
199 104
199 105
199 108
199 131
199 133
199 203
199 223
199 241
200 15
200 16
200 48
200 52
200 59
200 60
200 63
200 73
200 82
200 90
200 108
200 109
200 116
200 140
200 149
200 180
200 186
200 189
200 243
201 119
201 120
201 139
201 140
201 142
201 158
201 178
201 194
201 199
201 203
201 218
201 221
201 236
201 237
201 239
202 31
202 104
202 110
202 137
202 170
202 221
203 21
203 33
203 114
203 148
203 208
203 218
203 228
203 229
203 240
204 33
204 37
204 41
204 47
204 50
204 56
204 94
204 97
204 112
204 122
204 130
204 148
204 158
204 185
204 212
205 10
205 14
205 56
205 58
205 73
205 84
205 135
205 143
205 156
205 168
205 172
205 187
205 232
205 238
206 12
206 15
206 57
206 67
206 75
206 79
206 91
206 119
206 121
206 129
206 225
206 226
206 227
206 235
207 3
207 19
207 28
207 56
207 61
207 79
207 83
207 92
207 111
207 195
207 207
207 233
207 239
208 8
208 12
208 16
208 18
208 24
208 41
208 58
208 59
208 61
208 79
208 98
208 101
208 147
208 155
208 179
208 221
209 49
209 93
209 105
209 107
209 119
209 135
209 141
209 169
209 187
209 192
209 196
209 200
209 233
209 234
209 240
210 51
210 61
210 83
210 114
210 128
210 130
210 133
210 151
210 177
210 223
211 10
211 41
211 50
211 75
211 80
211 150
211 185
211 194
211 235
211 246
212 11
212 18
212 20
212 73
212 74
212 76
212 83
212 97
212 134
212 135
212 160
212 163
212 166
212 201
212 203
212 233
212 240
213 4
213 29
213 66
213 79
213 108
213 110
213 111
213 136
213 137
213 163
213 174
213 177
213 187
213 222
214 19
214 75
214 158
214 162
214 187
214 219
214 248
215 7
215 40
215 49
215 71
215 75
215 81
215 112
215 118
215 119
215 227
215 245
215 247
216 43
216 57
216 66
216 118
216 156
216 166
216 195
216 215
216 220
216 237
217 44
217 64
217 87
217 88
217 90
217 148
217 150
217 154
217 155
217 157
217 160
217 167
217 170
217 177
217 184
217 193
217 214
217 219
218 12
218 34
218 36
218 66
218 68
218 69
218 73
218 101
218 133
218 152
218 156
218 236
218 249
219 19
219 39
219 94
219 100
219 169
219 193
219 201
219 211
219 222
219 236
220 8
220 38
220 74
220 77
220 88
220 127
220 140
220 145
220 178
220 185
220 202
220 228
220 231
220 238
221 48
221 64
221 89
221 131
221 141
221 179
221 194
221 206
221 214
221 231
222 26
222 40
222 48
222 52
222 55
222 63
222 121
222 132
222 134
222 135
222 168
222 171
222 187
222 188
222 225
222 236
223 28
223 32
223 35
223 52
223 53
223 54
223 66
223 68
223 105
223 118
223 165
223 167
223 183
223 205
223 214
223 221
224 2
224 5
224 28
224 44
224 60
224 77
224 78
224 87
224 107
224 109
224 119
224 195
224 224
225 19
225 21
225 47
225 84
225 96
225 133
225 148
225 154
225 192
225 231
226 25
226 34
226 98
226 107
226 130
226 135
226 138
226 168
226 183
226 190
226 216
226 220
226 239
227 5
227 12
227 27
227 50
227 97
227 140
227 161
227 203
227 228
227 238
227 239
227 247
228 1
228 8
228 32
228 46
228 49
228 95
228 109
228 166
228 213
228 223
228 232
229 20
229 38
229 39
229 47
229 48
229 61
229 63
229 118
229 123
229 142
229 152
229 160
229 173
229 203
229 244
230 17
230 18
230 42
230 57
230 75
230 86
230 114
230 144
230 152
230 192
230 209
230 224
230 247
231 2
231 27
231 71
231 92
231 93
231 103
231 104
231 109
231 140
231 182
231 199
231 209
231 215
231 230
232 24
232 47
232 57
232 122
232 128
232 143
232 157
232 188
232 197
232 210
232 217
233 30
233 51
233 54
233 77
233 79
233 99
233 102
233 122
233 133
233 140
233 165
233 170
233 171
233 189
233 227
233 228
233 231
233 244
234 4
234 12
234 42
234 71
234 72
234 73
234 74
234 84
234 87
234 100
234 120
234 159
234 180
234 183
234 206
234 209
234 223
234 227
235 7
235 8
235 38
235 141
235 189
235 235
235 242
236 6
236 18
236 32
236 58
236 60
236 84
236 98
236 106
236 154
236 207
236 216
237 4
237 10
237 29
237 33
237 36
237 40
237 56
237 68
237 76
237 119
237 135
237 140
237 142
237 179
237 188
237 190
238 9
238 58
238 94
238 110
238 121
238 138
238 179
238 246
239 14
239 86
239 88
239 100
239 135
239 138
239 165
239 175
239 202
239 207
239 237
239 250
240 11
240 48
240 49
240 67
240 75
240 77
240 93
240 94
240 110
240 120
240 169
240 183
240 188
240 234
240 250
241 13
241 20
241 40
241 47
241 69
241 98
241 113
241 122
241 123
241 156
241 196
241 201
241 211
241 216
241 241
242 12
242 41
242 48
242 75
242 93
242 106
242 112
242 113
242 116
242 189
242 204
242 241
243 4
243 10
243 37
243 76
243 88
243 128
243 147
243 152
243 175
243 193
244 5
244 25
244 32
244 56
244 99
244 108
244 166
244 174
244 188
244 197
244 200
244 210
244 218
244 238
245 5
245 6
245 27
245 36
245 47
245 65
245 72
245 82
245 107
245 123
245 136
245 155
245 159
245 164
245 209
246 4
246 37
246 50
246 63
246 77
246 78
246 88
246 109
246 113
246 152
246 177
246 200
246 213
246 214
246 243
247 1
247 28
247 43
247 70
247 76
247 97
247 152
247 179
247 192
247 226
247 245
248 8
248 15
248 21
248 29
248 39
248 80
248 90
248 100
248 101
248 124
248 144
248 180
248 189
248 201
248 206
248 239
249 35
249 56
249 68
249 76
249 100
249 122
249 133
249 150
249 153
249 168
249 184
249 191
249 220
250 8
250 19
250 24
250 60
250 79
250 133
250 139
250 142
250 152
250 166
250 224
250 244
250 246
