150
4446
1 2
1 6
1 15
1 23
1 25
1 29
1 31
1 41
1 47
1 57
1 72
1 74
1 78
1 89
1 93
1 99
1 103
1 104
1 106
1 107
1 123
1 131
1 139
1 146
1 150
2 2
2 8
2 12
2 24
2 30
2 35
2 36
2 40
2 43
2 68
2 74
2 76
2 78
2 93
2 103
2 107
2 113
2 122
2 125
2 127
2 132
2 133
2 134
2 136
2 139
2 143
2 145
2 147
2 148
3 2
3 4
3 10
3 16
3 19
3 22
3 24
3 25
3 37
3 45
3 52
3 63
3 64
3 65
3 67
3 69
3 77
3 79
3 81
3 82
3 88
3 92
3 98
3 101
3 106
3 109
3 115
3 122
4 5
4 6
4 8
4 15
4 21
4 22
4 23
4 29
4 34
4 41
4 49
4 51
4 52
4 56
4 62
4 71
4 73
4 75
4 77
4 91
4 103
4 106
4 112
4 128
4 130
4 134
4 143
5 7
5 12
5 16
5 31
5 35
5 36
5 37
5 39
5 40
5 44
5 47
5 51
5 53
5 57
5 68
5 69
5 98
5 103
5 124
5 129
5 139
5 140
5 146
6 5
6 9
6 12
6 23
6 32
6 34
6 39
6 42
6 45
6 51
6 55
6 58
6 60
6 67
6 68
6 87
6 93
6 99
6 107
6 109
6 111
6 123
6 128
6 133
6 137
6 138
6 142
6 144
7 5
7 6
7 8
7 12
7 15
7 29
7 37
7 42
7 51
7 52
7 53
7 56
7 59
7 60
7 63
7 65
7 70
7 78
7 112
7 113
7 114
7 116
7 119
7 120
7 128
7 135
7 142
7 144
8 4
8 5
8 10
8 11
8 15
8 16
8 19
8 20
8 22
8 26
8 35
8 36
8 40
8 44
8 45
8 47
8 51
8 53
8 57
8 59
8 60
8 62
8 66
8 77
8 87
8 90
8 94
8 99
8 106
8 113
8 118
8 121
8 124
8 125
8 128
8 131
8 133
8 144
8 147
8 150
9 5
9 7
9 10
9 15
9 16
9 18
9 25
9 32
9 41
9 50
9 54
9 57
9 59
9 63
9 79
9 89
9 92
9 93
9 101
9 111
9 116
9 123
9 131
9 134
9 137
9 145
9 148
10 11
10 13
10 17
10 21
10 29
10 33
10 40
10 43
10 46
10 52
10 54
10 62
10 63
10 70
10 71
10 75
10 82
10 95
10 96
10 101
10 105
10 106
10 107
10 114
10 115
10 117
10 136
10 140
10 141
10 149
11 2
11 3
11 6
11 10
11 12
11 13
11 14
11 23
11 24
11 30
11 46
11 49
11 52
11 53
11 55
11 61
11 63
11 64
11 71
11 72
11 76
11 82
11 83
11 84
11 92
11 93
11 95
11 100
11 102
11 108
11 117
11 119
11 120
11 126
11 127
11 129
11 141
11 143
11 150
12 2
12 7
12 8
12 9
12 10
12 15
12 17
12 25
12 36
12 43
12 50
12 55
12 58
12 60
12 66
12 68
12 70
12 76
12 78
12 84
12 85
12 88
12 90
12 92
12 102
12 105
12 117
12 128
12 136
12 139
12 143
12 144
12 145
12 149
13 1
13 2
13 9
13 10
13 13
13 15
13 19
13 20
13 24
13 28
13 35
13 38
13 44
13 45
13 50
13 57
13 62
13 64
13 71
13 72
13 75
13 76
13 78
13 79
13 82
13 91
13 100
13 103
13 108
13 110
13 121
13 123
13 125
13 129
13 130
13 131
13 142
13 150
14 4
14 6
14 11
14 15
14 16
14 28
14 29
14 35
14 40
14 53
14 65
14 76
14 78
14 82
14 97
14 100
14 101
14 106
14 107
14 112
14 118
14 127
14 132
14 145
14 147
14 148
15 8
15 18
15 21
15 24
15 28
15 33
15 34
15 45
15 46
15 50
15 51
15 52
15 54
15 64
15 67
15 69
15 74
15 78
15 83
15 89
15 93
15 94
15 100
15 112
15 124
15 125
15 136
15 137
15 139
15 140
15 142
15 148
16 4
16 10
16 18
16 30
16 31
16 34
16 35
16 37
16 42
16 46
16 48
16 50
16 60
16 67
16 72
16 79
16 89
16 93
16 97
16 98
16 108
16 116
16 126
16 127
16 140
16 141
17 10
17 13
17 15
17 16
17 22
17 23
17 26
17 27
17 37
17 38
17 42
17 44
17 49
17 59
17 62
17 63
17 65
17 69
17 85
17 89
17 91
17 92
17 97
17 100
17 106
17 113
17 115
17 117
17 118
17 122
17 131
17 145
17 147
17 148
18 2
18 12
18 23
18 29
18 31
18 34
18 35
18 38
18 50
18 52
18 57
18 58
18 66
18 69
18 74
18 90
18 94
18 106
18 112
18 123
18 128
18 131
18 132
18 134
18 135
18 150
19 12
19 28
19 35
19 37
19 42
19 49
19 53
19 59
19 60
19 61
19 68
19 69
19 88
19 93
19 101
19 102
19 103
19 109
19 134
19 135
19 141
19 147
19 148
19 149
20 3
20 11
20 19
20 23
20 32
20 40
20 70
20 73
20 76
20 78
20 79
20 84
20 94
20 97
20 107
20 110
20 113
20 120
20 125
20 129
20 133
20 141
20 144
20 147
20 149
21 6
21 8
21 11
21 15
21 17
21 22
21 23
21 27
21 29
21 38
21 39
21 41
21 45
21 46
21 49
21 57
21 66
21 71
21 83
21 90
21 92
21 97
21 100
21 108
21 110
21 119
21 120
21 123
21 128
21 135
21 136
21 138
21 141
21 142
21 146
21 147
22 1
22 2
22 4
22 6
22 9
22 12
22 20
22 22
22 47
22 48
22 51
22 65
22 66
22 68
22 82
22 89
22 98
22 102
22 105
22 107
22 113
22 117
22 118
22 129
22 133
22 137
22 140
22 142
23 18
23 19
23 28
23 36
23 40
23 47
23 54
23 55
23 58
23 62
23 64
23 69
23 72
23 73
23 83
23 89
23 106
23 107
23 110
23 112
23 113
23 115
23 131
23 132
23 135
23 139
23 144
24 8
24 24
24 25
24 36
24 52
24 55
24 57
24 64
24 66
24 74
24 79
24 82
24 87
24 92
24 101
24 103
24 104
24 108
24 113
24 116
24 125
24 127
24 128
24 133
24 135
24 136
24 143
24 145
24 148
24 149
24 150
25 7
25 16
25 17
25 20
25 22
25 25
25 27
25 29
25 32
25 34
25 37
25 40
25 43
25 48
25 51
25 55
25 57
25 73
25 88
25 92
25 97
25 99
25 113
25 115
25 116
25 119
25 120
25 127
25 147
25 149
25 150
26 10
26 20
26 21
26 30
26 45
26 55
26 60
26 62
26 68
26 89
26 94
26 103
26 105
26 106
26 109
26 119
26 123
26 127
26 128
26 133
26 136
26 142
26 143
27 6
27 21
27 26
27 35
27 39
27 45
27 49
27 57
27 58
27 64
27 73
27 80
27 81
27 83
27 96
27 97
27 105
27 107
27 113
27 127
27 129
27 134
27 137
27 139
27 140
27 144
27 149
27 150
28 1
28 3
28 10
28 11
28 13
28 16
28 39
28 40
28 41
28 50
28 54
28 56
28 59
28 62
28 66
28 69
28 70
28 79
28 86
28 91
28 93
28 98
28 102
28 109
28 115
28 121
28 124
28 137
28 139
28 145
29 4
29 23
29 24
29 26
29 29
29 40
29 43
29 44
29 46
29 52
29 58
29 62
29 66
29 70
29 84
29 90
29 92
29 102
29 113
29 118
29 123
29 125
29 128
29 134
29 135
29 138
29 140
29 145
29 147
29 150
30 1
30 7
30 10
30 13
30 15
30 22
30 24
30 26
30 34
30 36
30 48
30 50
30 58
30 60
30 76
30 78
30 80
30 87
30 101
30 110
30 121
30 122
30 127
30 130
30 146
30 148
31 2
31 8
31 9
31 12
31 17
31 27
31 31
31 40
31 43
31 57
31 79
31 82
31 83
31 87
31 91
31 96
31 107
31 109
31 116
31 123
31 125
31 126
31 135
31 137
31 144
31 148
32 3
32 9
32 18
32 21
32 28
32 31
32 38
32 40
32 42
32 46
32 49
32 53
32 60
32 64
32 73
32 87
32 90
32 92
32 93
32 95
32 96
32 99
32 100
32 106
32 109
32 110
32 111
32 112
32 115
32 119
32 126
32 134
32 139
32 141
32 145
33 5
33 17
33 21
33 27
33 37
33 41
33 46
33 49
33 50
33 54
33 60
33 63
33 65
33 66
33 84
33 85
33 91
33 93
33 107
33 115
33 116
33 117
33 124
33 133
33 135
33 137
33 139
33 140
34 5
34 6
34 7
34 8
34 15
34 17
34 25
34 28
34 29
34 32
34 36
34 38
34 41
34 63
34 79
34 89
34 99
34 103
34 113
34 116
34 127
34 130
34 137
35 12
35 15
35 18
35 28
35 32
35 38
35 40
35 44
35 46
35 52
35 53
35 56
35 57
35 58
35 59
35 61
35 65
35 72
35 76
35 84
35 89
35 96
35 97
35 103
35 110
35 111
35 117
35 127
35 129
35 132
35 139
35 147
35 148
35 149
35 150
36 3
36 5
36 10
36 14
36 15
36 29
36 31
36 36
36 37
36 38
36 39
36 59
36 70
36 72
36 76
36 79
36 89
36 92
36 94
36 101
36 106
36 117
36 123
36 124
36 126
36 147
37 3
37 13
37 14
37 16
37 24
37 27
37 39
37 44
37 51
37 54
37 60
37 62
37 96
37 107
37 116
37 117
37 128
37 132
37 137
37 141
37 142
38 4
38 10
38 18
38 19
38 24
38 28
38 29
38 30
38 32
38 35
38 43
38 46
38 48
38 49
38 53
38 58
38 61
38 68
38 74
38 75
38 77
38 78
38 85
38 90
38 99
38 103
38 106
38 109
38 113
38 114
38 117
38 118
38 119
38 123
38 127
38 129
38 131
38 141
38 143
38 144
39 10
39 12
39 13
39 16
39 17
39 20
39 22
39 23
39 24
39 25
39 27
39 36
39 60
39 66
39 79
39 85
39 90
39 92
39 94
39 99
39 103
39 116
39 124
39 125
39 130
39 131
39 134
39 140
39 145
40 5
40 14
40 18
40 31
40 32
40 38
40 40
40 43
40 58
40 61
40 65
40 66
40 70
40 72
40 87
40 88
40 91
40 100
40 112
40 123
40 124
40 136
40 139
40 140
40 144
41 9
41 14
41 37
41 41
41 44
41 49
41 52
41 57
41 64
41 67
41 72
41 79
41 84
41 87
41 88
41 89
41 92
41 96
41 111
41 117
41 118
41 127
41 129
41 133
41 135
41 136
41 138
41 148
42 6
42 10
42 12
42 14
42 19
42 37
42 43
42 45
42 56
42 59
42 76
42 77
42 81
42 89
42 92
42 95
42 96
42 97
42 101
42 112
42 113
42 115
42 116
42 117
42 119
42 127
42 128
42 129
42 130
42 131
42 132
42 143
42 146
42 148
43 1
43 4
43 5
43 7
43 23
43 24
43 29
43 30
43 31
43 47
43 55
43 56
43 59
43 61
43 65
43 66
43 76
43 87
43 89
43 91
43 97
43 102
43 103
43 104
43 109
43 112
43 113
43 115
43 120
43 127
43 128
43 137
43 138
43 145
44 9
44 10
44 14
44 20
44 30
44 39
44 45
44 47
44 71
44 78
44 90
44 97
44 102
44 104
44 105
44 106
44 107
44 110
44 112
44 119
44 127
44 130
44 132
44 137
44 143
44 145
44 146
44 148
45 6
45 15
45 20
45 25
45 26
45 31
45 32
45 36
45 41
45 44
45 46
45 47
45 48
45 55
45 59
45 63
45 71
45 79
45 80
45 81
45 82
45 83
45 100
45 105
45 108
45 123
45 127
45 131
45 132
45 140
46 9
46 10
46 16
46 23
46 31
46 42
46 46
46 51
46 52
46 66
46 67
46 71
46 80
46 82
46 83
46 89
46 91
46 104
46 105
46 107
46 110
46 113
46 117
46 118
46 119
46 121
46 123
46 129
46 133
46 138
46 145
46 149
47 7
47 12
47 13
47 18
47 24
47 28
47 34
47 46
47 58
47 60
47 62
47 65
47 67
47 71
47 72
47 110
47 112
47 114
47 120
47 124
47 128
47 130
47 132
47 138
47 139
47 144
48 3
48 5
48 7
48 13
48 19
48 32
48 49
48 57
48 69
48 70
48 81
48 82
48 88
48 89
48 94
48 97
48 102
48 109
48 125
48 130
48 146
48 150
49 6
49 8
49 10
49 11
49 19
49 22
49 40
49 50
49 55
49 58
49 66
49 69
49 72
49 76
49 77
49 80
49 85
49 92
49 94
49 96
49 107
49 111
49 113
49 114
49 129
49 132
49 136
49 140
49 142
49 143
49 147
50 1
50 10
50 12
50 21
50 23
50 26
50 35
50 37
50 41
50 42
50 46
50 47
50 48
50 59
50 76
50 86
50 87
50 94
50 104
50 106
50 110
50 121
50 124
50 131
50 132
50 134
50 139
50 140
50 142
50 147
51 8
51 11
51 18
51 19
51 24
51 30
51 36
51 39
51 40
51 41
51 48
51 63
51 68
51 75
51 81
51 82
51 97
51 101
51 102
51 116
51 118
51 124
51 129
51 134
51 136
51 144
51 145
51 149
52 11
52 15
52 23
52 27
52 28
52 31
52 35
52 39
52 42
52 43
52 46
52 49
52 52
52 57
52 58
52 63
52 66
52 72
52 88
52 94
52 96
52 102
52 104
52 106
52 109
52 110
52 111
52 115
52 121
52 124
52 127
52 133
52 148
53 9
53 12
53 15
53 21
53 25
53 31
53 33
53 36
53 40
53 52
53 55
53 60
53 68
53 71
53 80
53 83
53 87
53 95
53 106
53 108
53 114
53 137
53 141
53 148
53 149
54 7
54 13
54 16
54 17
54 22
54 24
54 25
54 43
54 47
54 48
54 58
54 61
54 66
54 76
54 77
54 81
54 82
54 84
54 88
54 90
54 93
54 97
54 98
54 100
54 104
54 108
54 131
54 132
54 139
54 143
54 150
55 1
55 2
55 5
55 13
55 17
55 19
55 20
55 23
55 26
55 28
55 30
55 34
55 35
55 37
55 50
55 53
55 62
55 87
55 88
55 89
55 94
55 104
55 111
55 113
55 132
55 139
55 143
55 146
56 1
56 3
56 5
56 15
56 16
56 19
56 37
56 41
56 54
56 57
56 58
56 60
56 61
56 73
56 76
56 77
56 79
56 83
56 84
56 92
56 93
56 98
56 99
56 103
56 111
56 129
56 131
56 133
56 135
56 138
56 142
56 148
56 149
57 5
57 6
57 16
57 17
57 20
57 23
57 28
57 29
57 30
57 31
57 49
57 55
57 56
57 60
57 62
57 64
57 66
57 67
57 68
57 69
57 70
57 89
57 95
57 97
57 100
57 101
57 104
57 105
57 122
57 125
57 130
57 136
58 11
58 14
58 17
58 19
58 24
58 25
58 27
58 29
58 69
58 73
58 79
58 80
58 84
58 89
58 92
58 99
58 105
58 123
58 129
58 130
58 132
58 134
58 135
58 137
58 146
58 147
58 148
58 150
59 9
59 15
59 16
59 18
59 25
59 30
59 32
59 35
59 45
59 46
59 59
59 62
59 65
59 69
59 72
59 75
59 78
59 94
59 108
59 118
59 122
59 125
59 126
59 130
59 143
59 146
60 11
60 19
60 20
60 21
60 31
60 33
60 46
60 56
60 59
60 60
60 66
60 75
60 76
60 80
60 84
60 88
60 107
60 113
60 114
60 128
60 140
61 1
61 2
61 3
61 7
61 8
61 10
61 11
61 19
61 24
61 30
61 34
61 39
61 47
61 48
61 52
61 55
61 61
61 68
61 84
61 90
61 91
61 121
61 127
61 133
61 134
61 138
61 145
62 10
62 13
62 14
62 22
62 24
62 31
62 45
62 51
62 53
62 59
62 60
62 61
62 71
62 74
62 81
62 86
62 93
62 101
62 105
62 106
62 109
62 111
62 116
62 118
62 120
62 125
62 127
62 129
62 130
62 139
62 140
62 144
63 16
63 18
63 20
63 21
63 28
63 32
63 35
63 37
63 38
63 47
63 52
63 63
63 66
63 73
63 74
63 77
63 88
63 92
63 94
63 109
63 111
63 120
63 127
63 129
63 133
63 137
63 149
64 24
64 28
64 30
64 33
64 38
64 43
64 54
64 60
64 63
64 72
64 80
64 87
64 94
64 96
64 99
64 101
64 103
64 104
64 113
64 117
64 122
64 123
64 128
64 135
64 137
64 146
64 149
65 4
65 18
65 20
65 30
65 32
65 42
65 43
65 45
65 49
65 60
65 63
65 68
65 76
65 80
65 85
65 90
65 92
65 93
65 95
65 100
65 112
65 114
65 116
65 119
65 127
65 134
65 147
66 8
66 10
66 26
66 29
66 31
66 36
66 40
66 41
66 47
66 52
66 55
66 56
66 67
66 72
66 73
66 79
66 84
66 88
66 94
66 96
66 105
66 108
66 110
66 111
66 112
66 114
66 129
66 136
66 139
66 140
66 141
66 145
66 146
67 3
67 4
67 7
67 9
67 13
67 14
67 19
67 24
67 29
67 37
67 40
67 44
67 51
67 52
67 53
67 54
67 59
67 61
67 62
67 64
67 65
67 66
67 70
67 93
67 96
67 102
67 107
67 121
67 125
67 127
67 136
67 148
68 3
68 13
68 15
68 17
68 18
68 19
68 32
68 37
68 39
68 42
68 47
68 48
68 54
68 55
68 61
68 65
68 70
68 83
68 97
68 101
68 104
68 106
68 108
68 113
68 115
68 119
68 124
68 130
68 131
68 137
68 138
68 142
68 144
69 9
69 17
69 19
69 23
69 26
69 27
69 29
69 30
69 33
69 48
69 52
69 62
69 63
69 64
69 73
69 76
69 77
69 85
69 89
69 93
69 96
69 99
69 101
69 103
69 105
69 109
69 121
69 123
69 127
69 133
69 134
69 147
70 1
70 2
70 4
70 7
70 11
70 13
70 18
70 19
70 23
70 27
70 28
70 31
70 52
70 53
70 64
70 68
70 75
70 76
70 80
70 87
70 90
70 99
70 106
70 108
70 111
70 123
70 126
70 134
70 137
70 141
70 145
70 147
70 148
70 149
71 1
71 3
71 4
71 9
71 14
71 21
71 31
71 34
71 40
71 44
71 49
71 52
71 54
71 56
71 61
71 67
71 68
71 71
71 73
71 78
71 80
71 83
71 85
71 86
71 88
71 91
71 92
71 93
71 94
71 95
71 97
71 100
71 103
71 105
71 108
71 111
71 117
71 122
71 132
71 135
71 144
71 146
72 1
72 3
72 25
72 26
72 28
72 31
72 32
72 40
72 45
72 47
72 54
72 59
72 60
72 61
72 63
72 78
72 84
72 87
72 92
72 98
72 99
72 101
72 103
72 120
72 145
73 1
73 5
73 45
73 47
73 48
73 51
73 55
73 56
73 58
73 60
73 62
73 69
73 70
73 75
73 81
73 88
73 92
73 99
73 105
73 108
73 112
73 122
73 125
73 131
73 137
73 138
73 139
73 147
73 149
74 2
74 6
74 20
74 24
74 25
74 26
74 30
74 33
74 35
74 41
74 46
74 51
74 54
74 60
74 69
74 70
74 71
74 73
74 83
74 87
74 89
74 92
74 97
74 99
74 100
74 104
74 111
74 122
74 137
74 142
74 145
75 2
75 4
75 5
75 7
75 8
75 18
75 22
75 25
75 29
75 32
75 37
75 47
75 54
75 60
75 62
75 64
75 71
75 76
75 78
75 80
75 85
75 98
75 107
75 110
75 114
75 115
75 116
75 132
75 142
75 147
76 3
76 11
76 13
76 15
76 16
76 19
76 20
76 32
76 37
76 48
76 53
76 57
76 59
76 61
76 65
76 67
76 69
76 88
76 92
76 93
76 96
76 100
76 106
76 109
76 112
76 116
76 119
76 123
76 130
76 133
76 150
77 1
77 5
77 8
77 10
77 19
77 20
77 21
77 28
77 36
77 40
77 43
77 51
77 52
77 55
77 72
77 77
77 78
77 86
77 94
77 96
77 97
77 118
77 122
77 138
77 148
78 2
78 4
78 6
78 7
78 11
78 13
78 18
78 20
78 22
78 31
78 32
78 37
78 38
78 47
78 53
78 54
78 59
78 67
78 79
78 80
78 87
78 92
78 94
78 98
78 101
78 103
78 112
78 125
78 133
78 135
78 138
78 139
78 141
78 146
79 1
79 4
79 8
79 11
79 13
79 14
79 23
79 26
79 35
79 36
79 39
79 42
79 43
79 44
79 45
79 52
79 55
79 59
79 68
79 69
79 70
79 73
79 75
79 76
79 82
79 83
79 92
79 98
79 105
79 111
79 112
79 113
79 126
79 135
79 138
79 144
80 12
80 13
80 21
80 24
80 28
80 29
80 41
80 46
80 56
80 57
80 62
80 63
80 67
80 68
80 71
80 76
80 78
80 81
80 88
80 94
80 96
80 106
80 117
80 125
80 128
80 136
80 138
80 141
80 149
81 4
81 7
81 13
81 22
81 24
81 30
81 34
81 36
81 38
81 39
81 41
81 45
81 53
81 62
81 65
81 75
81 79
81 82
81 87
81 94
81 104
81 107
81 118
81 120
81 125
81 129
81 144
81 146
81 150
82 5
82 8
82 12
82 14
82 18
82 27
82 28
82 30
82 40
82 44
82 52
82 53
82 54
82 62
82 77
82 79
82 86
82 88
82 96
82 100
82 103
82 116
82 117
82 120
82 121
82 128
82 138
82 140
82 143
82 144
82 145
82 147
83 7
83 14
83 16
83 19
83 22
83 29
83 32
83 33
83 40
83 43
83 46
83 47
83 49
83 61
83 62
83 63
83 64
83 65
83 66
83 81
83 83
83 84
83 88
83 93
83 95
83 97
83 112
83 114
83 117
83 128
83 130
83 134
83 137
83 143
83 144
83 145
83 147
84 1
84 2
84 4
84 16
84 20
84 22
84 26
84 27
84 32
84 35
84 43
84 45
84 46
84 47
84 52
84 54
84 56
84 60
84 63
84 66
84 70
84 80
84 85
84 87
84 92
84 93
84 103
84 105
84 106
84 108
84 115
84 126
84 127
84 131
84 136
84 140
84 142
84 144
84 145
85 6
85 13
85 16
85 19
85 36
85 39
85 43
85 48
85 49
85 58
85 60
85 62
85 69
85 71
85 72
85 74
85 79
85 81
85 88
85 90
85 106
85 108
85 112
85 116
85 123
85 143
85 146
85 149
86 11
86 14
86 15
86 19
86 25
86 31
86 32
86 33
86 36
86 37
86 41
86 43
86 57
86 63
86 66
86 67
86 72
86 77
86 79
86 82
86 83
86 93
86 103
86 109
86 112
86 122
86 124
86 125
86 131
86 133
86 144
86 146
86 150
87 1
87 2
87 15
87 16
87 22
87 25
87 30
87 31
87 38
87 40
87 41
87 43
87 46
87 49
87 60
87 65
87 71
87 74
87 76
87 82
87 83
87 84
87 88
87 96
87 109
87 123
87 131
87 136
87 137
87 140
87 142
88 6
88 7
88 10
88 11
88 12
88 13
88 14
88 25
88 36
88 45
88 47
88 50
88 53
88 61
88 70
88 75
88 78
88 83
88 96
88 103
88 104
88 109
88 111
88 114
88 116
88 118
88 119
88 120
88 126
88 130
88 131
88 140
89 2
89 4
89 12
89 17
89 32
89 55
89 60
89 65
89 72
89 74
89 75
89 78
89 81
89 100
89 102
89 116
89 121
89 126
89 136
89 137
89 138
89 139
89 141
89 143
89 146
89 148
90 5
90 18
90 19
90 44
90 53
90 64
90 66
90 74
90 89
90 91
90 95
90 96
90 105
90 112
90 121
90 123
90 125
90 126
90 130
90 137
90 138
90 139
90 142
90 147
90 149
91 1
91 2
91 6
91 8
91 11
91 22
91 24
91 29
91 31
91 44
91 50
91 53
91 54
91 61
91 65
91 66
91 71
91 72
91 79
91 83
91 86
91 100
91 104
91 106
91 116
91 124
91 130
91 150
92 15
92 26
92 31
92 39
92 40
92 45
92 46
92 48
92 54
92 57
92 76
92 80
92 98
92 111
92 115
92 134
93 2
93 3
93 13
93 19
93 30
93 34
93 35
93 46
93 57
93 59
93 61
93 67
93 68
93 70
93 71
93 76
93 79
93 82
93 84
93 86
93 97
93 101
93 114
93 115
93 116
93 118
93 121
93 123
93 127
93 128
93 134
93 142
93 148
93 149
94 5
94 11
94 18
94 19
94 43
94 52
94 53
94 58
94 59
94 62
94 64
94 66
94 68
94 76
94 77
94 82
94 85
94 89
94 93
94 96
94 97
94 101
94 115
94 116
94 126
94 139
94 142
94 145
94 148
94 149
95 2
95 4
95 6
95 22
95 24
95 33
95 34
95 38
95 39
95 49
95 55
95 56
95 63
95 72
95 78
95 79
95 80
95 84
95 92
95 93
95 96
95 97
95 99
95 102
95 108
95 112
95 113
95 119
95 120
95 123
95 124
95 125
95 130
95 145
95 149
96 12
96 16
96 20
96 27
96 33
96 45
96 47
96 51
96 81
96 92
96 103
96 104
96 105
96 107
96 109
96 110
96 113
96 117
96 118
96 123
96 130
96 131
96 141
96 143
96 150
97 9
97 10
97 13
97 14
97 17
97 23
97 31
97 32
97 38
97 43
97 49
97 57
97 59
97 62
97 63
97 70
97 71
97 75
97 81
97 97
97 98
97 99
97 101
97 108
97 114
97 123
97 126
97 130
97 131
97 139
97 141
98 4
98 6
98 11
98 13
98 14
98 16
98 17
98 21
98 22
98 25
98 26
98 30
98 32
98 33
98 40
98 43
98 44
98 45
98 47
98 58
98 60
98 66
98 79
98 83
98 88
98 93
98 99
98 101
98 105
98 106
98 108
98 119
98 120
98 130
98 131
98 136
98 137
98 142
98 146
99 4
99 6
99 8
99 10
99 22
99 23
99 24
99 26
99 27
99 30
99 31
99 33
99 47
99 55
99 56
99 65
99 66
99 74
99 81
99 87
99 90
99 91
99 93
99 99
99 100
99 102
99 103
99 104
99 118
99 134
99 138
99 146
99 147
99 150
100 5
100 14
100 18
100 19
100 38
100 42
100 45
100 46
100 51
100 52
100 53
100 54
100 56
100 62
100 63
100 66
100 74
100 76
100 80
100 82
100 91
100 109
100 121
100 130
100 132
100 141
100 142
101 4
101 5
101 6
101 7
101 11
101 22
101 25
101 39
101 42
101 43
101 48
101 49
101 57
101 58
101 59
101 65
101 73
101 75
101 78
101 82
101 87
101 90
101 91
101 106
101 109
101 117
101 119
101 124
101 128
101 130
101 131
101 135
101 141
101 142
101 148
102 2
102 12
102 27
102 36
102 42
102 44
102 63
102 67
102 72
102 74
102 79
102 86
102 88
102 89
102 90
102 92
102 98
102 102
102 104
102 105
102 118
102 127
102 135
102 136
102 141
102 143
103 8
103 12
103 41
103 43
103 62
103 63
103 81
103 83
103 84
103 86
103 87
103 89
103 94
103 95
103 107
103 113
103 114
103 117
103 118
103 124
103 126
103 142
103 143
103 145
104 5
104 8
104 16
104 21
104 31
104 39
104 41
104 46
104 47
104 59
104 70
104 71
104 76
104 84
104 89
104 90
104 102
104 106
104 120
104 121
104 124
104 130
104 142
104 147
105 8
105 17
105 27
105 29
105 32
105 42
105 47
105 54
105 59
105 61
105 67
105 73
105 97
105 100
105 103
105 110
105 112
105 125
105 126
105 129
105 131
105 135
105 137
105 141
105 145
105 149
106 3
106 11
106 16
106 18
106 23
106 25
106 29
106 31
106 39
106 41
106 46
106 49
106 53
106 55
106 62
106 67
106 68
106 74
106 85
106 87
106 91
106 99
106 106
106 111
106 115
106 117
106 118
106 119
106 120
106 127
106 129
106 134
106 137
106 141
107 6
107 8
107 10
107 15
107 25
107 26
107 30
107 33
107 35
107 49
107 51
107 53
107 61
107 74
107 77
107 82
107 85
107 93
107 105
107 108
107 109
107 110
107 114
107 123
107 126
107 136
107 140
107 142
108 1
108 12
108 13
108 27
108 29
108 61
108 62
108 64
108 66
108 68
108 76
108 79
108 86
108 92
108 98
108 99
108 101
108 105
108 106
108 116
108 124
108 141
108 146
108 149
109 17
109 30
109 36
109 43
109 45
109 46
109 47
109 48
109 67
109 68
109 73
109 76
109 78
109 80
109 83
109 95
109 96
109 98
109 104
109 112
109 120
109 127
109 130
109 132
109 134
109 139
110 4
110 9
110 11
110 29
110 34
110 36
110 49
110 50
110 60
110 62
110 66
110 68
110 72
110 75
110 78
110 80
110 82
110 90
110 95
110 102
110 106
110 110
110 111
110 113
110 116
110 121
110 122
110 123
110 137
110 148
111 5
111 15
111 34
111 35
111 45
111 48
111 50
111 53
111 57
111 73
111 75
111 89
111 95
111 96
111 114
111 115
111 125
111 130
111 131
111 137
111 142
111 148
111 150
112 2
112 4
112 8
112 19
112 23
112 37
112 46
112 53
112 56
112 62
112 78
112 81
112 87
112 96
112 101
112 110
112 113
112 122
112 123
112 124
112 126
112 128
112 131
112 133
112 134
112 135
112 137
112 142
112 146
112 149
113 1
113 13
113 42
113 47
113 58
113 60
113 62
113 73
113 88
113 103
113 104
113 108
113 110
113 120
113 122
113 125
113 126
113 130
113 135
113 144
113 146
113 148
113 150
114 1
114 3
114 5
114 18
114 30
114 31
114 33
114 41
114 43
114 44
114 48
114 61
114 62
114 63
114 69
114 71
114 83
114 84
114 86
114 88
114 97
114 98
114 100
114 114
114 116
114 128
114 129
114 140
114 141
114 142
114 144
114 150
115 6
115 8
115 11
115 14
115 15
115 21
115 27
115 28
115 32
115 47
115 48
115 49
115 55
115 58
115 59
115 66
115 77
115 81
115 82
115 84
115 86
115 94
115 97
115 105
115 108
115 110
115 113
115 115
115 122
115 127
115 133
115 137
115 144
115 150
116 14
116 19
116 30
116 31
116 37
116 39
116 41
116 43
116 46
116 52
116 56
116 64
116 65
116 66
116 71
116 86
116 91
116 96
116 98
116 101
116 102
116 103
116 104
116 107
116 108
116 110
116 114
116 119
116 123
116 129
116 132
116 139
116 145
117 2
117 7
117 9
117 13
117 14
117 22
117 27
117 30
117 39
117 52
117 54
117 57
117 59
117 61
117 65
117 72
117 74
117 76
117 79
117 80
117 89
117 93
117 94
117 103
117 109
117 122
117 129
117 130
117 136
117 139
117 143
117 144
117 146
117 148
118 1
118 3
118 4
118 6
118 7
118 22
118 26
118 27
118 28
118 41
118 42
118 45
118 53
118 57
118 58
118 62
118 80
118 87
118 97
118 98
118 102
118 104
118 105
118 110
118 113
118 116
118 119
118 120
118 122
118 125
118 131
118 134
118 138
118 146
118 148
119 1
119 6
119 12
119 16
119 22
119 23
119 27
119 30
119 38
119 42
119 54
119 55
119 60
119 61
119 64
119 72
119 86
119 88
119 98
119 100
119 105
119 108
119 112
119 115
119 117
119 120
119 127
119 129
119 136
119 139
119 141
120 1
120 2
120 3
120 8
120 12
120 19
120 25
120 29
120 34
120 43
120 44
120 48
120 55
120 56
120 64
120 69
120 70
120 73
120 84
120 89
120 93
120 94
120 96
120 100
120 101
120 104
120 105
120 110
120 118
120 133
121 2
121 5
121 6
121 15
121 21
121 35
121 41
121 42
121 43
121 44
121 50
121 55
121 65
121 68
121 69
121 70
121 75
121 80
121 93
121 94
121 95
121 96
121 98
121 100
121 104
121 114
121 117
121 118
121 122
121 125
121 126
121 135
121 139
121 140
121 142
122 2
122 8
122 9
122 11
122 13
122 14
122 17
122 25
122 35
122 47
122 54
122 56
122 58
122 59
122 60
122 68
122 69
122 84
122 99
122 102
122 103
122 106
122 116
122 117
122 118
122 126
122 131
122 132
122 133
123 3
123 5
123 10
123 11
123 20
123 22
123 27
123 35
123 51
123 57
123 58
123 60
123 67
123 69
123 84
123 89
123 92
123 94
123 100
123 116
123 128
123 131
123 137
123 138
123 146
123 147
123 148
124 8
124 19
124 22
124 25
124 30
124 35
124 47
124 48
124 50
124 56
124 58
124 63
124 80
124 89
124 97
124 101
124 105
124 114
124 116
124 118
124 119
124 122
124 128
124 131
124 137
124 149
124 150
125 4
125 15
125 20
125 22
125 27
125 33
125 37
125 44
125 45
125 50
125 55
125 58
125 61
125 66
125 71
125 77
125 79
125 101
125 102
125 107
125 114
125 119
125 120
125 125
125 128
125 131
125 142
125 148
125 149
126 4
126 6
126 7
126 10
126 16
126 22
126 24
126 29
126 32
126 38
126 39
126 41
126 42
126 47
126 49
126 54
126 58
126 62
126 64
126 78
126 79
126 87
126 92
126 99
126 104
126 108
126 118
126 119
126 122
126 125
126 128
126 130
126 134
126 141
127 3
127 7
127 9
127 13
127 24
127 31
127 37
127 42
127 44
127 48
127 66
127 75
127 79
127 80
127 92
127 98
127 99
127 102
127 104
127 108
127 112
127 113
127 115
127 122
127 142
128 3
128 5
128 12
128 18
128 35
128 45
128 47
128 48
128 59
128 60
128 62
128 77
128 81
128 86
128 101
128 116
128 144
129 12
129 14
129 17
129 20
129 28
129 29
129 31
129 38
129 41
129 42
129 59
129 61
129 68
129 89
129 93
129 96
129 98
129 101
129 103
129 109
129 111
129 119
129 130
129 132
129 134
129 136
129 141
129 142
129 144
130 20
130 27
130 30
130 34
130 36
130 39
130 43
130 46
130 51
130 54
130 60
130 69
130 71
130 72
130 74
130 83
130 86
130 93
130 104
130 114
130 117
130 119
130 122
130 129
130 131
130 132
130 140
130 141
130 149
130 150
131 3
131 4
131 13
131 22
131 23
131 27
131 36
131 42
131 49
131 52
131 55
131 59
131 60
131 64
131 74
131 78
131 82
131 91
131 92
131 93
131 103
131 108
131 109
131 121
131 129
131 132
131 137
131 141
131 144
131 146
131 149
131 150
132 12
132 15
132 16
132 21
132 30
132 36
132 47
132 49
132 52
132 53
132 56
132 59
132 60
132 63
132 79
132 83
132 84
132 85
132 92
132 97
132 99
132 106
132 112
132 116
132 120
132 122
132 127
132 142
132 147
133 1
133 2
133 7
133 9
133 11
133 15
133 26
133 29
133 32
133 33
133 34
133 44
133 54
133 55
133 61
133 65
133 69
133 72
133 73
133 78
133 93
133 95
133 98
133 109
133 114
133 118
133 119
133 136
133 138
133 148
134 4
134 10
134 16
134 19
134 28
134 37
134 41
134 49
134 52
134 53
134 56
134 63
134 68
134 69
134 71
134 73
134 75
134 80
134 86
134 90
134 93
134 96
134 97
134 103
134 108
134 109
134 118
134 120
134 125
134 131
134 137
134 142
134 147
135 5
135 12
135 16
135 21
135 23
135 30
135 36
135 41
135 45
135 47
135 48
135 52
135 61
135 70
135 73
135 75
135 76
135 81
135 112
135 133
135 134
135 139
135 142
135 143
135 144
136 3
136 6
136 9
136 11
136 14
136 32
136 36
136 40
136 41
136 47
136 58
136 62
136 66
136 68
136 75
136 77
136 82
136 83
136 87
136 103
136 112
136 121
136 126
136 130
136 139
136 140
136 144
136 147
136 149
137 6
137 16
137 17
137 18
137 19
137 24
137 26
137 29
137 34
137 36
137 40
137 43
137 46
137 57
137 59
137 61
137 65
137 69
137 74
137 89
137 91
137 93
137 96
137 99
137 104
137 105
137 107
137 108
137 123
137 130
137 138
137 142
137 144
138 5
138 7
138 12
138 17
138 28
138 30
138 33
138 50
138 53
138 56
138 57
138 60
138 65
138 82
138 89
138 91
138 100
138 106
138 113
138 123
138 124
138 126
138 131
138 143
138 144
138 146
138 147
138 150
139 1
139 2
139 3
139 10
139 17
139 18
139 28
139 29
139 30
139 40
139 42
139 43
139 46
139 52
139 54
139 56
139 57
139 65
139 68
139 70
139 78
139 84
139 87
139 90
139 97
139 101
139 105
139 112
139 114
139 117
139 125
139 127
139 129
139 132
139 133
139 142
139 144
139 150
140 14
140 15
140 21
140 24
140 31
140 32
140 40
140 41
140 43
140 47
140 57
140 72
140 73
140 79
140 81
140 82
140 87
140 91
140 100
140 103
140 105
140 106
140 107
140 109
140 112
140 118
140 134
140 137
140 149
141 7
141 11
141 14
141 15
141 21
141 22
141 26
141 32
141 39
141 47
141 50
141 61
141 67
141 77
141 84
141 89
141 91
141 95
141 101
141 114
141 125
141 126
141 132
141 141
141 142
141 146
142 3
142 8
142 16
142 24
142 29
142 50
142 51
142 67
142 68
142 81
142 82
142 84
142 88
142 94
142 116
142 117
142 119
142 122
142 125
142 127
142 128
142 129
142 131
142 132
142 135
142 137
142 143
142 144
143 3
143 19
143 37
143 44
143 48
143 52
143 53
143 56
143 60
143 74
143 77
143 78
143 80
143 81
143 88
143 91
143 96
143 98
143 102
143 108
143 113
143 118
143 121
143 126
143 130
143 133
143 135
143 139
143 145
143 150
144 8
144 10
144 24
144 31
144 33
144 41
144 43
144 47
144 48
144 49
144 50
144 54
144 59
144 60
144 61
144 71
144 87
144 88
144 94
144 95
144 97
144 98
144 103
144 105
144 111
144 116
144 117
144 119
144 120
144 121
144 126
144 129
144 130
144 141
144 145
144 150
145 1
145 3
145 4
145 7
145 9
145 19
145 21
145 22
145 28
145 31
145 36
145 39
145 46
145 49
145 50
145 57
145 59
145 60
145 71
145 72
145 78
145 80
145 82
145 88
145 92
145 96
145 106
145 119
145 120
145 128
145 129
145 138
145 140
145 141
145 142
145 143
145 148
145 150
146 2
146 5
146 6
146 11
146 12
146 24
146 27
146 42
146 58
146 65
146 72
146 75
146 95
146 96
146 105
146 124
146 126
146 127
146 129
146 132
146 133
146 134
146 135
146 140
146 148
147 1
147 4
147 6
147 7
147 16
147 19
147 22
147 24
147 37
147 40
147 63
147 64
147 70
147 73
147 75
147 81
147 84
147 86
147 94
147 96
147 103
147 106
147 109
147 111
147 116
147 120
147 126
147 137
147 140
147 146
147 148
148 4
148 6
148 21
148 28
148 30
148 35
148 36
148 38
148 51
148 58
148 65
148 67
148 69
148 72
148 73
148 78
148 92
148 101
148 102
148 115
148 127
148 128
148 136
148 148
148 149
149 1
149 17
149 18
149 24
149 25
149 37
149 42
149 43
149 47
149 50
149 52
149 55
149 73
149 76
149 83
149 84
149 87
149 90
149 91
149 94
149 97
149 99
149 101
149 108
149 118
149 119
149 122
149 126
149 128
149 129
149 131
149 138
149 142
149 144
150 3
150 14
150 16
150 17
150 21
150 22
150 29
150 31
150 63
150 67
150 81
150 85
150 86
150 91
150 97
150 100
150 102
150 111
150 115
150 117
150 118
150 123
150 126
150 127
150 135
150 136
150 140
150 141
150 148
