100
2059
1 1
1 2
1 12
1 13
1 25
1 39
1 43
1 70
1 74
1 78
1 82
1 86
1 87
1 93
1 100
2 1
2 7
2 8
2 9
2 13
2 18
2 19
2 29
2 42
2 48
2 53
2 55
2 56
2 59
2 63
2 64
2 68
2 71
2 80
2 81
2 83
2 89
2 95
3 5
3 10
3 14
3 16
3 18
3 31
3 36
3 38
3 43
3 47
3 51
3 58
3 62
3 66
3 69
3 72
3 80
3 88
3 90
3 94
3 95
3 99
4 2
4 3
4 5
4 6
4 11
4 14
4 18
4 20
4 39
4 50
4 52
4 53
4 55
4 57
4 66
4 70
4 74
4 86
4 88
4 90
5 5
5 10
5 18
5 30
5 40
5 55
5 65
5 66
5 70
5 77
5 87
5 92
5 95
5 97
6 6
6 32
6 48
6 62
6 70
6 79
6 80
6 81
6 85
6 86
7 7
7 11
7 17
7 24
7 44
7 50
7 60
7 66
7 67
7 68
7 69
7 92
7 93
7 94
7 97
7 98
8 3
8 6
8 9
8 12
8 13
8 17
8 20
8 24
8 43
8 44
8 50
8 60
8 61
8 68
8 69
8 75
8 82
8 93
8 94
8 99
9 8
9 11
9 12
9 34
9 36
9 45
9 51
9 61
9 66
9 67
9 70
9 81
9 87
9 93
9 97
10 3
10 7
10 13
10 18
10 22
10 26
10 28
10 33
10 36
10 40
10 41
10 45
10 47
10 48
10 49
10 57
10 75
10 78
10 79
10 80
10 84
10 85
11 1
11 14
11 17
11 18
11 23
11 30
11 31
11 38
11 40
11 42
11 44
11 45
11 50
11 52
11 54
11 56
11 60
11 63
11 73
11 90
11 91
12 7
12 8
12 15
12 16
12 18
12 28
12 33
12 35
12 37
12 38
12 39
12 51
12 55
12 61
12 62
12 64
12 68
12 98
13 5
13 8
13 11
13 13
13 14
13 15
13 17
13 24
13 27
13 34
13 35
13 45
13 51
13 53
13 59
13 61
13 62
13 63
13 74
13 85
13 87
13 94
13 96
13 97
13 100
14 9
14 10
14 19
14 23
14 27
14 37
14 44
14 47
14 51
14 53
14 58
14 59
14 60
14 69
14 75
14 83
14 87
14 89
14 94
14 95
14 96
14 99
15 1
15 2
15 18
15 19
15 21
15 22
15 24
15 31
15 35
15 53
15 58
15 61
15 68
15 71
15 72
15 78
15 84
15 86
15 95
15 96
15 97
16 6
16 13
16 20
16 21
16 25
16 32
16 33
16 37
16 47
16 53
16 54
16 59
16 63
16 64
16 70
16 78
16 79
16 81
16 82
16 84
16 95
16 96
17 2
17 7
17 16
17 19
17 23
17 25
17 30
17 31
17 37
17 39
17 41
17 42
17 44
17 47
17 49
17 54
17 58
17 59
17 70
17 73
17 75
17 80
17 81
17 84
17 85
17 89
17 94
17 95
18 2
18 8
18 17
18 20
18 21
18 25
18 29
18 37
18 40
18 41
18 44
18 60
18 64
18 73
18 74
18 77
18 80
18 81
18 83
18 84
18 87
18 89
18 91
18 92
18 94
19 6
19 9
19 11
19 22
19 23
19 25
19 29
19 34
19 39
19 40
19 41
19 42
19 49
19 51
19 52
19 59
19 72
19 75
19 79
19 80
19 91
19 94
20 6
20 8
20 16
20 18
20 19
20 24
20 26
20 28
20 30
20 32
20 34
20 35
20 43
20 49
20 61
20 74
20 75
20 77
20 85
20 90
20 91
20 99
21 3
21 9
21 16
21 18
21 19
21 30
21 37
21 39
21 43
21 51
21 54
21 64
21 72
21 77
21 78
21 81
21 86
21 92
21 93
21 94
21 96
21 97
21 99
22 1
22 2
22 7
22 8
22 12
22 18
22 19
22 30
22 32
22 34
22 41
22 50
22 51
22 53
22 60
22 61
22 71
22 76
22 78
22 86
22 88
22 90
22 92
22 97
23 6
23 7
23 9
23 14
23 17
23 22
23 27
23 32
23 33
23 43
23 45
23 46
23 56
23 69
23 71
23 72
23 77
23 80
23 87
23 88
23 90
23 96
23 100
24 14
24 17
24 23
24 28
24 33
24 34
24 40
24 43
24 48
24 53
24 55
24 63
24 65
24 74
24 76
24 77
24 86
24 88
24 93
24 95
24 96
24 97
24 98
25 1
25 4
25 6
25 10
25 18
25 19
25 22
25 23
25 26
25 42
25 43
25 44
25 49
25 52
25 53
25 60
25 65
25 70
25 76
25 78
25 83
25 85
25 86
26 1
26 4
26 9
26 14
26 16
26 20
26 28
26 37
26 40
26 43
26 60
26 77
26 78
26 79
26 85
26 86
26 87
26 90
26 95
26 96
26 98
27 1
27 2
27 16
27 23
27 24
27 34
27 38
27 39
27 44
27 47
27 50
27 51
27 67
27 71
27 75
27 77
27 78
27 79
27 87
27 89
27 92
27 96
28 4
28 9
28 12
28 15
28 18
28 20
28 24
28 25
28 27
28 38
28 40
28 49
28 51
28 52
28 57
28 59
28 64
28 69
28 72
28 77
28 81
28 82
28 83
28 84
28 89
28 95
29 9
29 20
29 22
29 24
29 27
29 31
29 37
29 49
29 54
29 62
29 67
29 82
29 85
29 86
29 87
29 88
29 89
29 97
29 98
30 1
30 4
30 6
30 10
30 13
30 15
30 18
30 23
30 26
30 27
30 31
30 36
30 37
30 39
30 46
30 50
30 52
30 54
30 55
30 60
30 72
30 73
30 76
30 77
30 83
30 84
30 100
31 1
31 10
31 13
31 14
31 18
31 24
31 31
31 32
31 33
31 40
31 43
31 47
31 51
31 58
31 61
31 65
31 74
31 75
31 76
31 78
31 79
31 80
31 84
31 86
31 90
31 94
31 95
31 100
32 6
32 10
32 13
32 16
32 36
32 43
32 47
32 55
32 58
32 59
32 60
32 65
32 71
32 72
32 75
32 77
32 81
32 84
32 85
32 99
33 2
33 5
33 9
33 17
33 18
33 26
33 29
33 31
33 39
33 42
33 47
33 51
33 53
33 55
33 57
33 65
33 73
33 74
33 75
33 76
33 77
33 93
33 95
33 96
34 9
34 12
34 14
34 15
34 32
34 42
34 54
34 61
34 64
34 71
34 74
34 75
34 77
34 79
34 83
34 84
34 90
34 99
34 100
35 1
35 8
35 11
35 15
35 19
35 27
35 37
35 39
35 46
35 52
35 56
35 58
35 79
35 88
35 92
35 97
36 2
36 10
36 11
36 12
36 16
36 17
36 19
36 29
36 37
36 38
36 41
36 43
36 51
36 53
36 71
36 74
36 87
36 89
36 90
36 95
36 99
37 2
37 8
37 11
37 13
37 21
37 23
37 26
37 32
37 36
37 37
37 38
37 42
37 44
37 46
37 50
37 52
37 63
37 65
37 66
37 69
37 74
37 79
37 82
37 85
37 86
37 90
37 96
38 3
38 6
38 11
38 15
38 18
38 24
38 25
38 32
38 47
38 48
38 52
38 53
38 55
38 57
38 62
38 83
38 86
38 91
38 92
38 98
38 99
39 3
39 6
39 19
39 20
39 27
39 30
39 33
39 34
39 35
39 41
39 42
39 49
39 54
39 59
39 64
39 70
39 85
39 86
39 90
40 4
40 7
40 9
40 10
40 11
40 12
40 19
40 25
40 46
40 47
40 52
40 61
40 66
40 73
40 74
40 78
40 81
40 85
40 86
40 92
40 98
41 14
41 17
41 33
41 39
41 40
41 44
41 46
41 51
41 53
41 56
41 61
41 62
41 65
41 67
41 69
41 71
41 75
41 76
41 78
41 79
41 81
41 91
41 96
42 1
42 9
42 13
42 28
42 30
42 33
42 36
42 41
42 50
42 52
42 57
42 63
42 70
42 79
42 82
42 85
42 89
42 90
42 98
43 7
43 8
43 11
43 22
43 28
43 29
43 32
43 37
43 39
43 47
43 48
43 59
43 75
43 77
43 80
43 81
43 87
43 89
43 91
43 92
44 12
44 29
44 43
44 46
44 59
44 60
44 67
44 68
44 69
44 76
44 78
44 81
44 89
44 96
44 97
44 100
45 4
45 5
45 6
45 16
45 22
45 24
45 28
45 32
45 34
45 35
45 37
45 38
45 40
45 50
45 54
45 58
45 67
45 70
45 72
45 76
45 78
45 99
46 5
46 8
46 9
46 15
46 21
46 37
46 44
46 56
46 63
46 70
46 72
46 80
46 81
46 85
46 91
46 97
47 3
47 5
47 14
47 18
47 19
47 28
47 33
47 35
47 38
47 40
47 45
47 46
47 51
47 52
47 60
47 61
47 63
47 74
47 75
47 76
47 77
47 81
47 90
47 97
47 100
48 2
48 9
48 10
48 21
48 27
48 38
48 39
48 40
48 50
48 52
48 56
48 58
48 64
48 76
48 78
48 89
48 91
48 98
49 1
49 4
49 10
49 13
49 19
49 21
49 23
49 25
49 33
49 37
49 41
49 49
49 54
49 62
49 67
49 81
49 89
49 98
50 3
50 8
50 11
50 12
50 15
50 23
50 27
50 34
50 38
50 43
50 47
50 50
50 52
50 58
50 62
50 65
50 66
50 73
50 84
50 89
50 90
50 96
50 99
51 1
51 2
51 3
51 6
51 9
51 20
51 26
51 28
51 32
51 43
51 46
51 49
51 51
51 56
51 58
51 60
51 65
51 67
51 70
51 72
51 77
51 79
51 82
51 87
51 99
51 100
52 6
52 7
52 8
52 16
52 23
52 28
52 41
52 43
52 48
52 64
52 68
52 94
52 96
52 99
53 2
53 6
53 8
53 9
53 15
53 16
53 20
53 22
53 32
53 37
53 44
53 47
53 48
53 51
53 57
53 58
53 66
53 68
53 71
53 74
53 75
53 78
53 85
53 100
54 7
54 10
54 28
54 39
54 41
54 54
54 57
54 63
54 71
54 74
54 80
54 86
54 88
54 90
54 96
55 1
55 25
55 28
55 37
55 42
55 51
55 58
55 64
55 68
55 71
55 75
55 81
55 88
55 90
55 99
56 5
56 9
56 11
56 12
56 15
56 23
56 26
56 27
56 33
56 49
56 51
56 55
56 57
56 70
56 71
56 79
56 80
56 81
56 82
56 84
56 86
56 88
56 91
56 94
57 4
57 12
57 18
57 22
57 32
57 43
57 48
57 52
57 56
57 71
57 72
57 75
57 77
57 78
57 79
57 81
57 88
58 3
58 4
58 21
58 27
58 39
58 42
58 45
58 50
58 56
58 57
58 60
58 61
58 69
58 83
58 86
58 91
58 94
59 6
59 8
59 17
59 43
59 44
59 45
59 49
59 52
59 61
59 64
59 73
59 74
59 80
59 86
59 87
59 96
59 97
60 15
60 17
60 20
60 21
60 22
60 29
60 32
60 35
60 40
60 41
60 46
60 48
60 52
60 53
60 56
60 61
60 72
60 78
60 80
61 2
61 9
61 11
61 12
61 20
61 29
61 32
61 35
61 45
61 48
61 49
61 53
61 54
61 56
61 60
61 66
61 67
61 74
61 76
61 80
61 82
61 89
61 98
62 11
62 16
62 22
62 24
62 31
62 33
62 34
62 39
62 42
62 44
62 48
62 57
62 59
62 71
62 82
62 97
63 3
63 4
63 7
63 9
63 17
63 18
63 19
63 20
63 24
63 27
63 30
63 38
63 46
63 56
63 60
63 65
63 70
63 83
63 84
63 85
63 86
64 11
64 17
64 36
64 41
64 54
64 59
64 63
64 65
64 74
64 83
64 89
64 90
64 93
64 95
65 2
65 8
65 26
65 27
65 30
65 34
65 35
65 38
65 41
65 46
65 51
65 60
65 72
65 78
65 81
65 90
66 22
66 25
66 33
66 40
66 47
66 49
66 54
66 57
66 59
66 63
66 71
66 75
66 78
66 81
66 84
66 90
66 94
67 8
67 12
67 16
67 26
67 30
67 37
67 40
67 41
67 47
67 66
67 67
67 75
67 77
67 83
67 84
67 89
67 90
67 94
68 7
68 10
68 11
68 17
68 23
68 26
68 28
68 30
68 32
68 34
68 35
68 39
68 40
68 46
68 62
68 65
68 69
68 72
68 77
68 89
69 7
69 9
69 13
69 15
69 17
69 18
69 23
69 26
69 29
69 30
69 32
69 35
69 38
69 45
69 46
69 49
69 65
69 67
69 69
69 79
69 80
69 85
69 89
69 92
70 4
70 6
70 14
70 18
70 22
70 27
70 30
70 41
70 48
70 50
70 54
70 58
70 63
70 81
70 95
70 96
70 98
70 99
71 4
71 6
71 12
71 15
71 17
71 23
71 24
71 28
71 31
71 34
71 42
71 51
71 58
71 60
71 68
71 71
71 72
71 78
71 82
71 85
71 94
72 10
72 13
72 16
72 17
72 23
72 24
72 32
72 33
72 35
72 37
72 48
72 50
72 52
72 55
72 66
72 73
72 77
72 80
72 87
72 91
72 93
72 94
72 97
72 99
73 4
73 7
73 10
73 14
73 20
73 21
73 31
73 41
73 43
73 48
73 53
73 56
73 64
73 69
73 75
73 80
73 81
73 84
73 90
73 93
74 7
74 9
74 19
74 26
74 27
74 29
74 36
74 39
74 40
74 42
74 45
74 49
74 52
74 59
74 62
74 69
74 75
74 86
74 100
75 6
75 17
75 20
75 23
75 29
75 33
75 34
75 47
75 48
75 54
75 59
75 61
75 72
75 73
75 79
75 81
75 82
75 91
75 92
75 96
75 98
76 20
76 24
76 33
76 38
76 43
76 45
76 48
76 53
76 61
76 69
76 72
76 74
76 79
76 86
76 88
76 97
77 5
77 8
77 13
77 14
77 23
77 27
77 35
77 36
77 38
77 42
77 43
77 44
77 53
77 59
77 61
77 76
77 77
77 78
77 83
77 87
77 88
77 93
77 99
77 100
78 2
78 10
78 24
78 25
78 27
78 41
78 42
78 53
78 58
78 65
78 70
78 77
78 81
78 82
78 86
78 89
78 94
78 96
79 11
79 15
79 16
79 18
79 32
79 42
79 49
79 50
79 54
79 57
79 61
79 62
79 65
79 76
79 79
79 86
79 87
79 98
80 1
80 4
80 12
80 15
80 16
80 17
80 18
80 30
80 33
80 34
80 38
80 39
80 41
80 50
80 51
80 54
80 61
80 64
80 71
80 82
80 86
80 87
80 90
80 99
80 100
81 1
81 2
81 8
81 10
81 19
81 23
81 40
81 43
81 56
81 62
81 63
81 71
81 78
81 79
81 82
81 83
81 85
81 89
82 5
82 9
82 11
82 15
82 16
82 20
82 23
82 33
82 36
82 38
82 43
82 44
82 48
82 51
82 57
82 70
82 72
82 73
82 75
82 82
82 96
82 100
83 1
83 8
83 9
83 10
83 15
83 17
83 19
83 21
83 22
83 27
83 32
83 36
83 39
83 45
83 47
83 48
83 55
83 59
83 64
83 70
83 71
83 73
83 74
83 82
83 86
83 87
84 7
84 22
84 30
84 36
84 37
84 41
84 43
84 44
84 47
84 48
84 50
84 51
84 61
84 68
84 78
84 86
84 90
84 94
84 95
85 2
85 3
85 13
85 17
85 19
85 22
85 26
85 28
85 29
85 33
85 45
85 51
85 60
85 63
85 65
85 66
85 73
85 74
85 80
85 83
85 85
85 86
85 87
85 92
85 100
86 2
86 8
86 10
86 11
86 14
86 18
86 22
86 30
86 34
86 49
86 52
86 58
86 61
86 62
86 67
86 71
86 86
86 89
86 91
86 92
86 96
86 99
87 2
87 8
87 20
87 24
87 26
87 29
87 31
87 43
87 44
87 53
87 55
87 65
87 72
87 73
87 89
87 91
87 95
87 97
88 3
88 4
88 6
88 7
88 10
88 21
88 33
88 38
88 39
88 54
88 63
88 64
88 65
88 69
88 70
88 78
88 82
88 83
88 85
88 92
88 96
88 98
88 100
89 4
89 5
89 9
89 10
89 27
89 30
89 31
89 35
89 46
89 51
89 53
89 61
89 66
89 80
89 82
89 90
89 93
89 96
90 5
90 6
90 21
90 26
90 32
90 36
90 42
90 46
90 52
90 56
90 60
90 63
90 64
90 76
90 77
90 85
90 93
91 3
91 5
91 23
91 28
91 31
91 33
91 38
91 43
91 46
91 54
91 57
91 70
91 71
91 77
91 79
91 80
91 85
91 86
91 89
91 96
92 2
92 3
92 11
92 18
92 24
92 28
92 34
92 42
92 45
92 48
92 53
92 56
92 63
92 70
92 72
92 75
92 77
92 80
92 85
92 89
92 92
92 95
92 99
93 5
93 16
93 20
93 28
93 29
93 33
93 34
93 51
93 55
93 58
93 59
93 62
93 64
93 66
93 71
93 76
93 82
93 85
93 89
93 92
94 11
94 13
94 14
94 33
94 64
94 67
94 72
94 78
94 81
94 82
94 83
94 85
94 90
94 91
94 92
94 95
94 96
94 97
94 99
95 1
95 2
95 3
95 7
95 13
95 15
95 24
95 26
95 27
95 30
95 35
95 36
95 37
95 43
95 56
95 58
95 59
95 61
95 65
95 69
95 73
95 74
95 76
95 78
95 82
95 83
95 85
95 95
95 99
96 10
96 11
96 12
96 29
96 36
96 40
96 43
96 53
96 60
96 67
96 81
96 83
96 85
96 88
96 96
97 9
97 20
97 26
97 27
97 30
97 31
97 37
97 41
97 52
97 54
97 56
97 62
97 64
97 80
97 83
97 85
97 89
97 97
97 98
97 99
98 13
98 15
98 16
98 23
98 24
98 26
98 30
98 31
98 32
98 45
98 46
98 51
98 52
98 54
98 55
98 62
98 65
98 80
98 81
98 83
98 86
98 88
98 93
98 94
98 97
98 99
99 7
99 19
99 25
99 27
99 30
99 32
99 34
99 44
99 45
99 56
99 57
99 58
99 66
99 67
99 73
99 74
99 79
99 82
99 90
99 93
99 94
99 98
99 99
99 100
100 6
100 7
100 13
100 15
100 17
100 22
100 25
100 27
100 37
100 41
100 44
100 47
100 50
100 51
100 54
100 61
100 64
100 72
100 76
100 77
100 79
100 80
100 91
100 92
