350
6172
1 34
1 101
1 102
1 126
1 160
1 163
1 223
1 275
1 302
1 308
1 320
1 340
2 29
2 32
2 69
2 72
2 88
2 105
2 113
2 116
2 130
2 169
2 184
2 196
2 199
2 250
2 295
2 303
2 325
3 95
3 108
3 122
3 141
3 198
3 210
3 217
3 218
3 224
3 296
3 304
3 314
3 320
3 326
3 347
4 76
4 183
4 200
4 207
4 236
4 239
4 244
4 257
4 269
4 271
4 291
4 326
4 339
5 12
5 18
5 20
5 21
5 29
5 41
5 45
5 76
5 86
5 122
5 169
5 171
5 201
5 204
5 217
5 247
5 252
5 280
5 289
5 316
5 327
5 344
6 8
6 28
6 29
6 61
6 80
6 90
6 126
6 196
6 208
6 213
6 222
6 246
6 257
6 278
6 331
7 1
7 18
7 40
7 55
7 118
7 145
7 148
7 177
7 183
7 210
7 260
7 272
7 286
7 306
7 331
8 8
8 13
8 26
8 86
8 106
8 170
8 177
8 188
8 210
8 215
8 251
8 265
8 276
8 335
9 1
9 16
9 56
9 81
9 82
9 85
9 109
9 121
9 139
9 158
9 164
9 237
9 238
9 246
9 266
9 279
9 298
9 302
9 318
9 340
10 3
10 9
10 47
10 73
10 86
10 88
10 100
10 136
10 148
10 153
10 168
10 169
10 181
10 200
10 224
10 277
10 338
11 25
11 28
11 45
11 47
11 50
11 72
11 127
11 132
11 136
11 142
11 147
11 172
11 182
11 184
11 187
11 193
11 204
11 212
11 214
11 218
11 243
11 257
11 262
11 295
11 322
11 326
11 338
11 339
12 7
12 76
12 137
12 197
12 233
12 238
12 258
12 294
12 313
13 1
13 8
13 25
13 39
13 60
13 84
13 89
13 104
13 114
13 129
13 133
13 152
13 186
13 251
13 284
13 321
14 73
14 102
14 109
14 150
14 183
14 188
14 194
14 222
14 232
14 271
14 274
14 323
14 327
14 328
14 339
14 348
14 350
15 14
15 30
15 41
15 84
15 94
15 99
15 109
15 112
15 119
15 167
15 169
15 183
15 192
15 193
15 195
15 210
15 212
15 213
15 262
15 284
15 303
15 346
15 349
16 45
16 59
16 88
16 91
16 109
16 128
16 147
16 160
16 209
16 222
16 246
16 257
16 286
16 330
16 335
17 42
17 47
17 72
17 79
17 108
17 116
17 140
17 144
17 146
17 158
17 160
17 173
17 189
17 228
17 260
17 279
17 283
17 300
17 334
18 38
18 58
18 68
18 73
18 86
18 98
18 121
18 135
18 164
18 169
18 172
18 199
18 206
18 209
18 236
18 239
18 240
18 247
18 270
18 288
18 321
19 16
19 19
19 40
19 46
19 53
19 82
19 86
19 98
19 124
19 135
19 139
19 146
19 170
19 255
19 307
19 326
20 15
20 32
20 61
20 62
20 63
20 68
20 75
20 118
20 196
20 206
20 211
20 244
20 247
20 250
20 259
20 281
20 283
20 300
20 313
20 317
20 327
20 331
20 342
20 349
21 21
21 24
21 34
21 37
21 47
21 54
21 80
21 82
21 85
21 102
21 116
21 122
21 154
21 240
21 260
21 262
21 263
21 274
21 346
22 48
22 60
22 77
22 103
22 170
22 181
22 235
22 248
22 264
22 274
22 289
22 300
23 20
23 21
23 22
23 25
23 33
23 42
23 61
23 67
23 72
23 79
23 87
23 92
23 131
23 166
23 169
23 173
23 176
23 194
23 202
23 207
23 255
23 256
23 267
23 274
23 283
23 290
23 306
24 15
24 57
24 112
24 144
24 152
24 167
24 173
24 174
24 257
24 308
24 345
25 5
25 9
25 59
25 151
25 163
25 170
25 181
25 221
25 235
25 246
25 251
25 256
25 259
25 289
25 305
26 22
26 51
26 84
26 104
26 118
26 125
26 142
26 164
26 200
26 204
26 226
26 238
26 254
26 279
26 299
26 335
26 339
26 343
27 6
27 12
27 25
27 37
27 60
27 112
27 113
27 134
27 144
27 178
27 195
27 206
27 221
27 228
27 250
27 263
27 270
27 287
27 329
27 331
27 341
28 8
28 16
28 71
28 85
28 144
28 202
28 208
28 221
28 253
28 254
28 266
28 304
28 315
28 328
28 332
28 350
29 31
29 33
29 53
29 57
29 87
29 151
29 152
29 176
29 254
29 275
29 290
29 306
29 308
29 337
29 338
30 60
30 63
30 78
30 109
30 177
30 209
30 214
30 234
30 255
30 270
30 280
30 349
31 52
31 66
31 90
31 100
31 115
31 166
31 172
31 183
31 188
31 200
31 213
31 228
31 230
31 256
31 257
31 266
31 285
31 287
31 291
31 332
31 344
31 345
31 347
31 349
32 13
32 17
32 18
32 44
32 58
32 65
32 75
32 77
32 86
32 98
32 120
32 178
32 185
32 206
32 278
32 324
32 341
32 344
33 25
33 42
33 43
33 46
33 63
33 67
33 77
33 82
33 83
33 93
33 97
33 103
33 104
33 133
33 139
33 143
33 192
33 204
33 225
33 227
33 239
33 247
33 286
33 301
33 303
33 307
33 322
33 342
33 345
34 2
34 9
34 32
34 41
34 48
34 102
34 141
34 146
34 153
34 214
34 245
34 246
34 250
34 263
34 285
34 294
34 301
34 304
34 326
35 29
35 81
35 97
35 98
35 116
35 128
35 144
35 159
35 166
35 177
35 227
35 230
35 248
35 251
35 252
35 280
35 295
35 296
35 303
35 312
35 325
36 40
36 51
36 68
36 86
36 166
36 184
36 225
36 278
36 287
36 288
36 289
36 318
36 341
37 6
37 23
37 28
37 35
37 36
37 45
37 85
37 97
37 99
37 117
37 131
37 132
37 138
37 142
37 153
37 154
37 161
37 165
37 230
37 279
37 301
37 328
37 338
37 343
38 4
38 15
38 61
38 65
38 101
38 104
38 111
38 122
38 147
38 185
38 201
38 208
38 222
38 226
38 274
38 275
38 276
38 306
38 320
38 340
39 1
39 2
39 14
39 27
39 48
39 56
39 79
39 82
39 107
39 125
39 144
39 167
39 225
39 235
39 251
39 260
39 292
39 299
39 304
39 313
40 10
40 12
40 35
40 37
40 52
40 78
40 101
40 119
40 121
40 158
40 165
40 194
40 201
40 206
40 236
40 251
40 269
40 280
40 288
40 294
40 349
41 2
41 5
41 14
41 41
41 75
41 106
41 108
41 122
41 162
41 166
41 187
41 197
41 206
41 225
41 242
41 258
41 260
41 284
41 332
41 336
41 341
42 1
42 38
42 96
42 110
42 127
42 172
42 185
42 198
42 201
42 235
42 265
42 266
42 290
42 301
42 307
42 308
42 342
43 5
43 10
43 15
43 38
43 114
43 135
43 153
43 167
43 176
43 185
43 210
43 217
43 244
43 261
43 276
43 286
43 334
43 347
44 50
44 79
44 84
44 94
44 117
44 137
44 139
44 184
44 201
44 205
44 230
44 287
44 296
44 302
44 342
45 17
45 23
45 28
45 32
45 74
45 83
45 133
45 141
45 151
45 190
45 202
45 208
46 45
46 62
46 66
46 69
46 161
46 190
46 196
46 209
46 229
46 234
46 235
46 236
46 261
46 269
46 294
46 316
46 326
47 32
47 41
47 45
47 56
47 85
47 130
47 169
47 178
47 219
47 221
47 227
47 242
47 246
47 277
47 298
48 11
48 19
48 48
48 72
48 74
48 77
48 85
48 91
48 95
48 97
48 98
48 130
48 179
48 195
48 199
48 205
48 233
48 244
48 252
48 266
48 318
48 320
48 321
48 335
49 11
49 18
49 23
49 40
49 57
49 76
49 91
49 107
49 163
49 303
49 345
49 346
50 7
50 38
50 41
50 42
50 44
50 65
50 98
50 111
50 115
50 120
50 182
50 202
50 207
50 241
50 247
50 259
50 264
50 284
50 291
50 329
51 45
51 48
51 66
51 68
51 88
51 95
51 96
51 108
51 111
51 125
51 136
51 144
51 145
51 214
51 268
51 289
51 350
52 5
52 7
52 12
52 18
52 25
52 34
52 39
52 40
52 63
52 76
52 103
52 128
52 140
52 141
52 180
52 182
52 187
52 204
52 223
52 289
52 299
52 333
52 335
53 32
53 47
53 74
53 98
53 157
53 161
53 172
53 197
53 208
53 224
53 248
53 278
53 314
53 331
53 349
54 30
54 35
54 82
54 93
54 111
54 121
54 231
54 236
54 263
54 269
54 293
54 302
54 307
54 316
54 318
54 336
55 15
55 16
55 24
55 35
55 47
55 63
55 64
55 71
55 105
55 113
55 203
55 227
55 252
55 274
55 277
55 296
55 328
55 348
56 19
56 57
56 66
56 120
56 123
56 136
56 159
56 173
56 206
56 217
56 282
56 313
56 321
57 6
57 25
57 113
57 119
57 134
57 150
57 160
57 196
57 201
57 204
57 212
57 225
57 262
57 282
57 296
57 301
57 305
57 329
58 8
58 39
58 48
58 91
58 123
58 162
58 165
58 197
58 203
58 247
58 326
59 61
59 64
59 78
59 127
59 143
59 145
59 156
59 157
59 164
59 176
59 186
59 187
59 213
59 234
59 240
59 241
59 242
59 246
59 255
59 267
59 280
59 283
59 303
59 320
59 333
59 343
60 36
60 42
60 51
60 73
60 121
60 129
60 133
60 136
60 159
60 160
60 167
60 177
60 185
60 267
60 278
60 281
60 317
61 71
61 80
61 111
61 132
61 137
61 179
61 185
61 189
61 195
61 205
61 253
61 266
61 279
61 339
62 25
62 26
62 40
62 63
62 85
62 97
62 150
62 160
62 165
62 182
62 188
62 191
62 206
62 312
62 323
63 33
63 38
63 45
63 59
63 63
63 70
63 71
63 78
63 109
63 118
63 127
63 143
63 158
63 173
63 229
63 237
63 247
63 254
63 269
63 271
63 314
63 333
63 347
63 349
64 14
64 28
64 35
64 37
64 58
64 75
64 77
64 102
64 107
64 143
64 159
64 162
64 183
64 192
64 197
64 256
64 257
64 258
64 278
64 305
65 8
65 19
65 35
65 37
65 60
65 63
65 71
65 73
65 95
65 119
65 131
65 134
65 149
65 163
65 209
65 223
65 232
65 245
65 266
65 267
65 274
65 285
65 320
65 341
66 5
66 23
66 33
66 34
66 49
66 83
66 87
66 99
66 181
66 192
66 246
66 264
66 324
66 329
67 79
67 84
67 120
67 130
67 155
67 168
67 208
67 223
67 236
67 239
67 246
67 296
67 300
67 322
67 340
67 349
68 6
68 17
68 18
68 30
68 44
68 60
68 101
68 111
68 127
68 152
68 165
68 168
68 176
68 183
68 227
68 242
68 256
68 265
68 286
68 313
68 320
68 329
68 335
69 3
69 10
69 37
69 38
69 108
69 136
69 139
69 192
69 212
69 213
69 243
69 254
69 281
69 292
69 330
70 2
70 22
70 25
70 54
70 55
70 106
70 127
70 186
70 224
70 236
70 243
70 268
70 305
70 323
71 5
71 40
71 46
71 67
71 69
71 132
71 147
71 157
71 208
71 223
71 229
71 240
71 250
71 257
71 292
71 346
72 27
72 65
72 80
72 93
72 111
72 125
72 147
72 192
72 193
72 195
72 197
72 208
72 226
72 291
72 308
72 324
73 31
73 32
73 133
73 187
73 194
73 225
73 243
73 270
73 285
73 311
73 338
74 3
74 13
74 56
74 64
74 89
74 101
74 118
74 145
74 159
74 174
74 181
74 198
74 306
75 40
75 46
75 73
75 100
75 105
75 140
75 152
75 168
75 182
75 195
75 196
75 220
75 263
75 305
75 317
75 323
75 325
75 331
75 337
76 49
76 63
76 104
76 109
76 121
76 201
76 203
76 212
76 217
76 221
76 224
76 243
76 278
76 306
76 307
76 312
76 330
76 332
77 18
77 22
77 71
77 77
77 102
77 118
77 120
77 132
77 147
77 202
77 234
77 263
77 271
77 307
77 327
78 42
78 50
78 78
78 140
78 155
78 189
78 195
78 196
78 207
78 215
78 220
78 289
78 294
78 308
78 321
78 342
78 343
78 348
79 15
79 19
79 32
79 51
79 60
79 65
79 98
79 110
79 118
79 173
79 182
79 202
79 203
79 242
79 272
79 277
79 293
79 302
79 319
79 324
79 326
80 2
80 11
80 19
80 47
80 103
80 104
80 114
80 123
80 126
80 128
80 140
80 147
80 160
80 168
80 177
80 194
80 198
80 202
80 258
80 268
80 271
80 303
80 327
80 338
81 57
81 94
81 122
81 135
81 152
81 155
81 165
81 173
81 201
81 212
81 220
81 236
81 277
81 285
81 291
81 306
81 311
81 347
82 18
82 23
82 36
82 73
82 108
82 118
82 171
82 183
82 203
82 215
82 224
82 228
82 243
82 246
82 254
82 278
82 283
82 287
82 306
82 327
82 331
83 37
83 42
83 76
83 91
83 133
83 134
83 140
83 146
83 160
83 176
83 181
83 244
83 279
83 290
83 295
83 309
83 312
83 320
83 327
83 328
83 339
84 60
84 96
84 126
84 176
84 242
84 262
84 270
84 288
84 304
84 343
85 34
85 50
85 71
85 99
85 125
85 172
85 181
85 209
85 229
85 254
85 262
85 278
85 300
85 321
85 327
85 331
85 348
86 7
86 10
86 13
86 38
86 100
86 137
86 155
86 189
86 225
86 226
86 241
86 274
86 290
86 300
87 7
87 14
87 28
87 74
87 95
87 140
87 149
87 162
87 166
87 175
87 180
87 193
87 195
87 202
87 217
87 238
87 247
87 260
87 264
87 271
87 307
87 336
87 346
88 35
88 76
88 85
88 88
88 89
88 109
88 114
88 118
88 142
88 148
88 149
88 152
88 157
88 212
88 221
88 227
88 269
88 274
88 277
88 307
88 324
89 22
89 26
89 40
89 45
89 54
89 81
89 104
89 123
89 143
89 159
89 165
89 198
89 199
89 202
89 206
89 209
89 237
89 253
89 261
89 262
89 296
89 324
89 340
89 345
89 349
90 21
90 22
90 45
90 70
90 77
90 85
90 98
90 107
90 109
90 124
90 135
90 158
90 165
90 220
90 256
90 275
91 3
91 16
91 35
91 75
91 77
91 79
91 96
91 97
91 101
91 103
91 116
91 150
91 153
91 154
91 170
91 171
91 182
91 206
91 242
91 257
91 267
91 270
91 289
91 300
91 302
91 304
91 337
92 22
92 27
92 58
92 86
92 95
92 135
92 146
92 150
92 156
92 165
92 181
92 195
92 198
92 213
92 223
92 287
92 333
92 334
93 13
93 41
93 75
93 79
93 80
93 112
93 118
93 127
93 155
93 179
93 188
93 213
93 251
93 266
93 320
94 11
94 73
94 111
94 123
94 134
94 177
94 190
94 224
94 242
94 243
94 256
94 264
94 268
94 298
94 311
94 319
94 327
94 345
95 54
95 96
95 108
95 134
95 137
95 146
95 170
95 201
95 202
95 231
95 237
95 292
95 311
95 316
95 324
95 343
95 347
96 55
96 117
96 206
96 216
96 223
96 243
96 264
96 266
96 331
96 335
96 337
97 15
97 16
97 26
97 32
97 34
97 43
97 64
97 65
97 66
97 72
97 77
97 87
97 91
97 102
97 139
97 148
97 206
97 235
97 264
97 308
97 316
97 328
98 8
98 21
98 24
98 65
98 87
98 111
98 114
98 117
98 133
98 135
98 179
98 294
98 311
98 341
99 15
99 31
99 103
99 105
99 108
99 123
99 192
99 196
99 211
99 214
99 245
99 278
99 293
99 307
99 327
99 333
100 10
100 11
100 141
100 153
100 156
100 174
100 225
100 233
100 242
100 261
100 277
100 305
100 308
100 323
100 335
100 339
101 7
101 9
101 30
101 74
101 75
101 81
101 111
101 169
101 176
101 189
101 201
101 224
101 226
101 231
101 294
101 296
101 304
101 306
101 317
102 15
102 40
102 111
102 130
102 132
102 149
102 163
102 178
102 184
102 187
102 194
102 220
102 229
102 231
102 243
102 258
102 291
102 299
102 308
102 310
102 311
102 338
103 17
103 18
103 45
103 92
103 95
103 103
103 108
103 149
103 190
103 199
103 203
103 211
103 213
103 226
103 228
103 278
103 290
103 295
103 306
103 339
104 9
104 24
104 28
104 33
104 55
104 56
104 57
104 66
104 91
104 100
104 116
104 131
104 134
104 153
104 154
104 193
104 208
104 215
104 241
104 304
104 305
104 337
105 21
105 79
105 87
105 110
105 170
105 209
105 211
105 213
105 215
105 218
105 249
105 294
105 298
105 300
105 308
105 322
105 340
105 341
106 30
106 37
106 59
106 66
106 68
106 73
106 78
106 79
106 93
106 97
106 116
106 140
106 162
106 169
106 183
106 201
106 210
106 238
106 276
106 323
106 328
107 37
107 130
107 147
107 154
107 187
107 210
107 221
107 226
107 268
107 271
107 297
107 306
107 318
107 337
108 49
108 86
108 93
108 119
108 157
108 176
108 182
108 209
108 233
108 251
108 262
108 292
108 299
108 313
108 346
109 10
109 25
109 89
109 97
109 103
109 115
109 169
109 198
109 207
109 211
109 213
109 221
109 225
109 228
109 241
109 259
109 283
109 297
109 306
109 320
109 321
109 340
110 8
110 46
110 71
110 97
110 107
110 149
110 216
110 270
110 317
110 324
111 31
111 38
111 49
111 50
111 96
111 99
111 115
111 124
111 131
111 143
111 190
111 195
111 230
111 243
111 244
111 249
111 257
111 294
111 306
111 318
111 329
112 23
112 47
112 58
112 114
112 118
112 143
112 155
112 158
112 166
112 168
112 175
112 177
112 201
112 223
112 258
112 270
112 316
112 318
113 39
113 44
113 92
113 105
113 112
113 130
113 142
113 157
113 164
113 169
113 173
113 219
113 228
113 233
113 248
113 309
113 333
113 339
114 22
114 82
114 83
114 89
114 90
114 106
114 146
114 150
114 177
114 180
114 182
114 188
114 277
114 283
114 296
114 304
114 312
114 313
114 316
114 350
115 11
115 34
115 91
115 103
115 115
115 122
115 136
115 164
115 165
115 173
115 233
115 244
115 253
115 260
115 271
115 276
115 282
115 289
115 303
115 326
116 37
116 44
116 53
116 58
116 98
116 110
116 120
116 136
116 140
116 166
116 176
116 195
116 219
116 229
116 235
116 272
116 277
116 326
117 12
117 26
117 39
117 85
117 94
117 123
117 125
117 184
117 198
117 248
117 286
117 293
117 301
117 327
117 342
118 90
118 123
118 220
118 236
118 244
118 252
118 290
119 5
119 18
119 21
119 52
119 115
119 142
119 147
119 170
119 187
119 202
119 226
119 229
119 251
119 252
119 298
119 343
120 38
120 42
120 161
120 168
120 188
120 204
120 215
120 232
120 270
120 289
120 310
120 316
120 323
120 331
120 336
120 339
120 343
121 34
121 47
121 70
121 112
121 122
121 124
121 133
121 146
121 233
121 240
121 255
121 262
121 277
121 304
121 322
121 331
121 343
122 22
122 28
122 38
122 106
122 120
122 204
122 209
122 249
122 266
122 271
122 287
122 302
122 322
122 328
123 4
123 12
123 23
123 35
123 36
123 58
123 91
123 97
123 153
123 160
123 164
123 185
123 245
123 258
123 262
123 267
123 285
123 323
124 20
124 24
124 42
124 52
124 53
124 105
124 108
124 130
124 147
124 182
124 189
124 195
124 218
124 235
124 240
124 267
124 284
124 293
124 303
124 316
124 317
124 321
124 329
124 334
124 350
125 11
125 35
125 43
125 68
125 134
125 220
125 228
125 250
125 261
125 292
125 304
125 334
126 10
126 21
126 28
126 31
126 85
126 101
126 102
126 114
126 222
126 231
126 253
126 314
126 326
126 341
127 13
127 65
127 76
127 82
127 90
127 97
127 111
127 117
127 120
127 124
127 135
127 137
127 232
127 239
127 256
127 311
127 319
127 345
128 26
128 28
128 35
128 44
128 50
128 67
128 82
128 83
128 128
128 129
128 160
128 204
128 242
128 267
128 274
128 277
128 280
128 295
128 310
128 314
128 328
129 32
129 48
129 68
129 84
129 156
129 165
129 179
129 186
129 216
129 234
129 266
129 318
129 333
129 339
129 350
130 12
130 14
130 24
130 32
130 51
130 98
130 111
130 125
130 146
130 173
130 211
130 233
130 234
130 238
130 260
130 277
130 312
130 327
131 19
131 28
131 30
131 31
131 42
131 91
131 114
131 140
131 167
131 200
131 208
131 238
131 246
131 279
131 287
131 320
131 325
131 349
132 22
132 36
132 45
132 66
132 93
132 120
132 165
132 183
132 213
132 257
132 286
132 288
132 301
132 319
132 340
133 13
133 74
133 81
133 94
133 106
133 111
133 112
133 285
133 292
133 298
133 345
134 37
134 45
134 86
134 145
134 156
134 202
134 206
134 207
134 221
134 256
134 290
134 305
134 318
134 342
134 346
135 5
135 27
135 37
135 39
135 95
135 119
135 128
135 190
135 216
135 223
135 250
135 252
135 269
135 271
135 290
135 303
136 4
136 42
136 102
136 111
136 132
136 140
136 143
136 147
136 164
136 165
136 180
136 218
136 229
136 242
136 266
136 272
136 277
136 282
136 302
136 308
136 315
136 325
136 329
136 335
136 338
136 341
137 7
137 29
137 37
137 80
137 89
137 91
137 101
137 162
137 165
137 170
137 209
137 241
137 249
137 298
138 6
138 7
138 12
138 29
138 49
138 68
138 85
138 139
138 163
138 200
138 203
138 222
138 248
138 258
138 277
138 299
138 309
138 318
138 324
138 326
138 346
139 38
139 67
139 90
139 95
139 112
139 164
139 168
139 180
139 181
139 209
139 217
139 268
139 277
139 311
139 320
139 331
139 332
139 334
140 25
140 36
140 44
140 71
140 85
140 93
140 100
140 107
140 130
140 140
140 159
140 162
140 185
140 249
140 272
140 274
140 289
140 320
141 63
141 93
141 102
141 123
141 140
141 166
141 180
141 186
141 200
141 210
141 256
141 259
141 288
141 298
141 322
141 326
141 329
141 332
141 348
142 55
142 102
142 115
142 122
142 136
142 175
142 182
142 229
142 240
142 241
142 246
142 282
142 289
142 294
142 310
143 29
143 122
143 146
143 147
143 184
143 212
143 222
143 224
143 237
143 241
143 266
143 291
143 327
144 29
144 62
144 74
144 99
144 112
144 116
144 140
144 141
144 159
144 194
144 218
144 238
144 263
144 283
144 289
144 306
144 321
144 350
145 6
145 10
145 61
145 70
145 86
145 147
145 169
145 180
145 224
145 239
145 247
145 255
145 301
145 313
145 314
145 324
145 328
145 330
146 6
146 28
146 43
146 116
146 117
146 129
146 142
146 203
146 213
146 216
146 226
146 273
146 277
146 281
146 297
146 304
146 329
147 32
147 52
147 61
147 104
147 127
147 133
147 142
147 164
147 183
147 293
147 299
147 309
147 312
147 322
147 346
147 349
148 23
148 29
148 37
148 74
148 76
148 86
148 95
148 98
148 141
148 159
148 161
148 247
148 259
148 264
148 291
148 296
148 298
148 323
149 81
149 89
149 101
149 107
149 118
149 155
149 213
149 277
149 294
149 329
149 335
149 345
150 4
150 46
150 50
150 57
150 67
150 81
150 99
150 111
150 147
150 168
150 191
150 221
150 252
150 257
150 273
150 275
150 281
150 308
150 309
150 315
150 329
151 75
151 80
151 124
151 192
151 241
151 258
151 289
151 293
151 298
151 305
151 321
151 331
151 332
151 349
152 24
152 38
152 55
152 85
152 90
152 144
152 218
152 225
152 240
152 243
152 273
152 282
152 331
152 340
152 344
153 8
153 70
153 89
153 90
153 93
153 98
153 100
153 112
153 113
153 115
153 128
153 165
153 174
153 192
153 205
153 207
153 213
153 218
153 220
153 235
153 245
153 251
153 279
153 283
153 292
153 303
153 345
154 32
154 36
154 40
154 53
154 65
154 77
154 104
154 116
154 140
154 147
154 149
154 155
154 158
154 180
154 185
154 190
154 205
154 221
154 226
154 269
154 275
154 281
155 12
155 20
155 53
155 58
155 86
155 98
155 144
155 154
155 203
155 210
155 219
155 231
155 234
155 245
155 263
155 316
155 317
155 323
155 334
156 4
156 17
156 18
156 82
156 108
156 132
156 136
156 139
156 184
156 191
156 203
156 217
156 221
156 235
156 256
156 266
156 278
156 295
156 342
157 67
157 85
157 114
157 139
157 147
157 167
157 175
157 209
157 234
157 257
157 258
157 261
157 275
157 281
157 283
157 288
157 314
157 316
157 328
157 349
158 2
158 10
158 20
158 26
158 39
158 48
158 69
158 104
158 111
158 120
158 154
158 158
158 191
158 218
158 225
158 244
158 275
158 296
158 332
158 341
159 11
159 49
159 59
159 64
159 70
159 73
159 106
159 128
159 135
159 182
159 183
159 200
159 232
159 243
159 251
159 264
159 274
159 348
160 41
160 44
160 97
160 104
160 126
160 150
160 158
160 178
160 200
160 217
160 219
160 231
160 235
160 275
160 316
161 8
161 23
161 25
161 56
161 79
161 111
161 176
161 193
161 227
161 233
161 273
161 281
161 290
161 291
161 328
161 332
161 347
162 42
162 76
162 129
162 142
162 158
162 161
162 171
162 184
162 194
162 225
162 276
162 283
162 301
162 306
162 314
162 337
162 346
163 9
163 26
163 29
163 56
163 85
163 98
163 143
163 207
163 256
163 263
163 314
163 347
164 6
164 7
164 50
164 51
164 53
164 110
164 116
164 126
164 131
164 133
164 154
164 176
164 177
164 189
164 234
164 241
164 243
164 338
164 349
165 11
165 14
165 58
165 81
165 100
165 106
165 145
165 150
165 171
165 202
165 245
165 256
165 285
165 322
165 332
166 9
166 29
166 33
166 36
166 45
166 57
166 86
166 118
166 119
166 135
166 144
166 160
166 161
166 251
166 253
166 274
166 279
166 296
166 299
166 315
166 331
166 338
166 349
167 4
167 8
167 28
167 66
167 106
167 116
167 124
167 143
167 152
167 155
167 190
167 195
167 211
167 263
167 270
167 276
167 278
167 283
167 307
167 322
168 14
168 70
168 74
168 90
168 98
168 115
168 122
168 165
168 193
168 207
168 208
168 271
168 284
168 287
168 293
168 316
169 4
169 5
169 33
169 44
169 49
169 52
169 53
169 67
169 74
169 76
169 83
169 92
169 123
169 147
169 178
169 242
169 247
169 252
169 253
169 269
169 280
169 285
169 286
169 297
169 308
169 322
170 13
170 31
170 32
170 90
170 96
170 97
170 106
170 126
170 127
170 156
170 168
170 169
170 216
170 257
170 317
170 319
170 325
170 331
170 337
171 25
171 34
171 53
171 109
171 121
171 127
171 155
171 178
171 187
171 190
171 213
171 238
171 242
171 248
171 264
171 267
171 282
171 285
171 334
172 31
172 35
172 37
172 39
172 41
172 58
172 78
172 80
172 94
172 103
172 112
172 122
172 128
172 151
172 166
172 175
172 226
172 229
172 244
172 252
172 262
172 276
172 310
172 347
173 5
173 51
173 62
173 83
173 85
173 96
173 123
173 135
173 144
173 153
173 154
173 155
173 198
173 201
173 244
173 300
173 340
173 349
174 67
174 87
174 90
174 95
174 98
174 111
174 196
174 216
174 221
174 231
174 247
174 256
174 287
174 291
174 294
174 295
174 296
174 311
174 329
174 348
175 27
175 32
175 78
175 81
175 103
175 110
175 119
175 136
175 148
175 150
175 158
175 162
175 183
175 193
175 218
175 232
175 246
175 247
175 248
175 275
175 337
176 1
176 10
176 11
176 30
176 36
176 50
176 55
176 77
176 84
176 114
176 130
176 136
176 145
176 161
176 232
176 234
176 244
176 265
176 291
176 327
176 330
176 343
177 27
177 28
177 48
177 64
177 67
177 87
177 97
177 120
177 126
177 128
177 138
177 149
177 172
177 177
177 180
177 183
177 197
177 200
177 232
177 239
177 244
177 246
177 250
177 288
177 310
177 335
178 13
178 16
178 65
178 71
178 133
178 138
178 149
178 165
178 227
178 255
178 327
178 334
179 33
179 35
179 61
179 80
179 87
179 90
179 100
179 102
179 114
179 119
179 122
179 130
179 131
179 178
179 187
179 192
179 195
179 206
179 241
179 244
179 264
179 273
179 297
179 309
179 330
179 342
180 8
180 65
180 75
180 80
180 99
180 110
180 128
180 132
180 144
180 163
180 167
180 168
180 172
180 180
180 190
180 204
180 276
180 285
180 291
180 295
180 310
180 345
181 22
181 23
181 25
181 27
181 117
181 143
181 184
181 203
181 232
181 250
181 303
181 313
182 3
182 18
182 47
182 64
182 67
182 154
182 168
182 174
182 214
182 223
182 255
182 266
182 276
182 286
182 298
182 346
183 3
183 11
183 50
183 53
183 87
183 94
183 96
183 113
183 118
183 123
183 137
183 180
183 249
183 276
183 293
184 4
184 18
184 23
184 35
184 84
184 85
184 97
184 116
184 153
184 212
184 220
184 229
184 272
184 298
184 345
185 38
185 60
185 65
185 66
185 78
185 92
185 96
185 103
185 134
185 143
185 173
185 212
185 292
185 329
185 333
186 5
186 27
186 42
186 91
186 137
186 156
186 180
186 208
186 252
186 302
186 308
186 315
186 331
186 334
186 340
186 349
187 14
187 61
187 67
187 75
187 106
187 132
187 134
187 141
187 151
187 167
187 183
187 191
187 234
187 268
187 275
187 282
187 319
187 332
188 4
188 11
188 27
188 39
188 44
188 48
188 61
188 87
188 120
188 128
188 137
188 147
188 152
188 163
188 173
188 201
188 210
188 214
188 217
188 226
188 239
188 265
188 291
188 313
188 314
188 324
188 348
189 46
189 47
189 64
189 123
189 128
189 147
189 176
189 182
189 225
189 268
189 273
189 285
189 305
189 339
190 5
190 6
190 16
190 53
190 103
190 168
190 172
190 177
190 178
190 202
190 220
190 222
190 227
190 229
190 262
190 271
190 275
190 300
190 343
191 8
191 64
191 92
191 117
191 131
191 133
191 150
191 180
191 194
191 199
191 214
191 253
191 265
191 268
191 338
192 1
192 5
192 7
192 18
192 20
192 67
192 71
192 73
192 78
192 147
192 162
192 184
192 188
192 230
192 246
192 252
192 257
192 345
193 13
193 33
193 55
193 64
193 69
193 103
193 141
193 144
193 157
193 183
193 192
193 199
193 204
193 223
193 255
193 305
193 308
193 318
193 348
194 11
194 28
194 31
194 32
194 73
194 83
194 111
194 131
194 141
194 148
194 263
194 271
194 278
194 279
194 287
194 304
194 336
194 337
195 13
195 67
195 89
195 101
195 145
195 157
195 166
195 205
195 210
195 211
195 223
195 224
195 239
195 243
195 259
195 261
195 277
195 286
195 320
195 330
196 6
196 10
196 26
196 36
196 153
196 174
196 176
196 180
196 222
196 262
196 274
196 278
196 334
196 347
197 25
197 36
197 87
197 92
197 103
197 117
197 119
197 120
197 153
197 162
197 209
197 232
197 234
197 245
197 256
197 272
197 285
197 287
197 305
197 310
197 331
197 346
197 350
198 22
198 45
198 98
198 110
198 138
198 164
198 186
198 195
198 213
198 220
198 225
198 231
198 234
198 262
198 300
198 301
198 315
198 336
198 344
199 14
199 20
199 36
199 66
199 68
199 80
199 108
199 118
199 138
199 192
199 204
199 225
199 228
199 250
199 266
199 275
199 302
199 315
200 4
200 11
200 32
200 35
200 52
200 75
200 91
200 102
200 111
200 145
200 169
200 214
200 224
200 247
200 259
200 267
200 273
200 311
200 312
201 6
201 11
201 16
201 49
201 117
201 164
201 172
201 175
201 190
201 194
201 199
201 227
201 256
201 321
201 339
201 344
202 6
202 30
202 31
202 35
202 40
202 66
202 75
202 94
202 139
202 169
202 174
202 180
202 195
202 198
202 213
202 220
202 257
202 260
202 320
202 349
203 4
203 45
203 47
203 55
203 68
203 70
203 115
203 134
203 151
203 164
203 194
203 200
203 223
203 240
203 258
203 264
203 273
203 287
203 317
203 329
204 68
204 80
204 86
204 89
204 99
204 175
204 223
204 233
204 259
204 297
205 86
205 92
205 126
205 149
205 157
205 222
205 262
205 283
205 292
205 293
205 312
205 344
205 345
205 347
206 20
206 33
206 60
206 79
206 86
206 102
206 193
206 242
206 307
206 340
207 15
207 18
207 19
207 26
207 31
207 42
207 43
207 67
207 81
207 137
207 156
207 174
207 218
207 224
207 266
207 278
207 325
207 330
207 337
207 339
207 340
207 345
207 348
208 1
208 44
208 68
208 70
208 78
208 91
208 118
208 144
208 164
208 206
208 208
208 217
208 254
208 284
208 288
208 325
208 329
208 334
209 61
209 78
209 82
209 83
209 104
209 107
209 123
209 125
209 157
209 160
209 161
209 171
209 179
209 187
209 231
209 239
209 248
209 265
209 275
209 281
209 284
209 295
209 323
209 333
209 337
209 342
209 350
210 10
210 41
210 66
210 119
210 142
210 143
210 144
210 150
210 154
210 202
210 216
210 234
210 236
210 252
210 271
210 289
210 293
210 318
211 21
211 70
211 89
211 93
211 128
211 132
211 187
211 215
211 233
211 267
211 298
211 317
211 324
211 325
211 329
211 333
211 338
212 9
212 28
212 39
212 47
212 62
212 65
212 124
212 131
212 134
212 152
212 184
212 197
212 204
212 207
212 216
212 292
212 299
212 308
212 312
213 1
213 12
213 22
213 27
213 37
213 49
213 52
213 67
213 80
213 93
213 121
213 139
213 159
213 174
213 202
213 210
213 214
213 243
213 254
213 268
213 274
213 289
213 337
214 62
214 64
214 78
214 104
214 118
214 120
214 130
214 140
214 141
214 167
214 213
214 230
214 241
214 254
214 300
214 310
214 314
214 350
215 22
215 44
215 106
215 123
215 146
215 165
215 191
215 201
215 262
215 274
215 279
215 288
215 295
215 301
216 5
216 35
216 36
216 122
216 154
216 161
216 164
216 171
216 175
216 185
216 200
216 209
216 210
216 212
216 249
216 251
216 283
216 297
216 344
216 346
217 2
217 25
217 49
217 69
217 129
217 148
217 164
217 170
217 213
217 230
217 251
217 255
217 258
217 260
217 279
217 289
217 328
218 22
218 23
218 40
218 52
218 86
218 128
218 182
218 186
218 200
218 211
218 226
218 257
218 262
218 307
219 32
219 46
219 55
219 168
219 169
219 189
219 197
219 200
219 234
219 241
219 250
219 263
219 269
219 303
219 328
219 329
219 330
219 334
220 20
220 23
220 26
220 37
220 40
220 51
220 64
220 73
220 77
220 109
220 112
220 169
220 188
220 200
220 212
220 247
220 254
220 258
220 293
220 296
220 297
220 304
221 9
221 16
221 29
221 33
221 44
221 73
221 80
221 82
221 83
221 120
221 142
221 144
221 152
221 186
221 203
221 212
221 235
221 240
221 256
221 285
221 293
222 5
222 42
222 110
222 116
222 118
222 153
222 195
222 198
222 214
222 225
222 234
222 251
222 263
222 273
222 288
222 347
223 4
223 34
223 74
223 126
223 155
223 180
223 183
223 215
223 232
223 235
223 288
223 290
223 315
223 338
224 37
224 46
224 55
224 75
224 89
224 121
224 139
224 301
224 330
225 46
225 51
225 92
225 146
225 162
225 175
225 179
225 182
225 184
225 185
225 192
225 200
225 240
225 273
225 275
225 278
225 281
225 292
225 297
225 315
225 322
225 327
225 343
226 30
226 75
226 85
226 93
226 118
226 193
226 198
226 225
226 245
226 252
226 341
227 34
227 54
227 70
227 83
227 101
227 123
227 131
227 138
227 152
227 157
227 182
227 192
227 208
227 236
227 255
227 306
227 342
228 12
228 47
228 49
228 55
228 61
228 65
228 78
228 90
228 101
228 142
228 189
228 225
228 243
228 257
228 263
228 283
228 284
228 299
229 1
229 16
229 27
229 56
229 62
229 80
229 94
229 108
229 125
229 205
229 255
229 276
229 307
229 325
229 329
229 338
229 340
229 344
230 27
230 30
230 42
230 67
230 75
230 80
230 152
230 163
230 214
230 223
230 312
230 313
230 330
230 343
230 345
231 83
231 96
231 133
231 149
231 159
231 213
231 242
231 250
231 260
231 272
231 291
231 304
231 329
232 65
232 84
232 92
232 106
232 135
232 177
232 180
232 197
232 222
232 223
232 226
232 247
232 250
232 252
232 282
232 322
232 324
232 334
232 341
232 342
232 346
233 22
233 71
233 110
233 115
233 155
233 157
233 190
233 223
233 230
233 307
233 309
233 323
233 340
234 5
234 44
234 61
234 78
234 123
234 181
234 191
234 199
234 204
234 213
234 231
234 264
234 303
234 328
235 32
235 47
235 70
235 75
235 82
235 108
235 149
235 159
235 215
235 224
235 239
235 257
235 271
235 314
235 320
235 329
235 340
236 57
236 78
236 79
236 89
236 102
236 105
236 110
236 114
236 137
236 143
236 149
236 165
236 196
236 214
236 229
236 309
236 315
237 12
237 40
237 65
237 145
237 146
237 157
237 162
237 164
237 168
237 195
237 234
237 280
237 285
237 336
237 347
238 4
238 6
238 45
238 182
238 186
238 193
238 206
238 222
238 256
238 268
238 329
238 336
239 21
239 46
239 55
239 70
239 108
239 111
239 150
239 160
239 167
239 185
239 196
239 220
239 295
239 306
240 36
240 42
240 44
240 57
240 66
240 89
240 94
240 97
240 135
240 162
240 167
240 170
240 197
240 199
240 205
240 248
240 273
240 280
240 281
240 296
240 303
240 316
241 43
241 44
241 78
241 106
241 112
241 132
241 148
241 165
241 190
241 198
241 202
241 238
241 291
241 309
241 332
242 4
242 20
242 82
242 83
242 139
242 162
242 169
242 178
242 195
242 225
242 243
242 293
242 303
242 330
242 338
243 39
243 42
243 53
243 101
243 115
243 121
243 189
243 208
243 218
243 253
243 285
243 303
243 310
243 313
243 319
243 341
244 1
244 48
244 52
244 64
244 71
244 80
244 93
244 169
244 206
244 210
244 253
244 270
244 274
244 275
244 286
244 305
244 316
244 341
244 345
245 6
245 32
245 51
245 173
245 178
245 214
245 246
245 256
245 267
246 2
246 45
246 57
246 62
246 63
246 73
246 79
246 90
246 93
246 101
246 114
246 131
246 133
246 140
246 143
246 165
246 167
246 198
246 205
246 227
246 282
246 304
246 313
246 314
247 30
247 75
247 114
247 151
247 191
247 213
247 224
247 226
247 228
247 241
247 268
247 290
247 293
247 298
247 304
247 333
247 344
248 11
248 37
248 84
248 91
248 94
248 112
248 114
248 117
248 127
248 173
248 205
248 228
248 237
248 272
248 300
248 302
248 321
248 343
249 73
249 76
249 78
249 83
249 101
249 136
249 165
249 174
249 176
249 246
249 256
249 261
249 286
249 288
249 296
250 14
250 16
250 73
250 158
250 162
250 175
250 181
250 184
250 191
250 230
250 237
250 250
250 271
250 287
250 295
250 316
251 18
251 55
251 57
251 60
251 65
251 88
251 107
251 186
251 242
251 252
251 256
251 257
251 260
251 278
251 287
251 290
251 327
251 343
252 2
252 23
252 25
252 38
252 41
252 67
252 84
252 112
252 149
252 152
252 158
252 177
252 192
252 240
252 243
252 262
252 263
252 264
252 283
252 291
252 297
252 308
253 37
253 82
253 105
253 111
253 114
253 147
253 192
253 203
253 209
253 211
253 246
253 252
253 291
253 303
253 310
253 311
253 312
253 325
254 35
254 97
254 99
254 104
254 130
254 138
254 147
254 154
254 184
254 198
254 205
254 215
254 220
254 277
254 283
254 298
254 313
254 336
255 80
255 139
255 162
255 163
255 191
255 208
255 235
255 261
255 321
255 325
255 334
256 23
256 48
256 69
256 75
256 92
256 126
256 161
256 186
256 203
256 229
256 235
256 243
256 281
256 329
256 350
257 5
257 28
257 86
257 100
257 108
257 110
257 116
257 119
257 123
257 129
257 131
257 143
257 146
257 159
257 169
257 173
257 180
257 208
257 213
257 221
257 244
257 248
257 260
257 269
257 284
257 319
257 329
258 8
258 12
258 27
258 51
258 89
258 104
258 112
258 115
258 126
258 137
258 181
258 191
258 233
258 247
258 285
258 290
258 341
258 343
259 6
259 23
259 29
259 44
259 48
259 52
259 53
259 54
259 60
259 63
259 103
259 142
259 163
259 264
259 335
259 337
260 24
260 36
260 43
260 44
260 66
260 67
260 83
260 95
260 103
260 230
260 235
260 239
260 262
260 267
260 283
260 287
260 336
261 46
261 62
261 68
261 84
261 101
261 107
261 111
261 168
261 174
261 217
261 232
261 250
261 304
261 306
261 334
261 335
261 347
262 8
262 51
262 132
262 151
262 168
262 201
262 217
262 245
262 248
262 297
262 300
262 322
263 7
263 14
263 73
263 84
263 110
263 157
263 188
263 239
263 270
263 310
263 327
263 333
263 342
263 347
264 10
264 15
264 26
264 50
264 71
264 109
264 149
264 174
264 191
264 204
264 222
264 238
264 243
264 299
264 312
264 345
264 348
265 15
265 26
265 42
265 84
265 94
265 100
265 102
265 116
265 211
265 238
265 249
265 273
265 296
265 297
265 314
265 344
266 2
266 7
266 17
266 18
266 54
266 60
266 78
266 91
266 154
266 157
266 181
266 202
266 208
266 210
266 225
266 240
266 263
266 279
266 284
266 319
266 327
266 328
267 39
267 57
267 61
267 76
267 111
267 139
267 179
267 185
267 215
267 236
267 287
267 343
268 23
268 69
268 71
268 80
268 83
268 98
268 101
268 144
268 151
268 219
268 227
268 241
268 247
268 263
268 286
268 315
268 319
268 347
269 46
269 52
269 61
269 75
269 121
269 135
269 148
269 179
269 208
269 232
269 250
269 252
269 280
269 285
269 300
269 305
269 317
269 325
269 331
269 344
270 1
270 10
270 17
270 99
270 216
270 225
270 245
270 259
270 273
270 300
270 318
270 331
271 1
271 24
271 64
271 93
271 116
271 127
271 130
271 137
271 141
271 172
271 225
271 246
271 268
271 335
271 337
272 30
272 97
272 99
272 151
272 158
272 184
272 186
272 215
272 240
272 241
272 259
272 262
272 269
272 285
272 294
272 350
273 39
273 46
273 48
273 59
273 85
273 101
273 105
273 113
273 193
273 215
273 217
273 242
273 244
273 257
273 309
273 323
273 329
273 350
274 23
274 40
274 54
274 60
274 90
274 120
274 124
274 127
274 226
274 232
274 249
274 296
274 306
274 308
274 311
274 331
274 333
274 336
275 48
275 99
275 139
275 181
275 197
275 206
275 218
275 239
275 253
275 255
275 265
275 278
275 324
276 44
276 64
276 78
276 117
276 122
276 128
276 154
276 188
276 217
276 225
276 233
276 255
276 275
276 296
276 309
276 318
276 329
276 336
276 349
277 61
277 92
277 131
277 134
277 140
277 153
277 159
277 232
277 267
277 302
277 304
277 328
278 15
278 38
278 69
278 73
278 77
278 100
278 123
278 124
278 129
278 156
278 211
278 215
278 241
278 268
278 283
278 299
278 302
278 303
278 316
278 324
278 336
279 1
279 10
279 21
279 23
279 52
279 153
279 175
279 212
279 214
279 271
279 282
279 299
279 340
280 18
280 38
280 43
280 52
280 56
280 58
280 133
280 141
280 164
280 192
280 236
280 246
280 269
280 283
280 287
280 335
280 343
281 17
281 108
281 126
281 135
281 142
281 156
281 162
281 163
281 181
281 195
281 198
281 240
281 249
281 250
281 311
282 19
282 21
282 24
282 34
282 37
282 52
282 64
282 72
282 80
282 111
282 120
282 123
282 125
282 182
282 191
282 316
283 24
283 42
283 57
283 62
283 71
283 83
283 154
283 161
283 164
283 166
283 170
283 227
283 246
283 252
283 253
283 263
283 338
284 26
284 30
284 46
284 61
284 73
284 85
284 88
284 95
284 108
284 124
284 129
284 157
284 171
284 186
284 189
284 210
284 224
284 265
284 288
284 289
284 325
284 331
284 335
284 339
284 347
285 50
285 68
285 83
285 96
285 106
285 115
285 151
285 160
285 161
285 163
285 189
285 190
285 220
285 232
285 236
285 243
285 266
285 289
285 311
285 319
285 331
285 339
285 344
285 350
286 3
286 26
286 44
286 91
286 100
286 114
286 121
286 144
286 156
286 219
286 221
286 231
286 248
286 265
286 295
286 307
286 318
286 328
286 341
286 348
287 18
287 21
287 93
287 110
287 120
287 123
287 166
287 262
287 289
287 302
287 306
287 319
287 339
287 349
287 350
288 9
288 22
288 41
288 94
288 111
288 114
288 175
288 197
288 198
288 208
288 241
288 251
288 263
288 277
288 285
288 297
288 323
289 28
289 48
289 49
289 63
289 92
289 99
289 131
289 141
289 155
289 165
289 178
289 181
289 191
289 195
289 202
289 214
289 237
289 244
289 245
290 31
290 34
290 36
290 38
290 62
290 104
290 128
290 130
290 131
290 151
290 196
290 198
290 226
290 245
290 253
290 262
290 265
290 277
290 282
290 330
291 3
291 39
291 44
291 45
291 63
291 77
291 109
291 126
291 127
291 173
291 204
291 218
291 232
291 268
291 278
291 279
291 291
291 298
291 311
291 321
291 330
292 38
292 66
292 84
292 104
292 181
292 192
292 193
292 195
292 258
292 303
292 304
292 350
293 16
293 26
293 30
293 53
293 59
293 67
293 85
293 110
293 131
293 133
293 246
293 249
293 285
293 322
293 325
293 329
293 349
294 11
294 25
294 66
294 96
294 105
294 110
294 147
294 159
294 163
294 237
294 251
294 253
294 257
294 275
294 290
294 337
294 348
294 350
295 15
295 40
295 54
295 88
295 96
295 108
295 120
295 144
295 181
295 233
295 278
295 304
295 325
295 331
295 337
296 10
296 24
296 56
296 73
296 75
296 92
296 113
296 118
296 152
296 162
296 169
296 211
296 268
296 287
296 322
296 327
296 330
296 344
296 345
296 349
297 3
297 30
297 42
297 44
297 48
297 115
297 139
297 176
297 179
297 185
297 231
297 260
297 289
297 292
297 293
297 298
297 322
297 331
298 20
298 36
298 38
298 91
298 94
298 109
298 117
298 142
298 183
298 213
298 217
298 249
298 251
298 258
298 300
298 339
298 345
298 348
299 4
299 18
299 63
299 72
299 92
299 104
299 107
299 119
299 120
299 131
299 135
299 145
299 154
299 157
299 163
299 192
299 217
299 266
299 304
299 323
299 327
299 331
299 336
300 16
300 29
300 35
300 36
300 43
300 93
300 129
300 170
300 179
300 180
300 200
300 211
300 228
300 231
300 247
300 268
300 284
300 287
300 303
300 307
300 313
300 328
300 334
300 344
300 347
301 2
301 32
301 40
301 67
301 89
301 98
301 149
301 192
301 197
301 200
301 218
301 233
301 265
301 273
301 301
301 313
301 334
302 18
302 21
302 70
302 73
302 93
302 143
302 173
302 215
302 232
302 247
302 253
302 278
302 298
302 308
302 313
302 332
302 343
302 344
302 346
303 40
303 83
303 154
303 158
303 166
303 202
303 223
303 231
303 266
303 267
303 269
303 315
303 317
303 334
304 25
304 27
304 30
304 38
304 57
304 91
304 123
304 139
304 155
304 166
304 270
304 320
305 1
305 11
305 47
305 62
305 109
305 112
305 122
305 125
305 143
305 170
305 193
305 198
305 214
305 215
305 269
305 270
305 275
305 287
305 300
306 8
306 38
306 130
306 163
306 165
306 186
306 187
306 199
306 210
306 222
306 233
306 274
306 286
306 290
306 296
306 322
307 16
307 27
307 38
307 39
307 125
307 152
307 204
307 222
307 224
307 256
307 266
307 291
307 299
307 309
307 310
307 335
308 23
308 30
308 43
308 65
308 81
308 101
308 123
308 130
308 139
308 149
308 162
308 170
308 172
308 193
308 200
308 212
308 255
308 257
308 258
308 262
308 288
308 291
308 328
309 8
309 39
309 78
309 83
309 84
309 123
309 129
309 153
309 177
309 182
309 201
309 216
309 218
309 220
309 222
309 224
309 239
309 248
309 262
309 277
309 282
309 294
309 296
309 298
309 322
310 2
310 3
310 6
310 63
310 92
310 105
310 154
310 169
310 173
310 216
310 234
310 299
310 303
310 309
310 313
310 317
311 1
311 40
311 78
311 80
311 98
311 103
311 111
311 128
311 144
311 150
311 157
311 188
311 193
311 199
311 241
311 278
311 332
311 341
312 19
312 86
312 96
312 136
312 217
312 233
312 279
312 283
312 297
312 344
313 39
313 55
313 69
313 81
313 83
313 109
313 111
313 117
313 129
313 167
313 171
313 210
313 211
313 220
313 232
313 275
313 280
313 282
313 299
313 346
314 5
314 20
314 33
314 49
314 64
314 66
314 72
314 74
314 83
314 116
314 149
314 161
314 170
314 173
314 234
314 239
314 245
314 279
314 281
314 288
314 296
314 323
314 331
314 333
314 340
315 4
315 9
315 13
315 26
315 30
315 42
315 63
315 68
315 73
315 113
315 125
315 160
315 161
315 170
315 176
315 190
315 193
315 196
315 222
315 230
315 247
315 281
315 293
315 335
315 348
316 32
316 33
316 41
316 42
316 46
316 51
316 116
316 142
316 166
316 189
316 202
316 269
316 270
316 287
316 289
316 298
316 319
316 324
316 327
316 339
317 1
317 13
317 14
317 38
317 42
317 48
317 73
317 95
317 110
317 113
317 138
317 141
317 144
317 206
317 245
317 246
317 249
317 264
317 317
317 319
317 335
318 34
318 45
318 53
318 73
318 75
318 76
318 78
318 89
318 108
318 144
318 154
318 181
318 204
318 223
318 304
318 311
319 36
319 53
319 67
319 87
319 103
319 110
319 158
319 161
319 163
319 176
319 203
319 236
319 249
319 253
319 283
319 303
319 329
319 343
320 17
320 53
320 60
320 75
320 108
320 122
320 126
320 134
320 152
320 171
320 202
320 228
320 234
320 252
320 256
320 258
320 279
320 296
320 319
320 348
321 1
321 4
321 45
321 58
321 64
321 94
321 121
321 138
321 167
321 183
321 252
321 299
321 331
322 30
322 38
322 76
322 84
322 86
322 93
322 145
322 176
322 188
322 209
322 210
322 229
322 255
322 262
322 283
322 305
322 323
322 333
322 348
323 6
323 36
323 92
323 95
323 108
323 141
323 199
323 205
323 213
323 260
323 276
323 282
324 26
324 67
324 81
324 82
324 89
324 99
324 101
324 117
324 134
324 153
324 171
324 188
324 192
324 202
324 224
324 254
325 21
325 23
325 31
325 37
325 39
325 88
325 121
325 184
325 186
325 201
325 209
325 214
325 248
325 249
325 268
325 284
325 297
325 308
326 9
326 16
326 41
326 97
326 102
326 137
326 201
326 247
326 266
326 287
326 321
327 18
327 30
327 39
327 61
327 69
327 80
327 93
327 117
327 137
327 169
327 211
327 220
327 228
327 283
327 303
327 306
327 313
327 325
327 335
327 336
328 76
328 79
328 93
328 166
328 185
328 188
328 192
328 220
328 248
328 256
328 291
328 303
328 305
328 307
328 308
328 319
329 8
329 23
329 29
329 92
329 143
329 146
329 163
329 176
329 193
329 204
329 229
329 316
329 323
329 328
330 6
330 16
330 26
330 39
330 65
330 92
330 136
330 164
330 176
330 181
330 206
330 221
330 232
330 248
330 257
330 263
330 282
330 309
330 315
331 12
331 22
331 24
331 30
331 36
331 77
331 79
331 88
331 94
331 148
331 149
331 174
331 180
331 195
331 206
331 216
331 237
331 243
331 270
331 330
331 344
332 36
332 53
332 71
332 79
332 93
332 143
332 149
332 151
332 156
332 181
332 197
332 208
332 250
332 263
332 290
332 340
333 69
333 77
333 96
333 126
333 159
333 188
333 189
333 201
333 203
333 208
333 210
333 219
333 242
333 265
333 283
333 285
333 320
333 325
333 327
333 341
334 43
334 58
334 71
334 81
334 97
334 123
334 163
334 187
334 220
334 232
334 239
334 273
334 293
334 330
334 332
334 339
335 14
335 44
335 57
335 70
335 90
335 96
335 109
335 133
335 147
335 186
335 198
335 200
335 205
335 206
335 269
335 315
335 317
335 321
336 84
336 91
336 159
336 162
336 177
336 219
336 225
336 241
336 254
336 268
336 293
336 297
337 65
337 136
337 155
337 169
337 199
337 209
337 223
337 228
337 269
337 286
337 331
337 348
338 5
338 7
338 28
338 35
338 51
338 61
338 95
338 114
338 127
338 158
338 189
338 235
338 237
338 242
338 269
338 272
338 337
338 344
338 347
338 348
339 3
339 70
339 157
339 169
339 179
339 184
339 198
339 215
339 229
339 233
339 259
339 267
339 320
339 339
339 349
340 36
340 57
340 61
340 72
340 89
340 112
340 139
340 164
340 175
340 191
340 196
340 201
340 211
340 222
340 240
340 262
340 301
340 306
340 322
340 323
340 342
341 29
341 54
341 95
341 98
341 104
341 127
341 130
341 134
341 138
341 166
341 173
341 180
341 190
341 194
341 207
341 211
341 213
341 223
341 244
341 289
341 302
341 315
341 317
341 327
341 335
341 341
342 19
342 43
342 92
342 101
342 116
342 124
342 162
342 188
342 212
342 220
342 227
342 228
342 278
342 309
342 318
342 321
343 109
343 113
343 125
343 137
343 144
343 171
343 194
343 201
343 209
343 210
343 221
343 239
343 266
343 307
343 311
343 314
343 327
343 342
344 36
344 80
344 81
344 83
344 131
344 147
344 148
344 150
344 162
344 167
344 205
344 224
344 230
344 239
344 302
344 345
345 4
345 13
345 16
345 22
345 34
345 37
345 60
345 76
345 78
345 105
345 134
345 198
345 201
345 210
345 221
345 223
345 253
345 270
345 280
346 101
346 109
346 129
346 137
346 203
346 223
346 285
346 298
346 317
346 328
346 329
346 349
347 15
347 24
347 34
347 45
347 52
347 73
347 79
347 137
347 157
347 190
347 192
347 200
347 203
347 208
347 236
347 299
347 303
347 335
347 345
348 30
348 69
348 70
348 73
348 78
348 87
348 105
348 113
348 114
348 165
348 174
348 175
348 181
348 185
348 187
348 195
348 207
348 224
348 229
348 245
348 257
348 284
348 298
348 322
348 327
348 335
348 347
349 34
349 42
349 43
349 47
349 104
349 110
349 141
349 148
349 213
349 282
349 297
349 345
350 8
350 52
350 74
350 86
350 111
350 124
350 151
350 158
350 160
350 161
350 200
350 219
350 304
350 314
