350
12258
1 3
1 8
1 19
1 25
1 27
1 29
1 30
1 33
1 39
1 44
1 55
1 58
1 64
1 68
1 72
1 77
1 99
1 111
1 148
1 163
1 173
1 174
1 194
1 243
1 254
1 262
1 279
1 302
1 304
1 305
1 307
1 313
1 320
1 336
1 339
2 12
2 15
2 44
2 52
2 56
2 67
2 75
2 90
2 95
2 99
2 110
2 112
2 113
2 118
2 154
2 176
2 179
2 187
2 204
2 212
2 233
2 236
2 241
2 248
2 257
2 265
2 267
2 280
2 326
2 334
2 335
2 337
2 346
3 20
3 22
3 28
3 30
3 40
3 44
3 47
3 50
3 55
3 61
3 62
3 74
3 99
3 108
3 115
3 120
3 135
3 142
3 149
3 153
3 155
3 157
3 159
3 171
3 187
3 195
3 196
3 200
3 212
3 217
3 218
3 222
3 237
3 251
3 268
3 269
3 275
3 283
3 293
3 309
3 321
3 322
3 323
3 342
4 2
4 3
4 7
4 15
4 19
4 26
4 46
4 47
4 49
4 53
4 58
4 62
4 71
4 101
4 106
4 120
4 142
4 152
4 165
4 167
4 168
4 191
4 196
4 204
4 218
4 229
4 241
4 260
4 263
4 294
4 297
4 300
4 319
4 325
4 328
4 329
4 331
4 334
4 349
5 23
5 28
5 54
5 65
5 80
5 86
5 90
5 98
5 104
5 107
5 148
5 150
5 170
5 196
5 209
5 210
5 213
5 245
5 255
5 258
5 262
5 269
5 276
5 280
5 281
5 282
5 287
5 305
5 339
5 346
5 349
6 10
6 17
6 21
6 22
6 62
6 71
6 73
6 75
6 96
6 101
6 112
6 119
6 133
6 139
6 151
6 156
6 158
6 187
6 193
6 202
6 213
6 221
6 225
6 226
6 228
6 230
6 244
6 248
6 256
6 258
6 274
6 278
6 290
6 296
6 297
6 298
6 300
6 307
6 320
6 334
6 339
6 342
7 28
7 38
7 71
7 86
7 103
7 119
7 123
7 124
7 126
7 130
7 135
7 136
7 140
7 141
7 143
7 151
7 159
7 160
7 162
7 180
7 195
7 208
7 212
7 225
7 229
7 230
7 249
7 256
7 288
7 300
7 314
7 329
7 335
7 339
8 24
8 30
8 33
8 35
8 36
8 41
8 58
8 63
8 71
8 84
8 86
8 106
8 139
8 149
8 151
8 156
8 172
8 194
8 211
8 216
8 217
8 220
8 227
8 232
8 244
8 285
8 300
8 303
8 306
8 313
8 315
8 317
8 324
8 326
8 345
9 4
9 7
9 17
9 28
9 29
9 34
9 40
9 53
9 56
9 67
9 87
9 125
9 138
9 169
9 179
9 180
9 181
9 183
9 190
9 192
9 208
9 213
9 215
9 217
9 227
9 239
9 240
9 253
9 265
9 268
9 269
9 270
9 288
9 323
9 340
10 23
10 30
10 43
10 56
10 83
10 88
10 92
10 105
10 113
10 118
10 126
10 135
10 143
10 156
10 160
10 162
10 179
10 195
10 200
10 211
10 213
10 217
10 222
10 223
10 237
10 245
10 257
10 261
10 275
10 293
10 305
10 306
10 311
10 338
10 346
11 26
11 30
11 31
11 43
11 55
11 60
11 69
11 101
11 110
11 112
11 113
11 114
11 117
11 138
11 163
11 183
11 198
11 201
11 213
11 216
11 259
11 269
11 303
11 336
11 345
12 1
12 28
12 30
12 42
12 43
12 51
12 56
12 93
12 94
12 104
12 106
12 112
12 130
12 135
12 146
12 177
12 183
12 193
12 194
12 205
12 230
12 234
12 242
12 247
12 251
12 261
12 265
12 280
12 287
12 298
12 327
13 5
13 18
13 25
13 35
13 42
13 46
13 51
13 70
13 71
13 106
13 114
13 154
13 170
13 172
13 179
13 182
13 206
13 212
13 223
13 227
13 238
13 240
13 260
13 270
13 276
13 294
13 306
13 310
13 324
13 325
13 326
13 343
13 350
14 1
14 3
14 8
14 9
14 13
14 15
14 45
14 51
14 64
14 78
14 104
14 108
14 115
14 116
14 131
14 152
14 156
14 182
14 212
14 266
14 275
14 282
14 296
14 301
14 312
14 313
14 337
14 342
14 348
15 38
15 45
15 50
15 54
15 59
15 74
15 77
15 78
15 89
15 95
15 112
15 137
15 160
15 161
15 164
15 166
15 172
15 174
15 176
15 178
15 184
15 188
15 190
15 194
15 195
15 206
15 218
15 237
15 242
15 264
15 271
15 291
15 301
15 304
15 305
15 311
15 320
15 349
16 17
16 21
16 26
16 41
16 47
16 59
16 79
16 92
16 105
16 123
16 124
16 125
16 132
16 138
16 144
16 153
16 157
16 161
16 165
16 167
16 169
16 173
16 181
16 182
16 183
16 184
16 196
16 199
16 203
16 204
16 210
16 218
16 231
16 241
16 263
16 273
16 276
16 292
16 294
16 309
16 311
16 320
16 324
16 328
16 329
16 331
16 332
16 347
17 24
17 31
17 35
17 38
17 47
17 48
17 72
17 81
17 90
17 102
17 106
17 107
17 111
17 136
17 137
17 142
17 154
17 158
17 162
17 174
17 181
17 184
17 194
17 198
17 208
17 212
17 222
17 225
17 226
17 228
17 253
17 254
17 259
17 269
17 278
17 296
17 299
17 305
17 319
17 338
18 14
18 34
18 51
18 65
18 75
18 85
18 92
18 94
18 98
18 101
18 108
18 114
18 115
18 117
18 128
18 137
18 151
18 162
18 165
18 185
18 190
18 214
18 221
18 225
18 232
18 234
18 255
18 258
18 266
18 287
18 290
18 295
18 307
18 315
18 321
18 325
18 327
18 334
18 338
18 346
19 3
19 40
19 50
19 51
19 58
19 67
19 69
19 79
19 80
19 87
19 89
19 114
19 140
19 145
19 157
19 223
19 226
19 232
19 242
19 250
19 256
19 263
19 277
19 278
19 282
19 284
19 286
19 302
19 307
19 309
19 312
19 314
19 318
19 340
19 341
19 346
20 9
20 35
20 49
20 58
20 76
20 78
20 90
20 107
20 117
20 126
20 133
20 150
20 157
20 163
20 185
20 193
20 204
20 222
20 234
20 245
20 246
20 248
20 251
20 265
20 269
20 273
20 282
20 288
20 291
20 292
20 300
20 307
20 321
20 348
21 7
21 14
21 15
21 19
21 29
21 38
21 72
21 77
21 88
21 97
21 103
21 116
21 128
21 133
21 138
21 152
21 170
21 174
21 178
21 181
21 192
21 193
21 206
21 224
21 226
21 264
21 265
21 271
21 273
21 280
21 285
21 286
21 312
22 8
22 10
22 12
22 39
22 61
22 81
22 84
22 88
22 94
22 96
22 111
22 116
22 117
22 123
22 126
22 145
22 149
22 160
22 176
22 178
22 180
22 184
22 191
22 204
22 207
22 214
22 218
22 226
22 244
22 269
22 273
22 288
22 289
22 296
22 298
22 310
22 311
22 313
22 327
22 337
22 341
23 6
23 15
23 16
23 40
23 73
23 80
23 83
23 96
23 101
23 119
23 130
23 132
23 136
23 139
23 160
23 165
23 191
23 192
23 193
23 199
23 200
23 204
23 219
23 226
23 228
23 230
23 231
23 249
23 252
23 261
23 266
23 269
23 283
23 298
23 318
23 328
24 23
24 43
24 56
24 67
24 70
24 79
24 84
24 93
24 94
24 105
24 110
24 112
24 125
24 126
24 127
24 132
24 157
24 185
24 187
24 193
24 203
24 214
24 224
24 238
24 259
24 272
24 280
24 284
24 287
24 320
24 329
24 331
25 8
25 23
25 39
25 40
25 46
25 59
25 78
25 104
25 115
25 123
25 128
25 131
25 136
25 137
25 141
25 143
25 144
25 156
25 158
25 187
25 218
25 229
25 244
25 254
25 256
25 266
25 267
25 269
25 275
25 280
25 284
25 290
25 294
25 299
25 306
25 310
25 312
25 337
25 338
25 339
25 341
26 7
26 8
26 21
26 23
26 41
26 48
26 56
26 74
26 79
26 80
26 81
26 112
26 127
26 129
26 142
26 151
26 158
26 176
26 177
26 181
26 187
26 213
26 227
26 228
26 231
26 233
26 238
26 273
26 306
26 310
26 345
27 14
27 19
27 83
27 127
27 142
27 143
27 152
27 163
27 165
27 168
27 172
27 181
27 183
27 191
27 194
27 247
27 250
27 254
27 262
27 265
27 268
27 277
27 280
27 287
27 288
27 292
27 294
27 299
27 304
27 324
27 335
27 338
27 342
27 345
28 8
28 14
28 15
28 19
28 25
28 42
28 43
28 49
28 50
28 56
28 76
28 90
28 102
28 106
28 140
28 142
28 144
28 150
28 151
28 164
28 167
28 176
28 177
28 178
28 184
28 186
28 189
28 196
28 207
28 244
28 247
28 253
28 268
28 271
28 287
28 288
28 320
28 328
28 335
28 350
29 12
29 17
29 18
29 21
29 24
29 28
29 38
29 48
29 51
29 56
29 61
29 74
29 83
29 85
29 91
29 109
29 112
29 120
29 139
29 146
29 152
29 155
29 159
29 163
29 168
29 178
29 192
29 216
29 235
29 237
29 252
29 253
29 261
29 267
29 282
29 295
29 305
29 321
29 340
30 36
30 50
30 51
30 52
30 55
30 61
30 99
30 108
30 112
30 114
30 124
30 130
30 132
30 147
30 161
30 173
30 181
30 185
30 190
30 199
30 201
30 220
30 229
30 236
30 237
30 245
30 264
30 291
30 324
30 326
30 332
31 20
31 21
31 27
31 61
31 66
31 77
31 83
31 86
31 112
31 132
31 134
31 154
31 158
31 168
31 172
31 193
31 197
31 209
31 235
31 246
31 249
31 258
31 264
31 273
31 276
31 281
31 288
31 315
31 322
31 341
31 342
32 5
32 25
32 29
32 49
32 61
32 69
32 80
32 84
32 86
32 88
32 93
32 100
32 104
32 106
32 115
32 124
32 126
32 131
32 150
32 152
32 157
32 160
32 162
32 169
32 174
32 182
32 184
32 189
32 203
32 204
32 208
32 215
32 233
32 247
32 264
32 268
32 275
32 289
32 308
32 315
32 316
32 319
32 332
33 6
33 17
33 24
33 36
33 49
33 93
33 120
33 137
33 149
33 151
33 153
33 158
33 162
33 165
33 170
33 182
33 184
33 192
33 218
33 219
33 225
33 239
33 255
33 262
33 267
33 272
33 280
33 283
33 292
33 293
33 300
33 334
34 7
34 19
34 31
34 37
34 51
34 54
34 61
34 68
34 79
34 84
34 110
34 118
34 126
34 127
34 128
34 132
34 137
34 138
34 140
34 150
34 153
34 163
34 167
34 177
34 193
34 195
34 206
34 210
34 219
34 223
34 225
34 251
34 257
34 266
34 268
34 283
34 288
34 298
34 319
34 333
34 334
34 345
34 346
35 12
35 19
35 27
35 30
35 33
35 39
35 41
35 58
35 78
35 86
35 103
35 140
35 143
35 146
35 152
35 161
35 165
35 183
35 202
35 207
35 221
35 238
35 239
35 241
35 248
35 263
35 267
35 276
35 280
35 287
35 299
35 308
35 312
35 333
35 348
36 1
36 11
36 33
36 70
36 82
36 89
36 109
36 117
36 123
36 125
36 127
36 151
36 154
36 158
36 162
36 167
36 186
36 189
36 190
36 212
36 235
36 254
36 258
36 279
36 298
36 299
36 317
36 321
37 3
37 6
37 8
37 67
37 99
37 107
37 108
37 113
37 135
37 138
37 140
37 146
37 158
37 159
37 168
37 185
37 191
37 261
37 264
37 292
37 295
37 301
37 304
37 315
37 333
37 339
38 10
38 25
38 28
38 29
38 55
38 57
38 59
38 108
38 112
38 113
38 139
38 141
38 142
38 150
38 155
38 159
38 168
38 170
38 175
38 189
38 201
38 205
38 222
38 224
38 229
38 233
38 234
38 248
38 252
38 258
38 272
38 285
38 290
38 313
38 334
38 338
38 342
38 343
39 7
39 15
39 37
39 53
39 68
39 74
39 83
39 87
39 96
39 100
39 126
39 137
39 145
39 149
39 161
39 187
39 190
39 213
39 214
39 228
39 231
39 235
39 236
39 253
39 260
39 268
39 284
39 287
39 292
39 298
39 313
39 315
39 319
39 326
39 345
40 10
40 12
40 15
40 36
40 52
40 57
40 59
40 61
40 64
40 102
40 107
40 108
40 125
40 132
40 146
40 149
40 156
40 191
40 194
40 206
40 214
40 218
40 220
40 223
40 237
40 282
40 285
40 304
40 315
40 316
41 16
41 18
41 35
41 43
41 50
41 81
41 87
41 92
41 103
41 114
41 146
41 171
41 183
41 195
41 200
41 212
41 214
41 239
41 271
41 283
41 290
41 293
41 307
41 309
41 316
41 324
41 327
41 329
41 342
41 343
41 350
42 5
42 23
42 36
42 44
42 46
42 48
42 55
42 66
42 72
42 82
42 96
42 113
42 119
42 123
42 130
42 153
42 174
42 188
42 196
42 215
42 219
42 247
42 255
42 259
42 266
42 279
42 285
42 286
42 295
42 318
42 337
42 347
43 10
43 30
43 46
43 54
43 57
43 65
43 67
43 72
43 85
43 89
43 130
43 135
43 158
43 172
43 190
43 213
43 225
43 237
43 250
43 254
43 275
43 276
43 290
43 297
43 312
43 326
43 331
43 338
43 343
43 348
44 40
44 41
44 53
44 55
44 61
44 67
44 86
44 92
44 94
44 95
44 106
44 112
44 113
44 114
44 118
44 177
44 180
44 192
44 193
44 222
44 234
44 244
44 246
44 253
44 258
44 271
44 297
44 300
44 324
44 327
45 2
45 8
45 34
45 43
45 45
45 46
45 49
45 54
45 57
45 59
45 61
45 63
45 82
45 100
45 102
45 119
45 123
45 125
45 144
45 147
45 160
45 179
45 186
45 192
45 197
45 244
45 257
45 266
45 273
45 280
45 287
45 289
45 295
45 305
45 311
45 312
45 316
45 321
45 328
45 333
45 337
45 349
46 20
46 22
46 26
46 41
46 44
46 59
46 62
46 68
46 71
46 86
46 107
46 139
46 143
46 152
46 161
46 166
46 181
46 194
46 196
46 201
46 204
46 238
46 244
46 299
46 305
46 319
46 320
46 326
46 329
47 9
47 17
47 20
47 41
47 44
47 55
47 85
47 88
47 96
47 109
47 110
47 111
47 118
47 147
47 153
47 180
47 183
47 188
47 194
47 196
47 200
47 201
47 224
47 226
47 235
47 236
47 238
47 239
47 257
47 266
47 273
47 278
47 282
47 287
47 297
47 313
47 323
47 326
47 342
47 343
48 7
48 16
48 22
48 54
48 62
48 74
48 78
48 80
48 89
48 92
48 113
48 127
48 137
48 147
48 148
48 149
48 153
48 193
48 208
48 215
48 226
48 227
48 233
48 246
48 249
48 250
48 299
48 315
48 328
48 332
48 335
48 342
49 5
49 16
49 19
49 34
49 45
49 61
49 77
49 98
49 99
49 114
49 119
49 131
49 158
49 160
49 161
49 167
49 174
49 175
49 213
49 214
49 216
49 222
49 228
49 248
49 252
49 258
49 260
49 274
49 299
49 310
49 313
49 331
49 343
49 346
49 347
50 11
50 30
50 37
50 52
50 56
50 62
50 105
50 120
50 127
50 134
50 139
50 147
50 149
50 160
50 170
50 180
50 185
50 189
50 192
50 194
50 195
50 196
50 200
50 202
50 210
50 218
50 224
50 226
50 250
50 259
50 269
50 280
50 284
50 289
50 298
50 317
50 331
50 334
50 340
50 341
50 349
51 9
51 24
51 40
51 43
51 48
51 52
51 61
51 64
51 66
51 79
51 90
51 93
51 112
51 121
51 126
51 138
51 147
51 156
51 157
51 184
51 192
51 196
51 199
51 204
51 216
51 221
51 223
51 244
51 252
51 268
51 269
51 293
51 294
51 296
51 299
51 304
51 337
51 349
52 31
52 63
52 70
52 77
52 84
52 90
52 92
52 93
52 102
52 106
52 112
52 116
52 125
52 130
52 131
52 135
52 144
52 146
52 156
52 173
52 174
52 177
52 200
52 204
52 208
52 211
52 212
52 213
52 225
52 227
52 230
52 235
52 237
52 265
52 278
52 280
52 284
52 309
52 312
52 319
52 321
52 324
52 329
52 330
52 337
52 339
52 350
53 7
53 12
53 13
53 15
53 21
53 30
53 67
53 68
53 74
53 82
53 91
53 94
53 96
53 97
53 105
53 124
53 128
53 168
53 175
53 179
53 187
53 212
53 222
53 223
53 226
53 241
53 249
53 259
53 260
53 270
53 274
53 278
53 304
53 305
53 317
53 338
53 343
53 344
54 5
54 15
54 20
54 38
54 43
54 73
54 74
54 76
54 82
54 85
54 113
54 114
54 119
54 128
54 135
54 139
54 144
54 150
54 172
54 186
54 201
54 213
54 224
54 239
54 274
54 279
54 283
54 289
54 291
54 305
54 308
54 335
54 344
55 19
55 27
55 28
55 43
55 52
55 66
55 72
55 81
55 86
55 103
55 114
55 120
55 123
55 131
55 134
55 148
55 159
55 173
55 177
55 182
55 185
55 186
55 191
55 192
55 193
55 204
55 217
55 249
55 259
55 266
55 269
55 271
55 281
55 294
55 307
55 324
55 327
55 328
55 332
55 340
55 347
56 18
56 28
56 38
56 42
56 56
56 65
56 75
56 80
56 85
56 89
56 91
56 119
56 135
56 140
56 154
56 162
56 174
56 176
56 198
56 204
56 227
56 228
56 235
56 242
56 244
56 293
56 298
56 302
56 305
56 310
56 312
56 328
56 338
56 346
56 350
57 29
57 37
57 46
57 67
57 69
57 72
57 76
57 95
57 101
57 102
57 122
57 125
57 137
57 139
57 146
57 154
57 156
57 180
57 186
57 191
57 202
57 221
57 224
57 232
57 233
57 237
57 245
57 247
57 249
57 271
57 273
57 281
57 293
57 299
57 307
57 308
57 339
58 7
58 13
58 25
58 27
58 32
58 40
58 52
58 60
58 81
58 87
58 91
58 100
58 136
58 142
58 147
58 164
58 177
58 181
58 190
58 191
58 192
58 203
58 206
58 208
58 215
58 233
58 246
58 257
58 284
58 287
58 300
58 303
58 309
58 318
58 329
58 338
59 1
59 3
59 19
59 20
59 36
59 42
59 66
59 76
59 81
59 83
59 92
59 95
59 121
59 122
59 132
59 139
59 145
59 146
59 152
59 155
59 167
59 173
59 177
59 180
59 192
59 198
59 199
59 209
59 212
59 224
59 233
59 235
59 243
59 252
59 254
59 290
59 299
59 313
59 316
59 333
59 339
59 343
59 344
59 346
60 1
60 3
60 12
60 25
60 35
60 43
60 44
60 48
60 51
60 53
60 65
60 73
60 82
60 85
60 87
60 89
60 96
60 97
60 117
60 128
60 132
60 136
60 160
60 165
60 171
60 179
60 187
60 215
60 243
60 247
60 255
60 265
60 267
60 291
60 293
60 300
60 304
60 323
60 324
60 339
61 24
61 34
61 43
61 44
61 51
61 71
61 89
61 98
61 103
61 113
61 124
61 126
61 129
61 155
61 158
61 170
61 190
61 204
61 217
61 218
61 279
61 294
61 299
61 317
61 328
62 8
62 35
62 46
62 48
62 78
62 79
62 94
62 105
62 129
62 159
62 165
62 188
62 190
62 221
62 226
62 235
62 236
62 240
62 245
62 258
62 264
62 280
62 295
62 301
62 309
62 341
63 3
63 5
63 13
63 18
63 27
63 46
63 52
63 53
63 58
63 60
63 76
63 78
63 83
63 102
63 103
63 106
63 108
63 111
63 133
63 140
63 141
63 149
63 150
63 172
63 175
63 178
63 187
63 193
63 195
63 196
63 206
63 234
63 249
63 251
63 265
63 269
63 271
63 273
63 287
63 313
63 317
63 318
64 18
64 22
64 42
64 55
64 73
64 79
64 82
64 104
64 105
64 108
64 124
64 132
64 173
64 178
64 202
64 208
64 215
64 219
64 223
64 253
64 261
64 283
64 293
64 299
64 302
64 308
64 314
64 321
64 325
64 326
64 342
64 349
65 2
65 18
65 29
65 36
65 42
65 44
65 63
65 65
65 67
65 70
65 105
65 109
65 130
65 131
65 157
65 159
65 170
65 183
65 198
65 206
65 208
65 227
65 245
65 264
65 280
65 292
65 311
65 315
65 318
65 321
65 323
65 329
65 345
65 347
65 349
66 10
66 24
66 25
66 34
66 35
66 39
66 77
66 81
66 82
66 98
66 103
66 120
66 132
66 140
66 141
66 142
66 145
66 146
66 171
66 179
66 204
66 207
66 213
66 219
66 228
66 230
66 252
66 262
66 283
66 308
66 310
66 317
66 325
66 333
66 336
66 339
66 347
67 14
67 21
67 34
67 72
67 78
67 90
67 104
67 112
67 124
67 127
67 145
67 147
67 160
67 164
67 165
67 171
67 181
67 186
67 191
67 195
67 196
67 202
67 203
67 212
67 218
67 222
67 244
67 265
67 266
67 285
67 298
67 304
67 315
67 319
67 322
67 327
67 331
67 344
68 7
68 8
68 12
68 25
68 35
68 55
68 75
68 85
68 87
68 98
68 109
68 110
68 121
68 137
68 143
68 187
68 193
68 202
68 262
68 264
68 286
68 298
68 299
68 306
68 309
68 317
68 328
68 331
68 346
69 1
69 15
69 29
69 40
69 55
69 59
69 69
69 82
69 94
69 99
69 100
69 160
69 163
69 180
69 192
69 207
69 215
69 225
69 231
69 234
69 239
69 244
69 250
69 265
69 272
69 277
69 278
69 285
69 290
69 292
69 325
69 336
70 11
70 16
70 27
70 38
70 47
70 55
70 58
70 73
70 98
70 104
70 105
70 115
70 131
70 145
70 165
70 170
70 190
70 202
70 209
70 210
70 222
70 225
70 234
70 242
70 244
70 249
70 264
70 275
70 276
70 280
70 283
70 286
70 289
70 308
70 309
70 320
70 321
70 323
70 338
71 11
71 19
71 35
71 36
71 47
71 77
71 90
71 92
71 100
71 107
71 109
71 111
71 114
71 116
71 122
71 133
71 135
71 165
71 168
71 175
71 196
71 208
71 210
71 214
71 223
71 227
71 249
71 278
71 308
71 312
71 334
71 336
71 349
72 3
72 5
72 6
72 8
72 12
72 13
72 18
72 39
72 68
72 73
72 76
72 77
72 81
72 83
72 89
72 92
72 102
72 103
72 109
72 120
72 132
72 133
72 166
72 171
72 188
72 192
72 196
72 209
72 221
72 226
72 248
72 268
72 272
72 275
72 277
72 278
72 312
72 324
72 337
73 2
73 9
73 20
73 22
73 38
73 46
73 50
73 71
73 91
73 107
73 109
73 111
73 112
73 121
73 147
73 159
73 160
73 170
73 171
73 172
73 179
73 188
73 196
73 204
73 208
73 212
73 222
73 237
73 254
73 270
73 271
73 278
73 282
73 286
73 288
73 290
73 311
73 320
73 334
73 336
73 343
73 345
73 348
74 9
74 37
74 42
74 57
74 62
74 64
74 89
74 93
74 94
74 101
74 102
74 113
74 122
74 134
74 139
74 158
74 177
74 186
74 197
74 209
74 215
74 216
74 217
74 220
74 222
74 232
74 235
74 257
74 260
74 270
74 288
74 292
74 321
74 350
75 8
75 35
75 49
75 55
75 65
75 77
75 83
75 86
75 91
75 94
75 107
75 117
75 119
75 141
75 149
75 155
75 160
75 187
75 206
75 210
75 246
75 258
75 267
75 274
75 290
75 292
75 297
75 313
75 330
76 4
76 9
76 19
76 22
76 35
76 39
76 47
76 48
76 61
76 72
76 75
76 99
76 104
76 106
76 121
76 142
76 144
76 151
76 161
76 165
76 168
76 178
76 186
76 187
76 198
76 202
76 216
76 224
76 236
76 238
76 240
76 255
76 266
76 275
76 287
76 319
76 325
76 340
76 346
76 349
77 4
77 24
77 25
77 44
77 54
77 61
77 62
77 64
77 67
77 70
77 72
77 77
77 109
77 113
77 124
77 131
77 140
77 165
77 169
77 214
77 217
77 230
77 235
77 240
77 250
77 261
77 281
77 286
77 302
77 303
77 321
77 323
77 327
77 330
77 341
77 343
78 2
78 24
78 77
78 83
78 90
78 103
78 107
78 116
78 136
78 155
78 156
78 173
78 177
78 185
78 202
78 214
78 223
78 234
78 239
78 240
78 243
78 253
78 256
78 300
78 321
78 328
78 333
78 350
79 7
79 10
79 15
79 26
79 53
79 61
79 64
79 70
79 93
79 120
79 125
79 151
79 161
79 162
79 164
79 165
79 177
79 185
79 199
79 209
79 211
79 212
79 214
79 227
79 228
79 230
79 260
79 263
79 271
79 283
79 284
79 298
79 308
79 314
79 330
79 345
80 17
80 30
80 55
80 58
80 59
80 68
80 79
80 92
80 94
80 101
80 111
80 112
80 113
80 119
80 129
80 143
80 171
80 186
80 195
80 197
80 198
80 223
80 226
80 249
80 252
80 255
80 275
80 282
80 288
80 293
80 305
80 307
80 326
80 328
80 334
80 346
80 347
81 32
81 35
81 56
81 66
81 95
81 119
81 121
81 127
81 133
81 154
81 162
81 169
81 173
81 184
81 193
81 213
81 217
81 218
81 221
81 234
81 242
81 262
81 270
81 272
81 291
81 307
81 311
81 316
81 330
81 333
82 3
82 4
82 9
82 13
82 30
82 41
82 46
82 47
82 54
82 66
82 74
82 79
82 93
82 99
82 130
82 132
82 140
82 147
82 158
82 160
82 172
82 179
82 181
82 184
82 191
82 197
82 206
82 209
82 216
82 221
82 237
82 238
82 252
82 254
82 256
82 268
82 274
82 287
82 298
82 300
82 301
82 320
82 323
82 336
82 343
83 13
83 24
83 32
83 38
83 41
83 46
83 64
83 65
83 67
83 85
83 98
83 100
83 105
83 132
83 134
83 142
83 187
83 192
83 199
83 225
83 228
83 230
83 234
83 247
83 266
83 268
83 269
83 287
83 288
83 290
83 314
83 325
83 335
83 336
83 337
84 3
84 17
84 18
84 21
84 23
84 49
84 61
84 76
84 78
84 80
84 89
84 103
84 115
84 149
84 150
84 153
84 163
84 171
84 172
84 174
84 185
84 194
84 196
84 198
84 200
84 209
84 222
84 226
84 236
84 237
84 241
84 244
84 254
84 316
84 318
84 320
84 326
84 333
85 2
85 23
85 33
85 46
85 86
85 100
85 116
85 119
85 122
85 136
85 138
85 144
85 148
85 156
85 161
85 185
85 210
85 215
85 218
85 237
85 247
85 250
85 257
85 262
85 292
85 304
85 310
85 316
85 326
85 331
86 15
86 46
86 47
86 49
86 57
86 71
86 79
86 82
86 83
86 92
86 174
86 184
86 187
86 193
86 201
86 202
86 203
86 217
86 220
86 230
86 250
86 253
86 255
86 261
86 272
86 280
86 299
86 304
86 307
86 308
86 309
86 315
86 322
86 328
86 335
86 336
87 12
87 18
87 30
87 31
87 32
87 38
87 44
87 53
87 64
87 65
87 67
87 79
87 90
87 96
87 116
87 148
87 152
87 193
87 195
87 207
87 223
87 234
87 244
87 248
87 274
87 278
87 289
87 311
87 325
87 327
87 328
87 334
87 341
87 344
87 347
88 2
88 9
88 22
88 25
88 30
88 31
88 39
88 42
88 62
88 66
88 71
88 100
88 101
88 111
88 113
88 125
88 132
88 148
88 157
88 158
88 188
88 190
88 198
88 208
88 217
88 221
88 231
88 239
88 251
88 264
88 284
88 292
88 303
88 322
88 327
88 339
88 343
89 6
89 8
89 14
89 15
89 26
89 27
89 33
89 35
89 41
89 53
89 72
89 73
89 75
89 76
89 77
89 142
89 155
89 178
89 194
89 195
89 211
89 223
89 236
89 247
89 253
89 266
89 268
89 269
89 276
89 286
89 294
89 301
89 304
89 311
89 312
89 321
89 330
89 332
89 344
89 347
90 5
90 13
90 15
90 25
90 50
90 64
90 74
90 85
90 101
90 108
90 114
90 116
90 154
90 158
90 160
90 167
90 173
90 174
90 180
90 186
90 198
90 207
90 223
90 228
90 237
90 243
90 248
90 260
90 267
90 269
90 271
90 272
90 309
90 312
90 318
90 324
90 333
90 334
90 342
90 343
90 344
91 10
91 39
91 45
91 48
91 51
91 61
91 77
91 88
91 90
91 99
91 100
91 102
91 106
91 107
91 108
91 110
91 113
91 117
91 122
91 136
91 141
91 153
91 161
91 162
91 170
91 178
91 203
91 230
91 231
91 232
91 233
91 235
91 239
91 250
91 254
91 258
91 263
91 275
91 287
91 293
91 302
91 307
91 309
91 310
91 317
91 331
91 350
92 26
92 35
92 45
92 61
92 62
92 80
92 94
92 133
92 147
92 151
92 161
92 168
92 169
92 179
92 181
92 183
92 193
92 197
92 200
92 206
92 212
92 213
92 250
92 267
92 283
92 284
92 297
92 331
92 344
92 345
92 348
93 37
93 42
93 54
93 63
93 71
93 77
93 87
93 92
93 104
93 105
93 127
93 139
93 144
93 155
93 160
93 161
93 203
93 218
93 220
93 228
93 270
93 272
93 276
93 279
93 290
93 298
93 307
93 333
93 342
94 2
94 6
94 32
94 42
94 46
94 51
94 84
94 91
94 92
94 93
94 96
94 108
94 112
94 118
94 125
94 134
94 140
94 144
94 145
94 160
94 166
94 172
94 177
94 193
94 194
94 205
94 209
94 211
94 221
94 268
94 277
94 289
94 298
94 306
94 307
94 309
94 331
94 342
94 343
94 345
94 350
95 6
95 33
95 40
95 47
95 60
95 90
95 92
95 119
95 127
95 128
95 134
95 139
95 158
95 163
95 167
95 175
95 183
95 184
95 188
95 193
95 214
95 219
95 220
95 224
95 237
95 247
95 248
95 259
95 271
95 280
95 291
95 296
95 300
95 307
95 308
95 315
95 316
95 326
95 330
95 344
95 346
96 3
96 11
96 19
96 30
96 37
96 61
96 63
96 90
96 96
96 105
96 116
96 124
96 130
96 140
96 145
96 158
96 161
96 162
96 173
96 185
96 186
96 211
96 212
96 239
96 246
96 248
96 252
96 257
96 301
96 307
96 309
96 321
96 331
96 332
96 345
96 350
97 16
97 18
97 20
97 36
97 42
97 48
97 50
97 53
97 60
97 68
97 85
97 99
97 116
97 131
97 151
97 152
97 196
97 198
97 199
97 209
97 244
97 252
97 256
97 294
97 300
97 309
97 321
97 334
97 345
98 3
98 13
98 29
98 39
98 48
98 72
98 79
98 82
98 85
98 94
98 101
98 113
98 137
98 140
98 157
98 184
98 185
98 186
98 187
98 205
98 218
98 235
98 246
98 258
98 261
98 263
98 271
98 309
98 324
98 329
98 335
98 342
98 349
99 11
99 17
99 24
99 31
99 34
99 56
99 70
99 72
99 85
99 95
99 104
99 108
99 109
99 134
99 148
99 151
99 157
99 160
99 179
99 191
99 205
99 206
99 221
99 242
99 256
99 258
99 280
99 294
99 298
99 304
99 316
99 342
99 346
100 9
100 13
100 60
100 66
100 67
100 74
100 87
100 88
100 122
100 123
100 129
100 148
100 158
100 176
100 201
100 211
100 216
100 224
100 234
100 253
100 265
100 274
100 277
100 289
100 333
100 349
101 1
101 25
101 44
101 57
101 58
101 71
101 74
101 81
101 102
101 103
101 104
101 109
101 113
101 157
101 158
101 178
101 200
101 202
101 215
101 223
101 232
101 251
101 259
101 268
101 274
101 286
101 299
101 304
101 328
101 329
101 335
101 336
101 337
102 4
102 10
102 25
102 26
102 42
102 47
102 52
102 60
102 69
102 88
102 101
102 105
102 109
102 126
102 132
102 142
102 154
102 163
102 187
102 190
102 196
102 199
102 208
102 221
102 241
102 242
102 277
102 291
102 313
102 324
102 330
102 334
102 335
102 342
103 10
103 25
103 30
103 31
103 35
103 41
103 46
103 55
103 59
103 66
103 78
103 84
103 89
103 93
103 136
103 148
103 158
103 163
103 182
103 192
103 201
103 203
103 231
103 236
103 237
103 239
103 260
103 268
103 273
103 277
103 281
103 282
103 305
103 319
103 333
104 2
104 6
104 8
104 18
104 21
104 24
104 27
104 34
104 44
104 46
104 48
104 58
104 65
104 68
104 78
104 89
104 94
104 104
104 119
104 125
104 128
104 130
104 149
104 162
104 163
104 166
104 174
104 199
104 214
104 218
104 222
104 236
104 238
104 250
104 266
104 267
104 306
104 318
104 334
104 335
104 349
105 10
105 45
105 46
105 49
105 68
105 69
105 78
105 82
105 84
105 98
105 126
105 130
105 133
105 136
105 141
105 158
105 170
105 195
105 203
105 217
105 224
105 242
105 253
105 254
105 267
105 271
105 273
105 274
105 277
105 287
105 288
105 295
105 297
105 298
105 308
105 323
106 20
106 30
106 33
106 43
106 44
106 70
106 105
106 106
106 118
106 139
106 161
106 173
106 180
106 188
106 190
106 193
106 208
106 210
106 218
106 221
106 224
106 225
106 228
106 243
106 244
106 275
106 278
106 279
106 280
106 287
106 291
106 300
106 321
106 337
107 17
107 43
107 49
107 68
107 73
107 78
107 89
107 92
107 127
107 137
107 138
107 156
107 167
107 196
107 213
107 216
107 225
107 230
107 242
107 245
107 251
107 267
107 276
107 289
107 320
107 323
107 331
107 334
107 341
107 342
107 343
107 345
107 350
108 9
108 38
108 54
108 59
108 61
108 63
108 65
108 76
108 78
108 98
108 103
108 104
108 123
108 128
108 145
108 147
108 153
108 167
108 168
108 172
108 177
108 178
108 184
108 206
108 223
108 229
108 234
108 236
108 243
108 267
108 276
108 280
108 283
108 290
108 315
108 322
108 336
108 342
109 25
109 31
109 36
109 37
109 47
109 53
109 55
109 56
109 60
109 76
109 100
109 101
109 108
109 120
109 122
109 137
109 138
109 145
109 150
109 157
109 173
109 191
109 202
109 213
109 218
109 219
109 223
109 230
109 237
109 244
109 268
109 272
109 288
109 289
109 299
109 312
109 320
109 322
109 334
109 339
109 340
109 342
109 344
110 6
110 9
110 10
110 21
110 40
110 75
110 77
110 78
110 94
110 95
110 101
110 105
110 126
110 130
110 169
110 175
110 187
110 190
110 211
110 226
110 242
110 244
110 249
110 251
110 270
110 280
110 284
110 289
110 294
110 313
110 319
110 332
110 335
110 339
110 342
111 7
111 17
111 21
111 23
111 43
111 50
111 51
111 91
111 94
111 100
111 101
111 112
111 120
111 134
111 152
111 160
111 163
111 164
111 170
111 173
111 196
111 206
111 209
111 217
111 253
111 258
111 263
111 275
111 282
111 284
111 300
111 306
111 330
111 332
111 342
111 347
111 348
112 6
112 18
112 48
112 63
112 85
112 88
112 89
112 94
112 96
112 99
112 126
112 148
112 164
112 168
112 173
112 188
112 201
112 202
112 205
112 219
112 225
112 251
112 265
112 266
112 267
112 306
112 315
112 323
112 340
112 343
112 347
112 348
113 1
113 20
113 36
113 43
113 46
113 47
113 72
113 77
113 88
113 129
113 133
113 144
113 160
113 166
113 190
113 194
113 196
113 198
113 204
113 206
113 218
113 229
113 230
113 234
113 246
113 262
113 264
113 270
113 307
113 316
113 325
113 345
113 347
113 348
114 6
114 17
114 21
114 25
114 29
114 31
114 40
114 57
114 72
114 76
114 86
114 88
114 100
114 183
114 197
114 201
114 222
114 237
114 238
114 244
114 246
114 266
114 271
114 294
114 297
114 316
114 324
114 326
114 335
114 338
114 348
115 9
115 17
115 19
115 26
115 31
115 32
115 40
115 43
115 57
115 67
115 79
115 81
115 84
115 89
115 90
115 102
115 106
115 119
115 134
115 145
115 179
115 189
115 190
115 196
115 213
115 220
115 242
115 245
115 251
115 255
115 271
115 291
115 308
115 310
115 311
115 349
116 7
116 15
116 25
116 36
116 41
116 45
116 51
116 53
116 57
116 61
116 72
116 78
116 103
116 121
116 130
116 136
116 173
116 192
116 209
116 224
116 243
116 245
116 248
116 250
116 252
116 261
116 271
116 279
116 295
116 298
116 305
116 309
116 333
116 335
117 1
117 16
117 20
117 25
117 30
117 35
117 52
117 56
117 70
117 76
117 97
117 98
117 99
117 106
117 121
117 126
117 134
117 140
117 160
117 176
117 184
117 185
117 190
117 211
117 224
117 226
117 235
117 245
117 254
117 286
117 292
117 320
117 329
117 333
118 11
118 19
118 21
118 37
118 40
118 57
118 60
118 74
118 81
118 82
118 96
118 108
118 109
118 115
118 116
118 120
118 130
118 135
118 141
118 144
118 145
118 146
118 148
118 157
118 175
118 178
118 190
118 194
118 204
118 211
118 216
118 237
118 240
118 260
118 261
118 287
118 297
118 340
119 7
119 39
119 42
119 49
119 56
119 69
119 97
119 102
119 115
119 116
119 122
119 125
119 132
119 133
119 150
119 154
119 159
119 161
119 164
119 165
119 169
119 180
119 181
119 217
119 220
119 232
119 261
119 267
119 271
119 277
119 280
119 287
119 291
119 293
119 321
120 4
120 5
120 16
120 18
120 23
120 25
120 33
120 39
120 42
120 43
120 54
120 67
120 71
120 73
120 75
120 77
120 93
120 129
120 135
120 153
120 198
120 223
120 224
120 226
120 235
120 240
120 266
120 270
120 290
120 291
120 304
120 312
120 315
120 337
120 342
121 25
121 65
121 76
121 84
121 86
121 90
121 99
121 120
121 121
121 126
121 136
121 138
121 142
121 182
121 185
121 188
121 190
121 191
121 196
121 202
121 216
121 231
121 253
121 258
121 261
121 280
121 295
121 328
121 344
122 33
122 49
122 55
122 56
122 71
122 74
122 75
122 81
122 83
122 86
122 93
122 95
122 98
122 102
122 115
122 140
122 142
122 146
122 180
122 181
122 182
122 184
122 202
122 203
122 213
122 227
122 247
122 253
122 260
122 265
122 275
122 279
122 313
122 324
122 332
123 1
123 10
123 19
123 28
123 32
123 48
123 49
123 52
123 53
123 61
123 76
123 79
123 99
123 101
123 109
123 111
123 125
123 127
123 151
123 169
123 203
123 213
123 241
123 250
123 275
123 282
123 291
123 301
123 304
123 305
123 322
123 323
123 325
124 2
124 8
124 12
124 26
124 32
124 37
124 43
124 54
124 72
124 90
124 100
124 103
124 108
124 113
124 115
124 129
124 133
124 137
124 143
124 146
124 151
124 159
124 165
124 172
124 184
124 213
124 216
124 220
124 224
124 237
124 250
124 251
124 266
124 274
124 279
124 281
124 289
124 290
124 306
124 310
124 316
124 317
124 319
124 327
125 11
125 13
125 16
125 25
125 42
125 50
125 66
125 75
125 79
125 84
125 90
125 95
125 125
125 128
125 129
125 135
125 137
125 145
125 146
125 157
125 158
125 167
125 177
125 191
125 196
125 207
125 208
125 209
125 220
125 232
125 241
125 252
125 275
125 315
125 321
125 324
125 327
125 329
125 336
126 3
126 9
126 19
126 47
126 49
126 55
126 67
126 79
126 110
126 114
126 119
126 133
126 137
126 159
126 160
126 170
126 176
126 179
126 180
126 181
126 197
126 209
126 214
126 223
126 231
126 249
126 254
126 257
126 294
126 305
126 313
126 324
126 331
126 332
126 348
127 6
127 14
127 22
127 32
127 34
127 46
127 60
127 69
127 70
127 75
127 77
127 92
127 96
127 108
127 114
127 117
127 143
127 159
127 168
127 169
127 171
127 173
127 179
127 193
127 195
127 196
127 211
127 279
127 286
127 287
127 288
127 292
127 302
127 316
127 328
127 334
127 336
128 7
128 31
128 46
128 52
128 56
128 60
128 70
128 77
128 82
128 99
128 107
128 127
128 129
128 136
128 141
128 146
128 171
128 182
128 183
128 192
128 204
128 213
128 229
128 230
128 235
128 239
128 246
128 249
128 267
128 269
128 301
128 302
128 330
128 331
129 23
129 27
129 44
129 46
129 62
129 64
129 72
129 82
129 96
129 100
129 127
129 135
129 143
129 145
129 146
129 147
129 181
129 195
129 209
129 210
129 236
129 243
129 246
129 273
129 274
129 297
129 309
129 318
129 333
129 335
130 2
130 8
130 9
130 11
130 19
130 24
130 35
130 42
130 61
130 71
130 74
130 75
130 80
130 85
130 91
130 121
130 139
130 145
130 149
130 153
130 155
130 162
130 163
130 181
130 196
130 198
130 205
130 211
130 221
130 230
130 232
130 235
130 238
130 253
130 256
130 259
130 263
130 267
130 278
130 300
130 325
130 326
130 341
131 1
131 8
131 26
131 30
131 32
131 49
131 70
131 76
131 86
131 89
131 104
131 110
131 111
131 113
131 121
131 138
131 140
131 141
131 144
131 152
131 156
131 185
131 207
131 210
131 212
131 226
131 229
131 239
131 260
131 264
131 269
131 291
131 304
131 306
131 308
131 318
131 331
131 336
131 344
131 349
132 1
132 14
132 28
132 30
132 54
132 61
132 71
132 74
132 84
132 89
132 102
132 105
132 113
132 120
132 126
132 139
132 143
132 172
132 173
132 189
132 197
132 214
132 216
132 220
132 253
132 260
132 264
132 286
132 307
132 324
132 345
133 18
133 41
133 48
133 62
133 64
133 76
133 83
133 84
133 112
133 114
133 138
133 145
133 146
133 162
133 168
133 184
133 199
133 204
133 208
133 227
133 271
133 273
133 296
133 304
133 315
133 316
133 320
133 335
133 350
134 1
134 20
134 37
134 101
134 113
134 123
134 138
134 145
134 146
134 153
134 163
134 169
134 176
134 217
134 219
134 222
134 240
134 247
134 252
134 253
134 263
134 265
134 277
134 287
134 295
134 296
134 298
134 313
134 314
134 317
134 329
135 6
135 9
135 12
135 20
135 39
135 62
135 67
135 79
135 80
135 81
135 84
135 113
135 118
135 120
135 134
135 141
135 149
135 164
135 191
135 193
135 200
135 224
135 232
135 236
135 244
135 252
135 276
135 287
135 315
135 316
135 343
136 27
136 28
136 30
136 44
136 45
136 52
136 58
136 62
136 67
136 76
136 86
136 107
136 108
136 111
136 117
136 127
136 132
136 136
136 138
136 145
136 155
136 175
136 176
136 186
136 205
136 208
136 218
136 225
136 233
136 254
136 260
136 273
136 274
136 275
136 292
136 304
136 306
136 323
136 328
136 342
136 348
137 1
137 2
137 7
137 51
137 54
137 60
137 63
137 85
137 90
137 92
137 98
137 121
137 134
137 146
137 149
137 159
137 160
137 163
137 166
137 174
137 202
137 204
137 208
137 216
137 217
137 227
137 241
137 248
137 260
137 277
137 287
137 302
137 303
137 314
137 317
137 318
137 324
137 333
137 334
138 13
138 19
138 40
138 46
138 63
138 64
138 65
138 70
138 74
138 84
138 93
138 94
138 104
138 110
138 115
138 119
138 129
138 140
138 150
138 181
138 192
138 196
138 203
138 204
138 205
138 234
138 237
138 238
138 240
138 245
138 247
138 254
138 263
138 265
138 270
138 274
138 284
138 299
138 301
138 303
138 336
138 345
138 346
139 3
139 6
139 12
139 33
139 40
139 55
139 58
139 60
139 82
139 104
139 112
139 117
139 118
139 122
139 127
139 133
139 134
139 140
139 150
139 167
139 169
139 174
139 183
139 190
139 206
139 240
139 247
139 253
139 271
139 276
139 279
139 286
139 311
139 318
139 335
139 344
139 346
140 4
140 6
140 26
140 30
140 35
140 36
140 51
140 52
140 70
140 83
140 87
140 88
140 112
140 120
140 121
140 122
140 134
140 138
140 151
140 154
140 166
140 168
140 210
140 215
140 221
140 223
140 236
140 239
140 240
140 250
140 257
140 281
140 297
140 300
140 308
140 309
140 312
140 329
140 341
140 343
140 350
141 3
141 9
141 10
141 25
141 26
141 33
141 56
141 61
141 75
141 80
141 123
141 124
141 158
141 161
141 168
141 171
141 175
141 178
141 202
141 204
141 214
141 224
141 262
141 269
141 284
141 290
141 291
141 296
141 297
141 299
141 303
141 313
141 343
142 4
142 11
142 18
142 21
142 32
142 34
142 50
142 51
142 58
142 63
142 64
142 78
142 81
142 100
142 120
142 128
142 135
142 136
142 140
142 156
142 181
142 183
142 190
142 197
142 198
142 201
142 207
142 217
142 218
142 224
142 232
142 267
142 294
142 301
142 302
142 311
142 312
142 313
142 317
142 334
142 339
143 10
143 25
143 32
143 47
143 76
143 78
143 97
143 109
143 150
143 152
143 154
143 157
143 166
143 171
143 188
143 215
143 221
143 236
143 240
143 242
143 244
143 248
143 256
143 266
143 267
143 275
143 280
143 309
143 312
143 338
143 341
144 8
144 21
144 35
144 73
144 81
144 90
144 111
144 112
144 118
144 135
144 144
144 147
144 152
144 164
144 168
144 173
144 175
144 177
144 179
144 203
144 206
144 227
144 228
144 231
144 235
144 244
144 245
144 247
144 251
144 275
144 298
144 301
144 303
144 307
144 308
144 310
144 318
144 319
144 323
145 20
145 38
145 51
145 61
145 64
145 75
145 77
145 102
145 118
145 139
145 141
145 143
145 157
145 206
145 207
145 219
145 228
145 239
145 240
145 244
145 248
145 259
145 264
145 270
145 271
145 274
145 282
145 287
145 297
145 314
145 320
145 324
145 325
145 327
145 336
146 2
146 9
146 12
146 14
146 37
146 41
146 55
146 64
146 66
146 71
146 76
146 77
146 85
146 120
146 127
146 136
146 168
146 171
146 173
146 176
146 183
146 187
146 189
146 202
146 210
146 220
146 223
146 225
146 228
146 235
146 238
146 239
146 240
146 260
146 265
146 268
146 284
146 295
146 296
146 297
146 298
146 299
146 300
146 304
146 305
146 307
146 310
146 323
146 334
146 348
147 2
147 6
147 20
147 23
147 29
147 44
147 50
147 53
147 66
147 72
147 82
147 86
147 97
147 99
147 102
147 104
147 108
147 113
147 127
147 134
147 136
147 138
147 149
147 152
147 153
147 165
147 195
147 209
147 210
147 214
147 236
147 239
147 248
147 262
147 272
147 302
147 310
147 336
147 338
147 343
147 345
148 33
148 61
148 66
148 67
148 73
148 76
148 82
148 120
148 123
148 130
148 134
148 140
148 195
148 213
148 215
148 246
148 261
148 263
148 267
148 268
148 278
148 299
148 332
148 335
148 339
148 348
149 16
149 17
149 20
149 31
149 38
149 46
149 49
149 60
149 78
149 86
149 90
149 100
149 119
149 130
149 143
149 147
149 158
149 191
149 192
149 234
149 243
149 245
149 279
149 296
149 302
149 313
149 316
149 317
149 329
149 335
149 343
149 350
150 2
150 11
150 23
150 40
150 42
150 43
150 54
150 56
150 64
150 67
150 93
150 124
150 126
150 142
150 143
150 158
150 181
150 197
150 212
150 216
150 221
150 222
150 236
150 238
150 244
150 248
150 261
150 268
150 285
150 299
150 307
150 309
150 346
151 5
151 17
151 18
151 41
151 44
151 65
151 67
151 70
151 74
151 81
151 86
151 95
151 100
151 121
151 141
151 151
151 152
151 161
151 176
151 186
151 202
151 204
151 213
151 242
151 267
151 290
151 299
151 316
151 338
151 344
152 4
152 12
152 17
152 43
152 46
152 49
152 51
152 59
152 65
152 79
152 97
152 123
152 124
152 131
152 133
152 135
152 150
152 154
152 186
152 194
152 198
152 209
152 212
152 225
152 243
152 253
152 264
152 268
152 271
152 278
152 279
152 287
152 311
152 332
152 333
152 335
152 340
152 345
153 1
153 45
153 73
153 74
153 86
153 92
153 111
153 112
153 121
153 124
153 127
153 128
153 131
153 138
153 149
153 181
153 182
153 184
153 187
153 215
153 217
153 223
153 226
153 232
153 246
153 265
153 269
153 281
153 307
153 315
153 320
153 334
153 335
154 7
154 36
154 43
154 48
154 57
154 75
154 81
154 83
154 94
154 96
154 150
154 151
154 160
154 169
154 178
154 187
154 193
154 199
154 205
154 269
154 289
154 299
154 304
154 309
154 323
154 347
155 18
155 32
155 36
155 57
155 80
155 94
155 96
155 105
155 106
155 114
155 137
155 141
155 145
155 148
155 154
155 160
155 167
155 175
155 194
155 195
155 196
155 197
155 214
155 232
155 237
155 239
155 240
155 261
155 285
155 292
155 295
155 297
155 302
155 303
155 311
155 313
155 328
155 336
155 350
156 2
156 6
156 7
156 11
156 23
156 35
156 56
156 67
156 70
156 71
156 93
156 94
156 103
156 110
156 112
156 115
156 150
156 161
156 178
156 198
156 200
156 201
156 208
156 213
156 215
156 218
156 241
156 243
156 248
156 267
156 277
156 281
156 287
156 290
156 300
156 313
156 314
156 319
156 320
156 322
156 325
156 331
156 333
156 350
157 9
157 20
157 25
157 29
157 40
157 43
157 47
157 58
157 71
157 82
157 86
157 97
157 102
157 110
157 126
157 130
157 138
157 143
157 144
157 147
157 166
157 185
157 197
157 208
157 229
157 233
157 247
157 268
157 273
157 292
157 295
157 325
157 330
157 341
157 348
158 3
158 13
158 23
158 45
158 57
158 58
158 67
158 72
158 78
158 80
158 107
158 112
158 116
158 119
158 125
158 135
158 137
158 139
158 140
158 143
158 158
158 162
158 170
158 171
158 213
158 216
158 222
158 223
158 239
158 244
158 247
158 261
158 271
158 285
158 287
158 293
158 301
158 305
158 313
158 322
158 350
159 1
159 4
159 24
159 43
159 48
159 55
159 60
159 65
159 66
159 87
159 93
159 107
159 108
159 110
159 130
159 143
159 146
159 148
159 159
159 161
159 164
159 167
159 174
159 186
159 192
159 225
159 234
159 253
159 256
159 257
159 258
159 307
159 314
159 315
159 327
159 337
159 342
159 347
160 13
160 14
160 18
160 32
160 46
160 59
160 72
160 89
160 97
160 100
160 113
160 117
160 124
160 131
160 132
160 148
160 161
160 162
160 172
160 178
160 181
160 186
160 191
160 204
160 215
160 234
160 241
160 250
160 262
160 270
160 276
160 285
160 289
160 293
160 308
160 314
160 318
160 338
160 340
160 341
160 346
160 350
161 4
161 13
161 19
161 39
161 47
161 58
161 60
161 67
161 72
161 83
161 110
161 119
161 129
161 153
161 155
161 158
161 159
161 163
161 166
161 173
161 187
161 190
161 202
161 203
161 205
161 227
161 232
161 234
161 241
161 250
161 263
161 272
161 280
161 289
161 296
161 307
161 318
161 331
161 342
161 346
162 24
162 25
162 30
162 34
162 51
162 54
162 76
162 83
162 88
162 91
162 93
162 100
162 109
162 116
162 118
162 121
162 122
162 151
162 157
162 159
162 172
162 180
162 190
162 207
162 216
162 217
162 232
162 236
162 240
162 242
162 253
162 261
162 269
162 270
162 283
162 288
162 303
162 310
162 319
162 331
162 332
162 334
162 347
163 9
163 10
163 16
163 17
163 47
163 53
163 59
163 66
163 69
163 72
163 79
163 82
163 106
163 108
163 113
163 132
163 135
163 146
163 168
163 177
163 179
163 199
163 200
163 205
163 219
163 233
163 250
163 252
163 277
163 307
163 309
163 320
163 326
163 328
163 330
163 331
164 8
164 10
164 24
164 29
164 37
164 42
164 69
164 74
164 79
164 94
164 98
164 122
164 125
164 130
164 146
164 147
164 189
164 190
164 199
164 202
164 216
164 229
164 232
164 233
164 237
164 245
164 259
164 269
164 272
164 273
164 290
164 293
164 298
164 311
164 316
164 322
164 331
164 332
164 335
164 342
165 33
165 39
165 40
165 53
165 56
165 66
165 80
165 85
165 105
165 113
165 150
165 172
165 176
165 178
165 179
165 192
165 203
165 212
165 266
165 273
165 277
165 283
165 291
165 299
165 306
165 320
165 323
165 324
165 328
165 330
165 333
165 334
165 347
166 7
166 8
166 20
166 31
166 34
166 35
166 36
166 48
166 86
166 92
166 95
166 103
166 108
166 109
166 110
166 137
166 141
166 154
166 159
166 177
166 192
166 193
166 208
166 211
166 213
166 216
166 217
166 223
166 231
166 233
166 255
166 258
166 259
166 271
166 282
166 304
166 311
166 317
166 319
166 324
166 332
166 338
166 340
166 343
166 344
166 345
167 15
167 29
167 37
167 62
167 65
167 67
167 80
167 83
167 85
167 98
167 103
167 110
167 117
167 152
167 154
167 155
167 177
167 189
167 200
167 206
167 212
167 230
167 243
167 248
167 253
167 266
167 268
167 270
167 276
167 277
167 281
167 291
167 296
167 305
167 321
167 327
167 330
167 334
167 341
168 1
168 10
168 14
168 31
168 47
168 52
168 66
168 67
168 68
168 73
168 76
168 88
168 97
168 120
168 127
168 136
168 145
168 161
168 165
168 170
168 171
168 174
168 178
168 194
168 198
168 207
168 212
168 219
168 224
168 244
168 245
168 249
168 259
168 263
168 288
168 311
168 321
168 326
168 346
168 347
169 2
169 27
169 37
169 40
169 42
169 43
169 52
169 53
169 77
169 79
169 80
169 82
169 136
169 141
169 157
169 159
169 192
169 193
169 202
169 236
169 247
169 250
169 253
169 257
169 268
169 269
169 282
169 283
169 297
169 303
169 305
169 319
169 325
169 327
169 337
169 338
169 342
170 11
170 13
170 18
170 20
170 24
170 31
170 38
170 41
170 61
170 70
170 74
170 107
170 109
170 132
170 134
170 140
170 170
170 187
170 191
170 200
170 216
170 243
170 249
170 256
170 277
170 279
170 287
170 290
170 297
170 306
170 307
170 309
170 317
170 318
170 323
170 326
171 2
171 3
171 15
171 20
171 36
171 38
171 39
171 53
171 60
171 61
171 77
171 79
171 102
171 117
171 123
171 148
171 153
171 164
171 169
171 202
171 243
171 249
171 267
171 278
171 292
171 325
171 336
172 1
172 21
172 24
172 28
172 35
172 41
172 47
172 53
172 54
172 74
172 85
172 100
172 105
172 112
172 116
172 137
172 161
172 189
172 197
172 204
172 229
172 240
172 250
172 255
172 265
172 267
172 287
172 299
172 315
172 323
172 335
173 8
173 11
173 20
173 47
173 71
173 72
173 77
173 85
173 88
173 90
173 106
173 107
173 117
173 131
173 143
173 150
173 164
173 165
173 173
173 185
173 195
173 197
173 200
173 203
173 205
173 210
173 247
173 252
173 267
173 274
173 291
173 310
173 312
173 317
173 350
174 15
174 22
174 29
174 44
174 50
174 52
174 57
174 71
174 105
174 116
174 118
174 134
174 135
174 167
174 174
174 219
174 244
174 245
174 251
174 270
174 278
174 283
174 286
174 293
174 297
174 302
174 314
174 328
174 329
174 332
174 349
175 9
175 68
175 83
175 89
175 91
175 94
175 111
175 116
175 117
175 130
175 131
175 144
175 146
175 153
175 159
175 162
175 178
175 196
175 197
175 204
175 220
175 242
175 250
175 253
175 259
175 272
175 290
175 304
175 305
175 313
175 316
175 331
175 344
176 20
176 24
176 30
176 40
176 57
176 81
176 124
176 125
176 127
176 132
176 140
176 145
176 175
176 194
176 202
176 208
176 209
176 215
176 218
176 222
176 225
176 226
176 233
176 240
176 243
176 292
176 295
176 304
176 322
176 326
176 335
176 338
176 341
176 345
177 8
177 10
177 17
177 25
177 27
177 31
177 44
177 53
177 54
177 55
177 59
177 113
177 123
177 124
177 137
177 141
177 147
177 165
177 172
177 176
177 183
177 193
177 202
177 214
177 217
177 224
177 225
177 234
177 246
177 259
177 265
177 267
177 291
177 294
177 296
177 335
177 350
178 13
178 17
178 21
178 24
178 26
178 30
178 35
178 37
178 60
178 83
178 86
178 115
178 121
178 123
178 130
178 144
178 180
178 195
178 198
178 227
178 235
178 238
178 239
178 244
178 253
178 271
178 302
178 303
178 307
178 314
178 333
178 344
179 7
179 49
179 55
179 59
179 64
179 71
179 72
179 73
179 82
179 110
179 118
179 135
179 140
179 152
179 160
179 162
179 167
179 169
179 177
179 178
179 181
179 195
179 197
179 202
179 225
179 227
179 245
179 252
179 278
179 281
179 286
179 289
179 294
179 301
179 311
179 315
179 317
179 329
179 343
179 350
180 5
180 25
180 35
180 40
180 53
180 56
180 67
180 74
180 78
180 79
180 85
180 97
180 112
180 124
180 127
180 149
180 153
180 156
180 161
180 162
180 184
180 186
180 193
180 219
180 242
180 246
180 263
180 274
180 282
180 312
180 334
180 339
180 346
181 16
181 40
181 44
181 57
181 63
181 69
181 77
181 98
181 119
181 125
181 167
181 171
181 176
181 195
181 203
181 204
181 219
181 229
181 245
181 254
181 280
181 281
181 283
181 285
181 293
181 302
181 306
181 321
181 322
181 325
181 341
181 342
181 344
182 32
182 36
182 59
182 69
182 70
182 75
182 82
182 85
182 97
182 103
182 124
182 129
182 137
182 150
182 162
182 163
182 170
182 181
182 184
182 187
182 200
182 204
182 205
182 211
182 214
182 233
182 235
182 238
182 273
182 286
182 297
182 303
182 305
182 308
182 323
182 347
183 7
183 10
183 17
183 20
183 30
183 44
183 51
183 65
183 82
183 85
183 87
183 88
183 94
183 96
183 99
183 101
183 118
183 126
183 151
183 157
183 168
183 173
183 203
183 205
183 209
183 219
183 229
183 253
183 261
183 269
183 286
183 346
184 24
184 26
184 30
184 31
184 37
184 60
184 64
184 76
184 78
184 90
184 94
184 108
184 111
184 114
184 115
184 117
184 120
184 128
184 152
184 169
184 171
184 173
184 174
184 184
184 190
184 192
184 198
184 204
184 225
184 235
184 238
184 255
184 258
184 300
184 316
184 323
184 348
185 7
185 14
185 22
185 24
185 28
185 30
185 32
185 46
185 61
185 64
185 74
185 83
185 103
185 116
185 117
185 123
185 132
185 139
185 152
185 166
185 170
185 178
185 181
185 187
185 190
185 191
185 223
185 230
185 232
185 243
185 244
185 251
185 276
185 291
185 299
185 308
185 310
185 324
185 341
186 1
186 2
186 13
186 19
186 22
186 26
186 27
186 31
186 54
186 60
186 66
186 94
186 99
186 131
186 150
186 158
186 160
186 168
186 170
186 174
186 177
186 239
186 250
186 259
186 263
186 291
186 294
186 321
186 329
186 338
186 346
186 350
187 15
187 24
187 40
187 56
187 61
187 70
187 73
187 75
187 78
187 82
187 99
187 114
187 128
187 133
187 138
187 139
187 143
187 152
187 153
187 158
187 165
187 167
187 198
187 209
187 210
187 224
187 252
187 257
187 269
187 281
187 290
187 315
188 4
188 20
188 29
188 30
188 35
188 40
188 48
188 54
188 57
188 59
188 63
188 79
188 82
188 92
188 94
188 109
188 128
188 131
188 149
188 163
188 167
188 183
188 187
188 190
188 220
188 238
188 239
188 251
188 256
188 269
188 274
188 282
188 302
188 311
188 312
188 324
188 332
189 16
189 47
189 49
189 112
189 132
189 155
189 156
189 160
189 172
189 187
189 193
189 197
189 204
189 213
189 215
189 237
189 273
189 281
189 289
189 291
189 300
189 301
189 304
189 327
190 15
190 23
190 24
190 34
190 39
190 51
190 52
190 53
190 74
190 97
190 101
190 120
190 124
190 134
190 139
190 140
190 152
190 153
190 162
190 163
190 170
190 177
190 179
190 182
190 189
190 194
190 202
190 214
190 227
190 230
190 232
190 252
190 275
190 276
190 291
190 298
190 300
190 309
190 318
190 319
190 320
190 323
190 324
190 336
191 10
191 11
191 18
191 30
191 31
191 39
191 47
191 52
191 53
191 55
191 58
191 72
191 74
191 77
191 94
191 99
191 102
191 104
191 112
191 115
191 117
191 121
191 127
191 128
191 135
191 150
191 169
191 181
191 233
191 245
191 247
191 270
191 279
191 282
191 295
191 300
191 306
191 309
191 312
192 5
192 8
192 19
192 22
192 32
192 39
192 42
192 54
192 67
192 74
192 75
192 76
192 94
192 97
192 103
192 107
192 121
192 124
192 142
192 147
192 168
192 178
192 187
192 194
192 214
192 223
192 231
192 238
192 239
192 251
192 255
192 260
192 274
192 280
192 282
192 286
192 287
192 289
192 297
192 301
192 303
192 311
192 313
192 335
193 1
193 11
193 23
193 126
193 129
193 158
193 161
193 183
193 185
193 198
193 199
193 246
193 250
193 257
193 273
193 278
193 304
193 325
193 327
193 332
193 333
193 336
193 339
193 344
193 347
193 350
194 31
194 42
194 51
194 54
194 72
194 74
194 75
194 77
194 80
194 83
194 104
194 112
194 119
194 159
194 193
194 211
194 220
194 226
194 236
194 252
194 253
194 254
194 257
194 275
194 290
194 299
194 305
194 324
194 333
194 335
194 342
195 13
195 18
195 19
195 36
195 43
195 65
195 68
195 80
195 90
195 119
195 130
195 136
195 141
195 147
195 156
195 176
195 183
195 207
195 225
195 227
195 239
195 247
195 256
195 258
195 259
195 266
195 268
195 313
195 316
195 331
195 347
196 7
196 9
196 13
196 18
196 21
196 44
196 45
196 47
196 72
196 76
196 77
196 78
196 79
196 81
196 90
196 93
196 110
196 129
196 142
196 160
196 171
196 174
196 181
196 182
196 183
196 189
196 225
196 229
196 233
196 252
196 288
196 301
196 309
196 326
196 338
197 7
197 14
197 63
197 68
197 74
197 89
197 90
197 95
197 101
197 103
197 123
197 145
197 150
197 152
197 157
197 160
197 167
197 168
197 171
197 183
197 190
197 213
197 222
197 234
197 241
197 254
197 264
197 281
197 290
197 291
197 293
197 314
197 316
197 320
197 341
197 350
198 10
198 33
198 35
198 43
198 44
198 56
198 70
198 74
198 86
198 98
198 116
198 119
198 136
198 150
198 161
198 165
198 168
198 174
198 213
198 215
198 216
198 219
198 230
198 243
198 257
198 258
198 259
198 260
198 269
198 270
198 274
198 289
198 292
198 307
198 312
198 321
198 328
198 337
198 344
198 345
199 18
199 27
199 30
199 32
199 35
199 49
199 52
199 59
199 64
199 66
199 67
199 93
199 107
199 116
199 121
199 138
199 152
199 157
199 159
199 160
199 162
199 173
199 181
199 191
199 204
199 214
199 215
199 232
199 235
199 254
199 276
199 299
199 316
199 326
199 333
199 334
199 339
200 14
200 15
200 24
200 35
200 36
200 39
200 51
200 90
200 101
200 119
200 121
200 124
200 130
200 139
200 143
200 152
200 155
200 173
200 175
200 176
200 181
200 188
200 194
200 196
200 198
200 201
200 205
200 214
200 222
200 253
200 278
200 286
200 319
200 334
200 336
200 346
201 14
201 27
201 43
201 48
201 102
201 109
201 118
201 124
201 131
201 134
201 140
201 142
201 149
201 152
201 171
201 191
201 197
201 202
201 213
201 244
201 253
201 266
201 296
201 304
201 321
201 331
201 337
201 348
202 21
202 25
202 27
202 42
202 43
202 51
202 70
202 73
202 75
202 78
202 99
202 103
202 105
202 123
202 139
202 141
202 145
202 146
202 160
202 161
202 187
202 204
202 205
202 213
202 235
202 242
202 247
202 249
202 252
202 293
202 298
202 300
202 308
202 309
202 343
202 350
203 6
203 12
203 15
203 37
203 50
203 53
203 57
203 64
203 71
203 83
203 100
203 119
203 144
203 159
203 168
203 172
203 196
203 215
203 221
203 228
203 237
203 251
203 255
203 267
203 274
203 279
203 281
203 285
203 290
203 305
203 310
203 313
203 315
203 324
203 328
203 349
204 28
204 33
204 46
204 47
204 51
204 60
204 77
204 79
204 126
204 137
204 148
204 151
204 166
204 175
204 208
204 210
204 211
204 221
204 229
204 232
204 239
204 265
204 284
204 303
204 321
204 323
204 328
204 335
205 8
205 16
205 22
205 29
205 54
205 84
205 90
205 97
205 98
205 134
205 138
205 148
205 159
205 164
205 177
205 233
205 246
205 260
205 301
205 310
205 327
205 333
206 5
206 16
206 19
206 23
206 26
206 30
206 62
206 63
206 80
206 86
206 102
206 106
206 123
206 127
206 131
206 159
206 164
206 171
206 174
206 179
206 188
206 196
206 268
206 269
206 273
206 277
206 294
206 301
206 304
206 317
206 321
206 334
206 344
206 348
207 5
207 9
207 17
207 18
207 29
207 51
207 55
207 84
207 133
207 134
207 136
207 141
207 174
207 205
207 210
207 212
207 217
207 229
207 255
207 260
207 271
207 275
207 276
207 285
207 293
207 295
207 296
207 302
207 303
207 345
208 19
208 49
208 73
208 87
208 88
208 92
208 106
208 111
208 117
208 138
208 142
208 153
208 155
208 156
208 163
208 177
208 191
208 193
208 194
208 205
208 208
208 209
208 221
208 222
208 254
208 271
208 277
208 279
208 300
208 303
208 326
208 330
209 19
209 20
209 52
209 61
209 73
209 75
209 87
209 90
209 112
209 121
209 124
209 142
209 148
209 158
209 161
209 188
209 194
209 198
209 210
209 211
209 226
209 244
209 260
209 269
209 271
209 281
209 288
209 301
209 332
209 337
209 339
209 346
210 5
210 20
210 22
210 35
210 36
210 39
210 48
210 60
210 88
210 112
210 119
210 132
210 133
210 139
210 144
210 145
210 147
210 152
210 171
210 172
210 180
210 184
210 195
210 197
210 206
210 209
210 215
210 217
210 218
210 221
210 222
210 230
210 246
210 252
210 264
210 271
210 275
210 278
210 284
210 292
210 293
210 304
210 321
210 328
210 342
211 2
211 20
211 29
211 35
211 43
211 48
211 55
211 65
211 66
211 83
211 86
211 90
211 92
211 105
211 122
211 124
211 126
211 132
211 140
211 142
211 145
211 161
211 163
211 165
211 166
211 175
211 179
211 182
211 190
211 236
211 237
211 239
211 256
211 263
211 274
211 277
211 286
211 305
211 322
211 324
211 332
211 345
211 348
212 2
212 8
212 13
212 28
212 35
212 38
212 41
212 51
212 71
212 74
212 94
212 124
212 157
212 158
212 169
212 180
212 182
212 189
212 192
212 194
212 206
212 215
212 220
212 223
212 245
212 262
212 268
212 279
212 285
212 294
212 309
212 315
212 318
212 327
212 337
213 5
213 30
213 33
213 37
213 40
213 51
213 60
213 63
213 91
213 92
213 95
213 98
213 105
213 107
213 115
213 123
213 133
213 138
213 140
213 146
213 185
213 198
213 203
213 211
213 214
213 216
213 221
213 233
213 236
213 246
213 251
213 254
213 258
213 273
213 287
213 306
213 310
213 336
213 338
213 345
214 8
214 11
214 14
214 16
214 25
214 43
214 44
214 45
214 51
214 52
214 82
214 88
214 89
214 93
214 126
214 129
214 155
214 162
214 194
214 196
214 197
214 204
214 206
214 215
214 219
214 226
214 230
214 237
214 238
214 248
214 251
214 262
214 289
214 295
214 298
214 303
214 307
214 319
214 332
214 337
215 1
215 4
215 6
215 18
215 24
215 27
215 32
215 55
215 59
215 75
215 87
215 102
215 104
215 108
215 122
215 128
215 130
215 133
215 148
215 149
215 167
215 174
215 183
215 186
215 211
215 238
215 239
215 240
215 250
215 253
215 258
215 273
215 277
215 280
215 288
215 289
215 292
215 309
215 313
215 326
215 335
215 342
215 345
216 5
216 12
216 17
216 19
216 34
216 42
216 52
216 58
216 70
216 77
216 88
216 106
216 110
216 119
216 130
216 137
216 143
216 153
216 180
216 198
216 209
216 219
216 227
216 235
216 236
216 239
216 262
216 277
216 286
216 306
216 327
216 330
216 336
216 339
216 345
216 347
217 9
217 16
217 18
217 25
217 33
217 38
217 47
217 51
217 53
217 59
217 62
217 76
217 80
217 83
217 88
217 90
217 105
217 111
217 125
217 139
217 145
217 147
217 151
217 186
217 199
217 207
217 218
217 227
217 252
217 253
217 256
217 281
217 282
217 283
217 290
217 292
217 306
217 329
217 345
218 5
218 20
218 54
218 55
218 65
218 80
218 86
218 90
218 103
218 119
218 139
218 143
218 152
218 171
218 182
218 186
218 200
218 201
218 206
218 208
218 226
218 229
218 242
218 258
218 261
218 267
218 274
218 279
218 280
218 289
218 302
218 305
218 309
218 311
218 312
218 322
218 324
218 325
218 328
218 348
218 350
219 7
219 26
219 63
219 76
219 88
219 94
219 98
219 104
219 106
219 107
219 113
219 137
219 138
219 144
219 152
219 158
219 166
219 183
219 195
219 220
219 225
219 257
219 272
219 286
219 288
219 293
219 299
219 331
219 346
220 8
220 13
220 28
220 29
220 31
220 32
220 50
220 56
220 98
220 102
220 109
220 113
220 137
220 158
220 160
220 168
220 171
220 173
220 185
220 188
220 192
220 196
220 200
220 216
220 233
220 280
220 313
220 319
220 330
221 19
221 29
221 32
221 38
221 46
221 49
221 69
221 75
221 77
221 87
221 105
221 118
221 129
221 135
221 147
221 151
221 160
221 162
221 170
221 173
221 177
221 188
221 190
221 215
221 216
221 240
221 250
221 258
221 261
221 263
221 266
221 284
221 292
221 297
221 334
221 342
221 344
222 5
222 12
222 36
222 44
222 50
222 61
222 64
222 65
222 69
222 71
222 87
222 94
222 95
222 97
222 98
222 109
222 122
222 156
222 161
222 184
222 189
222 191
222 212
222 214
222 234
222 241
222 248
222 265
222 268
222 273
222 274
222 275
222 290
222 296
222 322
222 348
223 3
223 19
223 21
223 24
223 32
223 52
223 63
223 86
223 90
223 102
223 107
223 122
223 139
223 144
223 148
223 152
223 157
223 161
223 170
223 176
223 178
223 184
223 188
223 190
223 193
223 229
223 234
223 244
223 255
223 261
223 300
223 308
223 318
223 328
224 3
224 8
224 15
224 41
224 43
224 54
224 74
224 94
224 104
224 112
224 132
224 135
224 145
224 156
224 176
224 179
224 195
224 197
224 202
224 205
224 211
224 215
224 221
224 223
224 226
224 231
224 241
224 243
224 259
224 261
224 289
224 296
224 297
224 305
224 313
224 330
224 350
225 6
225 10
225 11
225 16
225 26
225 37
225 55
225 56
225 59
225 60
225 104
225 133
225 145
225 184
225 200
225 218
225 221
225 230
225 247
225 279
225 285
225 295
225 320
225 337
225 343
225 348
226 3
226 9
226 20
226 37
226 39
226 62
226 68
226 73
226 115
226 132
226 136
226 159
226 167
226 170
226 176
226 185
226 193
226 194
226 209
226 210
226 236
226 247
226 248
226 253
226 270
226 290
226 294
226 305
226 316
226 319
226 327
226 331
226 332
226 334
227 1
227 7
227 22
227 32
227 38
227 42
227 43
227 49
227 56
227 57
227 93
227 99
227 107
227 130
227 132
227 134
227 136
227 139
227 143
227 156
227 162
227 165
227 186
227 214
227 215
227 236
227 237
227 254
227 256
227 258
227 281
227 284
227 286
227 291
227 297
227 302
227 304
227 328
227 333
227 340
227 348
228 36
228 43
228 61
228 68
228 69
228 78
228 122
228 124
228 125
228 126
228 140
228 147
228 153
228 154
228 155
228 168
228 185
228 199
228 203
228 214
228 219
228 224
228 226
228 229
228 232
228 244
228 260
228 261
228 282
228 290
228 302
228 307
228 310
228 319
228 323
228 340
228 348
229 6
229 32
229 42
229 54
229 56
229 59
229 79
229 107
229 110
229 139
229 141
229 164
229 189
229 191
229 212
229 249
229 280
229 282
229 296
229 321
229 330
229 332
230 3
230 17
230 18
230 24
230 40
230 45
230 47
230 55
230 77
230 85
230 93
230 120
230 123
230 124
230 125
230 138
230 143
230 162
230 165
230 168
230 181
230 182
230 187
230 193
230 201
230 202
230 204
230 213
230 216
230 245
230 247
230 255
230 258
230 264
230 267
230 272
230 278
230 279
230 286
230 317
230 318
230 329
230 337
230 343
231 9
231 22
231 42
231 82
231 115
231 122
231 124
231 133
231 177
231 178
231 194
231 196
231 202
231 233
231 243
231 249
231 251
231 258
231 263
231 277
231 282
231 289
231 295
231 312
231 318
231 320
231 339
231 340
231 341
231 345
231 348
232 7
232 14
232 15
232 16
232 20
232 21
232 24
232 41
232 54
232 64
232 76
232 84
232 90
232 97
232 106
232 132
232 135
232 153
232 157
232 174
232 180
232 214
232 229
232 230
232 245
232 258
232 273
232 293
232 307
232 308
232 350
233 1
233 15
233 16
233 20
233 54
233 62
233 81
233 99
233 100
233 103
233 107
233 111
233 114
233 120
233 128
233 145
233 157
233 196
233 204
233 213
233 218
233 223
233 245
233 253
233 254
233 262
233 274
233 282
233 306
233 330
233 348
234 6
234 16
234 26
234 29
234 41
234 81
234 90
234 92
234 94
234 105
234 138
234 140
234 155
234 164
234 177
234 181
234 183
234 184
234 189
234 190
234 194
234 204
234 226
234 248
234 264
234 299
234 312
234 313
234 322
234 323
234 329
234 336
234 344
234 347
235 11
235 23
235 24
235 37
235 41
235 52
235 60
235 73
235 75
235 80
235 85
235 86
235 107
235 110
235 116
235 133
235 135
235 143
235 151
235 153
235 155
235 172
235 193
235 199
235 201
235 210
235 212
235 219
235 222
235 227
235 234
235 247
235 248
235 251
235 252
235 258
235 259
235 270
235 279
235 280
235 303
235 306
235 308
235 330
235 337
236 15
236 20
236 23
236 55
236 59
236 63
236 84
236 105
236 125
236 161
236 164
236 183
236 208
236 214
236 218
236 223
236 232
236 241
236 245
236 264
236 268
236 270
236 272
236 273
236 281
236 285
236 292
236 294
236 298
236 307
236 309
236 313
237 7
237 22
237 23
237 33
237 39
237 53
237 79
237 82
237 132
237 150
237 156
237 162
237 189
237 207
237 211
237 216
237 219
237 223
237 226
237 244
237 268
237 281
237 282
237 285
237 290
237 300
237 302
237 318
237 320
237 329
237 336
237 340
237 342
237 350
238 12
238 18
238 20
238 41
238 74
238 77
238 86
238 88
238 99
238 104
238 115
238 152
238 161
238 169
238 176
238 178
238 193
238 196
238 198
238 250
238 261
238 291
238 295
238 298
238 306
238 309
238 311
238 326
238 329
238 350
239 9
239 36
239 50
239 61
239 70
239 72
239 81
239 110
239 126
239 130
239 142
239 144
239 156
239 159
239 165
239 166
239 173
239 186
239 188
239 203
239 209
239 247
239 255
239 256
239 263
239 271
239 274
239 277
239 285
239 298
239 309
239 310
239 328
239 346
240 9
240 12
240 42
240 65
240 73
240 80
240 94
240 102
240 109
240 113
240 145
240 146
240 154
240 182
240 188
240 209
240 222
240 226
240 233
240 250
240 256
240 258
240 289
240 291
240 301
240 303
240 328
240 330
241 17
241 29
241 36
241 38
241 60
241 61
241 66
241 68
241 76
241 88
241 98
241 99
241 101
241 103
241 106
241 122
241 128
241 138
241 144
241 160
241 181
241 191
241 202
241 214
241 215
241 217
241 229
241 262
241 281
241 290
241 330
241 336
241 341
242 5
242 8
242 20
242 30
242 37
242 41
242 45
242 51
242 64
242 69
242 74
242 79
242 87
242 89
242 95
242 98
242 104
242 105
242 111
242 137
242 144
242 150
242 151
242 165
242 174
242 175
242 183
242 191
242 203
242 225
242 266
242 277
242 297
242 298
242 301
242 313
242 327
242 333
243 8
243 13
243 14
243 23
243 25
243 41
243 46
243 51
243 65
243 66
243 84
243 85
243 93
243 109
243 118
243 132
243 145
243 155
243 169
243 170
243 173
243 187
243 195
243 224
243 229
243 235
243 249
243 250
243 253
243 277
243 280
243 318
244 1
244 8
244 17
244 34
244 49
244 51
244 63
244 73
244 79
244 98
244 101
244 110
244 120
244 121
244 124
244 125
244 141
244 163
244 186
244 201
244 209
244 210
244 211
244 218
244 224
244 229
244 241
244 247
244 251
244 272
244 277
244 284
244 286
244 323
244 338
244 345
244 350
245 24
245 27
245 34
245 53
245 66
245 67
245 82
245 97
245 98
245 104
245 110
245 111
245 117
245 125
245 127
245 143
245 146
245 150
245 175
245 177
245 181
245 182
245 183
245 191
245 200
245 201
245 203
245 204
245 217
245 228
245 232
245 234
245 254
245 262
245 263
245 265
245 282
245 300
245 301
245 309
245 312
245 318
245 330
245 336
245 337
245 340
245 341
245 344
246 5
246 8
246 36
246 44
246 58
246 61
246 73
246 75
246 78
246 87
246 89
246 90
246 111
246 119
246 122
246 135
246 138
246 151
246 157
246 165
246 174
246 179
246 192
246 217
246 220
246 262
246 268
246 271
246 272
246 276
246 286
246 300
246 333
246 339
247 4
247 5
247 7
247 15
247 33
247 39
247 53
247 56
247 60
247 78
247 111
247 122
247 149
247 180
247 181
247 190
247 193
247 216
247 218
247 227
247 239
247 249
247 279
247 282
247 288
247 295
247 333
247 346
248 16
248 17
248 30
248 31
248 41
248 46
248 55
248 59
248 102
248 124
248 146
248 158
248 173
248 178
248 184
248 185
248 203
248 215
248 221
248 223
248 228
248 233
248 251
248 260
248 270
248 284
248 311
249 5
249 6
249 8
249 10
249 14
249 16
249 19
249 27
249 32
249 39
249 46
249 51
249 56
249 60
249 64
249 67
249 69
249 75
249 80
249 101
249 107
249 117
249 126
249 162
249 167
249 168
249 171
249 182
249 191
249 205
249 206
249 219
249 224
249 243
249 263
249 273
249 302
249 322
249 325
249 332
249 344
249 346
250 10
250 16
250 23
250 25
250 28
250 39
250 79
250 81
250 104
250 111
250 114
250 116
250 128
250 129
250 142
250 144
250 153
250 166
250 176
250 177
250 191
250 192
250 211
250 213
250 215
250 258
250 280
250 283
250 294
250 303
250 307
250 327
250 338
250 342
250 343
250 350
251 4
251 8
251 16
251 17
251 30
251 38
251 41
251 55
251 56
251 83
251 89
251 113
251 122
251 131
251 139
251 141
251 143
251 159
251 173
251 192
251 206
251 207
251 211
251 215
251 223
251 244
251 264
251 279
251 287
251 307
251 314
251 328
251 329
251 331
251 334
251 335
251 336
251 337
252 36
252 43
252 53
252 65
252 66
252 71
252 88
252 101
252 107
252 113
252 121
252 147
252 198
252 200
252 206
252 220
252 225
252 227
252 229
252 244
252 252
252 257
252 260
252 263
252 269
252 301
252 306
252 315
252 318
252 340
253 6
253 13
253 28
253 30
253 35
253 38
253 59
253 69
253 95
253 154
253 161
253 162
253 165
253 185
253 202
253 204
253 214
253 223
253 231
253 239
253 244
253 245
253 262
253 283
253 293
253 302
253 308
253 310
253 324
253 333
253 347
254 23
254 32
254 43
254 54
254 62
254 76
254 82
254 97
254 118
254 120
254 130
254 137
254 146
254 149
254 173
254 195
254 202
254 207
254 227
254 233
254 234
254 241
254 249
254 260
254 287
254 294
254 303
254 308
254 317
254 333
254 341
254 342
254 348
255 45
255 56
255 60
255 61
255 79
255 86
255 91
255 93
255 122
255 123
255 142
255 152
255 156
255 180
255 182
255 189
255 193
255 202
255 206
255 207
255 235
255 245
255 255
255 263
255 268
255 278
255 293
255 299
255 322
255 326
256 2
256 16
256 30
256 33
256 34
256 41
256 55
256 57
256 67
256 84
256 89
256 102
256 108
256 111
256 118
256 125
256 143
256 151
256 153
256 158
256 166
256 173
256 175
256 178
256 189
256 200
256 210
256 217
256 221
256 233
256 241
256 259
256 299
256 306
256 317
256 319
256 339
257 10
257 24
257 26
257 35
257 44
257 65
257 70
257 91
257 95
257 111
257 124
257 125
257 126
257 127
257 128
257 134
257 155
257 158
257 171
257 172
257 184
257 193
257 199
257 210
257 229
257 251
257 257
257 262
257 284
257 293
257 294
257 306
257 321
257 331
257 341
258 4
258 12
258 15
258 36
258 38
258 49
258 50
258 105
258 109
258 121
258 124
258 135
258 160
258 167
258 171
258 178
258 197
258 217
258 221
258 222
258 224
258 282
258 292
258 294
258 305
258 308
258 322
258 323
258 330
258 350
259 5
259 16
259 17
259 24
259 28
259 62
259 80
259 93
259 100
259 117
259 142
259 143
259 154
259 157
259 162
259 172
259 178
259 192
259 206
259 212
259 215
259 226
259 238
259 250
259 251
259 252
259 257
259 269
259 272
259 290
259 291
259 321
259 328
259 331
259 336
259 343
259 349
260 15
260 36
260 91
260 101
260 107
260 123
260 125
260 135
260 150
260 157
260 173
260 174
260 181
260 186
260 189
260 200
260 205
260 229
260 234
260 250
260 261
260 273
260 287
260 313
260 332
260 334
260 341
261 11
261 15
261 16
261 48
261 50
261 59
261 60
261 61
261 68
261 80
261 81
261 88
261 93
261 96
261 106
261 107
261 113
261 124
261 126
261 128
261 132
261 135
261 143
261 150
261 156
261 165
261 183
261 187
261 202
261 205
261 207
261 211
261 223
261 224
261 225
261 230
261 248
261 249
261 259
261 268
261 273
261 290
261 293
261 328
262 21
262 24
262 29
262 40
262 42
262 45
262 53
262 59
262 67
262 71
262 73
262 96
262 99
262 100
262 101
262 110
262 117
262 120
262 142
262 161
262 167
262 172
262 179
262 181
262 186
262 211
262 250
262 272
262 284
262 286
262 287
262 289
262 308
262 323
262 330
262 336
263 7
263 21
263 22
263 48
263 51
263 66
263 75
263 87
263 106
263 110
263 114
263 121
263 136
263 139
263 145
263 161
263 165
263 213
263 219
263 224
263 231
263 250
263 257
263 260
263 276
263 281
263 287
263 302
263 315
263 316
263 326
263 327
263 337
263 347
264 12
264 23
264 40
264 42
264 55
264 56
264 61
264 64
264 71
264 80
264 130
264 152
264 172
264 177
264 199
264 202
264 241
264 258
264 262
264 265
264 266
264 275
264 282
264 286
264 295
264 318
264 325
264 342
264 347
265 17
265 21
265 23
265 32
265 33
265 34
265 43
265 44
265 48
265 75
265 76
265 120
265 129
265 153
265 158
265 159
265 162
265 168
265 178
265 189
265 198
265 199
265 222
265 230
265 232
265 254
265 279
265 281
265 285
265 290
265 309
265 310
265 319
265 329
265 336
265 337
266 5
266 8
266 9
266 32
266 36
266 45
266 55
266 74
266 91
266 101
266 140
266 143
266 145
266 147
266 157
266 189
266 191
266 194
266 218
266 250
266 258
266 289
266 293
266 302
266 305
266 320
266 338
266 339
267 3
267 10
267 15
267 23
267 48
267 71
267 72
267 76
267 98
267 105
267 156
267 157
267 175
267 180
267 185
267 187
267 203
267 215
267 224
267 226
267 248
267 254
267 262
267 290
267 293
267 299
267 306
267 308
267 312
267 325
268 5
268 9
268 17
268 20
268 23
268 33
268 64
268 74
268 88
268 92
268 100
268 101
268 108
268 117
268 138
268 152
268 155
268 162
268 181
268 208
268 217
268 225
268 227
268 246
268 287
268 293
268 308
268 309
268 321
268 336
268 337
269 1
269 4
269 7
269 16
269 23
269 26
269 28
269 29
269 34
269 38
269 51
269 55
269 61
269 74
269 96
269 103
269 110
269 119
269 123
269 128
269 151
269 153
269 162
269 166
269 167
269 180
269 193
269 201
269 204
269 235
269 244
269 246
269 250
269 252
269 257
269 269
269 293
269 301
269 316
269 317
269 341
270 6
270 19
270 29
270 32
270 35
270 48
270 54
270 85
270 91
270 97
270 109
270 115
270 158
270 159
270 162
270 167
270 178
270 188
270 221
270 229
270 236
270 240
270 250
270 251
270 256
270 269
270 282
270 287
270 289
270 316
270 326
270 338
270 340
271 31
271 63
271 71
271 78
271 83
271 94
271 96
271 101
271 102
271 103
271 116
271 123
271 129
271 136
271 138
271 153
271 167
271 187
271 216
271 218
271 227
271 232
271 251
271 252
271 277
271 292
271 299
271 304
271 307
271 315
271 342
272 8
272 15
272 27
272 44
272 50
272 51
272 73
272 102
272 123
272 145
272 146
272 147
272 154
272 166
272 175
272 180
272 182
272 194
272 208
272 213
272 215
272 217
272 218
272 231
272 236
272 238
272 239
272 246
272 261
272 277
272 287
272 292
272 295
272 338
272 342
272 345
273 6
273 8
273 22
273 33
273 37
273 42
273 57
273 62
273 73
273 82
273 85
273 95
273 113
273 116
273 120
273 128
273 139
273 140
273 144
273 162
273 173
273 177
273 179
273 181
273 183
273 193
273 203
273 206
273 220
273 263
273 278
273 280
273 304
273 308
273 312
273 319
273 320
273 326
273 343
273 348
274 5
274 11
274 12
274 30
274 38
274 41
274 78
274 86
274 87
274 102
274 117
274 119
274 125
274 141
274 145
274 160
274 161
274 163
274 176
274 193
274 206
274 213
274 252
274 265
274 281
274 290
274 306
274 316
274 325
274 342
275 31
275 39
275 45
275 75
275 86
275 92
275 96
275 99
275 129
275 148
275 157
275 167
275 170
275 175
275 186
275 207
275 214
275 226
275 243
275 250
275 261
275 278
275 284
275 291
275 300
275 306
275 311
275 333
275 336
276 6
276 8
276 18
276 23
276 28
276 41
276 47
276 55
276 61
276 67
276 73
276 78
276 82
276 92
276 108
276 120
276 121
276 126
276 132
276 141
276 144
276 149
276 167
276 175
276 178
276 183
276 191
276 192
276 194
276 199
276 220
276 249
276 294
276 296
276 305
276 348
277 17
277 20
277 50
277 52
277 53
277 54
277 58
277 62
277 63
277 77
277 90
277 92
277 93
277 106
277 111
277 114
277 115
277 126
277 130
277 146
277 152
277 172
277 179
277 201
277 218
277 221
277 247
277 254
277 278
277 292
277 297
277 309
278 3
278 5
278 11
278 24
278 47
278 48
278 52
278 72
278 79
278 115
278 126
278 135
278 142
278 146
278 155
278 174
278 185
278 202
278 214
278 231
278 237
278 264
278 270
278 287
278 292
278 297
278 300
278 314
278 320
278 335
278 342
278 344
279 5
279 11
279 12
279 31
279 53
279 60
279 70
279 79
279 85
279 108
279 179
279 183
279 185
279 190
279 199
279 205
279 206
279 207
279 210
279 213
279 219
279 221
279 222
279 229
279 231
279 266
279 291
279 293
279 295
279 301
279 321
279 322
279 323
279 340
280 3
280 8
280 12
280 37
280 44
280 50
280 54
280 57
280 68
280 87
280 89
280 96
280 98
280 101
280 104
280 113
280 145
280 146
280 166
280 177
280 189
280 232
280 245
280 250
280 273
280 277
280 285
280 304
280 308
280 318
280 337
281 2
281 5
281 16
281 17
281 40
281 52
281 75
281 94
281 111
281 112
281 135
281 137
281 140
281 153
281 154
281 160
281 161
281 189
281 190
281 203
281 204
281 208
281 211
281 220
281 231
281 236
281 244
281 277
281 283
281 284
281 286
281 303
281 304
281 341
282 1
282 7
282 18
282 24
282 32
282 33
282 63
282 81
282 117
282 127
282 143
282 154
282 160
282 169
282 178
282 180
282 184
282 200
282 226
282 230
282 231
282 234
282 247
282 250
282 270
282 272
282 273
282 302
282 316
282 348
283 18
283 20
283 24
283 56
283 72
283 79
283 81
283 123
283 128
283 133
283 152
283 168
283 174
283 175
283 183
283 184
283 187
283 189
283 197
283 202
283 206
283 215
283 218
283 230
283 237
283 238
283 249
283 284
283 303
283 309
283 313
284 14
284 25
284 27
284 29
284 39
284 51
284 59
284 64
284 69
284 75
284 93
284 106
284 112
284 113
284 115
284 128
284 178
284 179
284 183
284 195
284 199
284 224
284 236
284 243
284 248
284 253
284 264
284 265
284 266
284 272
284 285
284 294
284 298
284 304
284 310
284 333
285 9
285 10
285 28
285 52
285 53
285 61
285 72
285 85
285 94
285 103
285 108
285 124
285 131
285 147
285 154
285 155
285 200
285 203
285 215
285 233
285 236
285 243
285 256
285 263
285 288
285 306
285 320
285 321
285 324
285 341
285 344
286 8
286 15
286 32
286 38
286 39
286 41
286 69
286 83
286 88
286 102
286 124
286 131
286 153
286 186
286 188
286 204
286 225
286 232
286 237
286 238
286 242
286 248
286 258
286 259
286 285
286 296
286 300
286 310
286 321
286 323
286 335
286 337
286 346
287 17
287 23
287 33
287 67
287 76
287 95
287 96
287 98
287 114
287 119
287 122
287 158
287 161
287 164
287 170
287 186
287 225
287 232
287 239
287 247
287 249
287 257
287 267
287 271
287 285
287 303
287 320
287 324
287 327
287 333
287 335
287 339
288 4
288 14
288 16
288 20
288 29
288 40
288 43
288 44
288 47
288 54
288 56
288 69
288 78
288 80
288 81
288 83
288 91
288 99
288 113
288 128
288 131
288 136
288 140
288 161
288 162
288 175
288 179
288 180
288 182
288 204
288 234
288 241
288 245
288 248
288 257
288 267
288 294
288 296
288 311
288 314
288 322
288 325
288 329
288 333
289 1
289 32
289 57
289 58
289 61
289 88
289 89
289 92
289 95
289 107
289 132
289 152
289 163
289 165
289 188
289 192
289 193
289 202
289 215
289 216
289 224
289 227
289 230
289 248
289 266
289 278
289 284
289 297
289 301
289 305
289 324
289 349
289 350
290 14
290 23
290 46
290 63
290 71
290 72
290 76
290 80
290 98
290 143
290 145
290 149
290 150
290 164
290 190
290 207
290 210
290 230
290 235
290 236
290 260
290 278
290 291
290 308
290 322
290 326
290 331
290 347
290 348
291 4
291 9
291 11
291 21
291 31
291 52
291 56
291 72
291 78
291 79
291 83
291 94
291 95
291 102
291 117
291 120
291 139
291 140
291 141
291 145
291 147
291 169
291 172
291 174
291 177
291 189
291 191
291 250
291 259
291 290
291 294
291 299
291 304
292 7
292 16
292 31
292 44
292 48
292 50
292 66
292 67
292 76
292 91
292 133
292 145
292 147
292 166
292 170
292 176
292 180
292 197
292 203
292 211
292 216
292 219
292 256
292 270
292 283
292 284
292 297
292 298
292 299
292 302
292 307
292 331
293 2
293 3
293 21
293 26
293 27
293 41
293 44
293 48
293 54
293 63
293 79
293 99
293 117
293 161
293 168
293 183
293 190
293 195
293 197
293 203
293 204
293 205
293 207
293 233
293 234
293 238
293 239
293 248
293 251
293 254
293 264
293 275
293 277
293 281
293 295
293 296
293 325
293 328
293 333
293 341
293 348
294 13
294 17
294 21
294 37
294 42
294 53
294 54
294 83
294 99
294 106
294 114
294 145
294 150
294 155
294 163
294 171
294 175
294 181
294 187
294 188
294 190
294 196
294 212
294 214
294 218
294 220
294 226
294 258
294 280
294 283
294 289
294 292
294 294
294 306
294 309
294 330
295 21
295 29
295 32
295 38
295 51
295 55
295 59
295 67
295 87
295 98
295 119
295 120
295 127
295 129
295 142
295 143
295 148
295 155
295 156
295 158
295 176
295 178
295 185
295 227
295 235
295 241
295 246
295 252
295 263
295 266
295 287
295 297
295 312
295 324
295 335
295 344
296 24
296 26
296 29
296 34
296 60
296 61
296 85
296 89
296 102
296 117
296 119
296 123
296 127
296 134
296 143
296 147
296 151
296 159
296 173
296 181
296 186
296 192
296 234
296 235
296 242
296 245
296 246
296 260
296 269
296 271
296 281
296 282
296 286
296 298
296 312
296 318
296 327
296 341
297 10
297 37
297 42
297 53
297 59
297 63
297 78
297 98
297 106
297 112
297 118
297 123
297 129
297 160
297 168
297 170
297 207
297 213
297 223
297 233
297 244
297 246
297 247
297 259
297 264
297 266
297 295
297 303
297 312
297 320
297 323
297 329
297 337
297 338
298 31
298 53
298 77
298 90
298 105
298 110
298 115
298 129
298 169
298 177
298 179
298 201
298 204
298 215
298 219
298 238
298 288
298 291
298 296
298 298
298 303
298 310
298 318
298 325
298 334
298 343
298 347
299 44
299 54
299 70
299 74
299 85
299 86
299 88
299 89
299 97
299 109
299 116
299 143
299 177
299 183
299 185
299 187
299 193
299 205
299 225
299 229
299 246
299 247
299 280
299 285
299 312
299 315
300 15
300 20
300 22
300 35
300 64
300 75
300 86
300 93
300 101
300 118
300 147
300 161
300 169
300 176
300 179
300 206
300 213
300 219
300 223
300 241
300 276
300 286
300 292
300 297
300 312
300 315
300 341
300 347
301 2
301 3
301 27
301 42
301 54
301 69
301 88
301 116
301 117
301 136
301 139
301 156
301 164
301 168
301 178
301 188
301 218
301 223
301 227
301 245
301 258
301 263
301 267
301 278
301 283
301 311
301 324
301 332
301 347
301 350
302 8
302 24
302 28
302 29
302 36
302 46
302 47
302 56
302 73
302 75
302 76
302 82
302 99
302 113
302 123
302 153
302 162
302 181
302 190
302 196
302 200
302 204
302 219
302 230
302 264
302 268
302 274
302 277
302 285
302 290
302 291
302 308
302 318
302 336
303 1
303 18
303 22
303 23
303 29
303 30
303 33
303 78
303 87
303 96
303 128
303 135
303 141
303 144
303 156
303 175
303 182
303 183
303 185
303 210
303 215
303 227
303 256
303 265
303 266
303 268
303 269
303 277
303 279
303 315
303 319
303 322
303 329
303 340
304 1
304 2
304 3
304 9
304 38
304 42
304 50
304 64
304 71
304 89
304 98
304 106
304 120
304 121
304 126
304 128
304 131
304 135
304 138
304 140
304 151
304 158
304 163
304 164
304 178
304 179
304 187
304 202
304 203
304 218
304 221
304 236
304 239
304 242
304 250
304 253
304 254
304 262
304 267
304 276
304 291
304 299
304 315
304 319
304 324
304 350
305 3
305 6
305 22
305 26
305 27
305 35
305 47
305 52
305 54
305 60
305 61
305 73
305 91
305 99
305 116
305 118
305 131
305 132
305 135
305 149
305 179
305 181
305 214
305 219
305 228
305 232
305 241
305 244
305 247
305 255
305 266
305 267
305 271
305 273
305 282
305 287
305 292
305 294
305 299
305 316
305 324
305 326
305 333
305 340
305 350
306 20
306 26
306 29
306 31
306 66
306 80
306 81
306 100
306 103
306 143
306 163
306 177
306 184
306 198
306 202
306 209
306 213
306 217
306 232
306 240
306 249
306 266
306 269
306 283
306 302
306 308
306 319
306 336
306 339
307 10
307 11
307 28
307 54
307 60
307 64
307 76
307 78
307 80
307 84
307 86
307 96
307 100
307 116
307 123
307 141
307 151
307 157
307 158
307 165
307 167
307 169
307 183
307 188
307 196
307 206
307 215
307 216
307 221
307 222
307 243
307 253
307 254
307 259
307 264
307 265
307 282
307 284
307 293
307 319
307 326
307 328
307 329
307 339
308 1
308 14
308 19
308 41
308 45
308 65
308 94
308 107
308 112
308 124
308 136
308 150
308 151
308 168
308 183
308 187
308 190
308 193
308 197
308 214
308 244
308 261
308 281
308 300
308 305
308 306
308 309
308 314
308 339
309 7
309 34
309 37
309 38
309 45
309 58
309 66
309 76
309 79
309 80
309 84
309 89
309 92
309 93
309 122
309 144
309 204
309 215
309 224
309 239
309 255
309 262
309 268
309 279
309 283
309 284
309 293
309 306
309 311
309 320
309 322
309 326
309 327
309 337
310 25
310 28
310 33
310 37
310 45
310 60
310 62
310 65
310 80
310 84
310 97
310 103
310 107
310 115
310 121
310 146
310 151
310 152
310 157
310 183
310 187
310 188
310 193
310 197
310 198
310 214
310 232
310 236
310 237
310 244
310 259
310 265
310 310
310 333
310 335
310 343
310 344
310 345
311 9
311 11
311 13
311 26
311 35
311 37
311 44
311 47
311 59
311 65
311 74
311 97
311 98
311 114
311 125
311 146
311 155
311 160
311 181
311 195
311 200
311 206
311 208
311 233
311 235
311 244
311 263
311 276
311 282
311 293
311 302
311 309
311 313
311 320
311 326
311 338
311 345
312 33
312 36
312 41
312 45
312 76
312 78
312 95
312 104
312 125
312 136
312 137
312 144
312 147
312 158
312 164
312 165
312 189
312 190
312 197
312 214
312 215
312 247
312 254
312 260
312 272
312 274
312 285
312 286
312 299
312 333
313 6
313 20
313 36
313 69
313 76
313 94
313 96
313 120
313 132
313 152
313 162
313 163
313 175
313 180
313 189
313 199
313 200
313 204
313 207
313 208
313 214
313 224
313 231
313 248
313 250
313 261
313 263
313 276
313 283
313 291
313 292
313 300
313 301
313 310
313 312
313 313
313 319
313 344
314 19
314 21
314 31
314 79
314 91
314 113
314 117
314 120
314 129
314 139
314 145
314 162
314 187
314 255
314 270
314 274
314 278
314 289
314 290
314 299
314 303
314 318
314 339
314 350
315 7
315 8
315 34
315 41
315 43
315 51
315 69
315 90
315 92
315 94
315 96
315 105
315 120
315 123
315 133
315 146
315 149
315 152
315 164
315 167
315 179
315 182
315 183
315 206
315 214
315 227
315 228
315 241
315 247
315 250
315 253
315 266
315 272
315 274
315 283
315 288
315 296
315 318
315 327
316 8
316 35
316 64
316 68
316 69
316 79
316 80
316 85
316 101
316 102
316 116
316 118
316 126
316 136
316 139
316 140
316 143
316 145
316 146
316 161
316 164
316 166
316 167
316 177
316 195
316 218
316 221
316 225
316 230
316 231
316 239
316 252
316 270
316 288
316 290
316 302
316 304
316 316
316 323
316 327
316 337
316 338
316 347
317 10
317 13
317 26
317 36
317 44
317 51
317 93
317 110
317 112
317 117
317 152
317 164
317 166
317 176
317 184
317 185
317 194
317 210
317 252
317 263
317 286
317 292
317 302
317 331
317 332
317 346
318 17
318 22
318 25
318 47
318 52
318 60
318 79
318 87
318 91
318 95
318 101
318 108
318 113
318 114
318 120
318 129
318 137
318 158
318 181
318 182
318 184
318 188
318 190
318 193
318 229
318 233
318 235
318 241
318 244
318 248
318 268
318 278
318 280
318 293
318 314
318 319
318 325
318 327
318 330
319 9
319 13
319 45
319 50
319 56
319 62
319 72
319 73
319 94
319 109
319 110
319 119
319 125
319 127
319 138
319 140
319 160
319 161
319 165
319 166
319 186
319 187
319 195
319 204
319 208
319 210
319 217
319 223
319 225
319 229
319 257
319 261
319 264
319 280
319 284
319 288
319 321
319 328
319 348
320 2
320 65
320 80
320 84
320 104
320 107
320 110
320 119
320 129
320 144
320 165
320 183
320 184
320 186
320 194
320 200
320 207
320 222
320 227
320 241
320 247
320 249
320 256
320 311
320 315
320 324
320 329
320 334
320 335
320 342
321 5
321 24
321 30
321 35
321 44
321 61
321 75
321 77
321 84
321 110
321 111
321 170
321 217
321 223
321 234
321 243
321 244
321 254
321 261
321 268
321 280
321 284
321 301
321 317
321 320
321 340
322 6
322 16
322 17
322 28
322 37
322 42
322 50
322 55
322 69
322 70
322 72
322 99
322 102
322 111
322 117
322 129
322 134
322 151
322 187
322 190
322 196
322 197
322 199
322 221
322 222
322 228
322 235
322 247
322 254
322 257
322 258
322 268
322 272
322 276
322 284
322 285
322 304
322 314
322 320
322 326
322 327
322 332
323 3
323 16
323 17
323 33
323 59
323 60
323 67
323 70
323 72
323 86
323 87
323 89
323 91
323 93
323 103
323 113
323 132
323 138
323 143
323 157
323 163
323 168
323 194
323 199
323 208
323 219
323 223
323 232
323 241
323 242
323 245
323 283
323 288
323 298
323 304
323 312
323 320
323 324
323 326
323 331
323 348
324 3
324 14
324 23
324 27
324 30
324 31
324 35
324 38
324 43
324 54
324 58
324 70
324 88
324 97
324 105
324 138
324 139
324 147
324 150
324 153
324 163
324 203
324 204
324 214
324 219
324 221
324 234
324 241
324 248
324 262
324 272
324 280
324 283
324 287
324 289
324 294
324 296
324 300
324 305
324 313
324 323
324 331
324 332
324 345
325 14
325 15
325 17
325 21
325 22
325 28
325 44
325 63
325 66
325 67
325 72
325 80
325 99
325 100
325 110
325 112
325 126
325 148
325 150
325 163
325 165
325 189
325 193
325 197
325 227
325 230
325 231
325 236
325 240
325 243
325 251
325 253
325 255
325 262
325 279
325 319
325 321
325 334
325 337
325 338
325 346
326 4
326 12
326 26
326 37
326 47
326 59
326 83
326 84
326 86
326 90
326 97
326 98
326 99
326 100
326 108
326 115
326 130
326 135
326 142
326 149
326 158
326 168
326 172
326 189
326 191
326 208
326 215
326 224
326 228
326 232
326 236
326 238
326 259
326 264
326 280
326 290
326 291
326 313
326 319
326 339
327 11
327 16
327 31
327 37
327 39
327 45
327 48
327 49
327 55
327 63
327 73
327 103
327 125
327 134
327 169
327 171
327 173
327 178
327 182
327 210
327 229
327 235
327 248
327 268
327 284
327 290
327 304
327 309
327 310
327 315
327 336
327 349
328 1
328 4
328 25
328 27
328 40
328 49
328 52
328 64
328 77
328 81
328 84
328 95
328 96
328 109
328 116
328 134
328 144
328 150
328 157
328 171
328 199
328 201
328 204
328 208
328 210
328 214
328 222
328 233
328 245
328 260
328 275
328 286
328 307
328 315
328 330
328 336
328 345
329 1
329 10
329 15
329 62
329 98
329 135
329 144
329 211
329 212
329 214
329 215
329 219
329 221
329 234
329 251
329 252
329 261
329 282
329 301
329 306
329 322
329 323
329 339
329 344
329 346
329 348
329 350
330 3
330 5
330 28
330 31
330 45
330 59
330 69
330 70
330 71
330 90
330 102
330 114
330 117
330 128
330 134
330 141
330 157
330 186
330 188
330 192
330 196
330 197
330 199
330 201
330 226
330 231
330 232
330 250
330 261
330 271
330 300
330 308
330 311
330 315
330 318
330 339
331 25
331 34
331 44
331 51
331 68
331 80
331 82
331 110
331 126
331 137
331 140
331 167
331 171
331 175
331 191
331 247
331 251
331 284
331 293
331 322
331 323
331 324
331 339
332 1
332 34
332 39
332 42
332 59
332 65
332 67
332 70
332 72
332 73
332 77
332 82
332 94
332 104
332 106
332 113
332 121
332 126
332 131
332 134
332 137
332 138
332 148
332 158
332 164
332 171
332 188
332 196
332 197
332 198
332 202
332 205
332 207
332 222
332 224
332 231
332 235
332 253
332 256
332 263
332 278
332 290
332 294
332 297
332 313
332 318
332 329
332 334
332 336
332 342
332 346
333 6
333 11
333 31
333 41
333 59
333 79
333 84
333 91
333 96
333 97
333 106
333 108
333 111
333 120
333 127
333 139
333 141
333 150
333 162
333 168
333 171
333 194
333 195
333 212
333 224
333 238
333 262
333 265
333 266
333 307
333 320
333 322
333 348
334 26
334 49
334 50
334 67
334 84
334 94
334 106
334 107
334 110
334 114
334 123
334 132
334 133
334 134
334 136
334 144
334 153
334 170
334 172
334 174
334 202
334 203
334 229
334 232
334 253
334 285
334 312
334 318
334 338
334 345
334 346
334 350
335 9
335 10
335 14
335 21
335 48
335 76
335 77
335 86
335 110
335 130
335 134
335 137
335 147
335 154
335 191
335 212
335 213
335 215
335 225
335 229
335 231
335 233
335 254
335 315
335 338
335 346
336 1
336 7
336 12
336 30
336 51
336 68
336 71
336 74
336 84
336 86
336 102
336 104
336 105
336 125
336 137
336 141
336 148
336 149
336 155
336 159
336 163
336 169
336 209
336 210
336 235
336 246
336 253
336 257
336 273
336 275
336 281
336 295
336 297
336 301
336 318
336 323
336 325
337 54
337 58
337 62
337 63
337 99
337 102
337 117
337 130
337 161
337 176
337 179
337 185
337 190
337 244
337 259
337 263
337 273
337 275
337 280
337 289
337 294
337 299
337 301
337 316
337 324
337 327
337 332
337 346
338 11
338 21
338 29
338 42
338 51
338 67
338 87
338 93
338 105
338 108
338 114
338 125
338 159
338 165
338 166
338 170
338 178
338 184
338 188
338 193
338 195
338 218
338 232
338 241
338 251
338 259
338 262
338 266
338 275
338 286
338 308
338 316
338 323
338 335
338 347
339 18
339 19
339 22
339 44
339 53
339 60
339 64
339 67
339 71
339 115
339 120
339 144
339 154
339 169
339 183
339 217
339 246
339 250
339 281
339 301
339 310
339 313
339 317
339 319
339 340
339 341
340 3
340 5
340 18
340 27
340 30
340 37
340 41
340 62
340 63
340 84
340 140
340 150
340 158
340 169
340 178
340 181
340 182
340 190
340 212
340 214
340 221
340 231
340 247
340 262
340 264
340 268
340 273
340 283
340 285
340 289
340 303
340 311
340 322
340 328
340 329
340 350
341 8
341 15
341 16
341 35
341 59
341 62
341 73
341 76
341 77
341 88
341 94
341 119
341 120
341 139
341 146
341 147
341 170
341 185
341 190
341 191
341 199
341 219
341 224
341 226
341 232
341 263
341 280
341 330
341 339
341 344
342 22
342 35
342 47
342 73
342 96
342 114
342 152
342 190
342 196
342 205
342 215
342 256
342 289
342 298
342 303
342 313
342 317
342 324
342 325
342 335
342 338
343 2
343 9
343 24
343 57
343 60
343 64
343 77
343 85
343 86
343 96
343 119
343 123
343 133
343 140
343 147
343 149
343 151
343 152
343 153
343 164
343 176
343 201
343 203
343 204
343 223
343 225
343 266
343 267
343 282
343 285
343 286
343 312
343 315
343 320
343 340
344 20
344 28
344 32
344 48
344 51
344 60
344 64
344 67
344 95
344 115
344 117
344 119
344 120
344 130
344 156
344 158
344 170
344 177
344 183
344 188
344 192
344 202
344 205
344 215
344 223
344 243
344 248
344 254
344 255
344 257
344 263
344 266
344 290
344 292
344 295
344 300
344 308
344 318
344 320
344 324
344 349
345 13
345 19
345 36
345 47
345 87
345 90
345 94
345 103
345 106
345 112
345 113
345 121
345 125
345 128
345 148
345 156
345 162
345 199
345 200
345 201
345 208
345 211
345 219
345 229
345 258
345 264
345 267
345 284
345 285
345 290
345 300
345 302
345 303
345 315
345 316
345 329
345 332
345 333
345 345
346 2
346 5
346 28
346 30
346 33
346 52
346 57
346 79
346 102
346 126
346 144
346 151
346 157
346 159
346 174
346 228
346 233
346 238
346 246
346 256
346 262
346 295
346 297
346 298
346 304
346 318
346 332
346 337
346 339
347 5
347 11
347 27
347 32
347 46
347 72
347 77
347 83
347 95
347 103
347 124
347 138
347 143
347 175
347 180
347 207
347 210
347 229
347 235
347 255
347 260
347 273
347 280
347 283
347 291
347 299
347 321
347 327
347 330
347 344
347 346
347 349
348 6
348 10
348 12
348 13
348 15
348 16
348 27
348 31
348 33
348 38
348 75
348 106
348 127
348 135
348 163
348 175
348 183
348 190
348 199
348 211
348 217
348 226
348 245
348 266
348 268
348 274
348 289
348 310
348 312
348 315
349 13
349 22
349 23
349 30
349 46
349 80
349 87
349 90
349 98
349 103
349 109
349 124
349 127
349 129
349 138
349 141
349 166
349 169
349 182
349 186
349 190
349 195
349 203
349 207
349 215
349 228
349 238
349 254
349 255
349 258
349 271
349 275
349 282
349 284
349 302
349 307
349 308
349 315
349 334
349 344
349 350
350 28
350 34
350 51
350 59
350 62
350 63
350 69
350 84
350 87
350 91
350 105
350 109
350 113
350 188
350 189
350 190
350 205
350 207
350 210
350 211
350 223
350 230
350 239
350 241
350 257
350 261
350 264
350 267
350 276
350 297
350 300
350 328
