100
1000
1 3
1 9
1 24
1 26
1 27
1 44
1 57
1 59
1 64
2 6
2 9
2 12
2 36
2 77
2 78
2 81
2 83
2 98
2 99
3 49
3 56
3 60
3 66
3 71
3 75
3 82
3 99
4 15
4 21
4 39
4 55
4 83
4 97
5 1
5 6
5 8
5 14
5 18
5 47
5 48
5 53
5 69
5 70
5 94
6 15
6 16
6 18
6 39
6 42
6 66
6 69
6 72
6 73
6 75
6 79
6 82
6 85
6 99
7 5
7 7
7 8
7 17
7 20
7 27
7 31
7 39
7 49
7 53
7 71
7 72
7 78
7 84
7 85
7 92
8 40
8 67
8 69
8 76
8 77
8 86
8 95
9 2
9 30
9 52
9 62
9 85
10 3
10 28
10 43
10 68
10 69
10 79
10 93
11 18
11 26
11 34
11 37
11 43
11 45
11 52
11 55
11 56
11 72
11 81
11 83
12 4
12 9
12 21
12 23
12 40
12 59
12 64
12 89
12 99
13 5
13 17
13 24
13 27
13 41
13 43
13 44
13 71
13 72
13 79
13 90
13 98
14 4
14 15
14 23
14 49
14 51
14 54
14 58
14 78
15 1
15 19
15 25
15 43
15 53
15 55
15 58
15 64
15 66
15 75
15 84
15 86
15 100
16 5
16 27
16 28
16 33
16 52
16 55
16 59
17 16
17 35
17 58
17 63
17 67
17 75
17 76
17 96
18 1
18 7
18 11
18 28
18 30
18 33
18 46
18 52
18 56
18 60
18 68
18 70
18 78
18 88
19 2
19 9
19 17
19 36
19 56
19 62
19 76
19 79
19 91
20 1
20 2
20 7
20 8
20 11
20 23
20 28
20 29
20 41
20 50
20 55
20 64
20 84
20 86
21 24
21 30
21 32
21 36
21 37
21 41
21 50
21 58
21 88
21 92
21 95
22 33
22 53
22 58
22 66
22 71
22 81
22 85
22 91
22 98
23 14
23 18
23 19
23 32
23 50
23 58
23 63
23 65
24 7
24 8
24 14
24 22
24 23
24 26
24 30
24 31
24 35
24 38
24 49
24 59
24 71
24 75
24 84
25 2
25 24
25 35
25 41
25 61
26 7
26 16
26 26
26 32
26 45
26 60
26 62
26 72
26 75
27 2
27 3
27 17
27 25
27 35
27 57
27 63
27 64
27 70
27 71
27 77
28 11
28 15
28 19
28 20
28 23
28 31
28 40
28 53
28 70
28 73
28 87
28 93
28 95
28 97
28 100
29 11
29 12
29 17
29 22
29 37
29 43
29 48
29 71
29 79
30 3
30 13
30 22
30 36
30 40
30 66
30 68
30 81
30 86
30 89
30 98
31 12
31 16
31 38
31 41
31 44
31 67
31 68
31 72
31 90
32 8
32 14
32 18
32 28
32 30
32 36
32 38
32 40
32 49
32 55
32 77
32 86
32 87
32 92
33 1
33 2
33 18
33 32
33 39
33 51
33 77
33 81
33 83
33 90
33 92
34 2
34 4
34 15
34 28
34 42
34 47
34 62
34 63
34 80
34 96
35 12
35 19
35 22
35 24
35 29
35 50
35 93
35 97
35 100
36 5
36 61
36 62
36 76
36 84
37 7
37 14
37 15
37 18
37 34
37 36
37 38
37 39
37 60
37 70
37 71
37 72
37 74
37 77
37 79
38 6
38 34
38 80
39 38
39 41
39 43
39 64
39 65
39 71
39 79
39 82
39 87
39 89
40 5
40 6
40 23
40 26
40 30
40 48
40 58
40 67
40 79
41 1
41 9
41 43
41 62
41 70
41 71
41 75
41 76
41 82
41 91
41 98
42 5
42 13
42 16
42 18
42 50
42 58
42 85
42 86
43 13
43 28
43 29
43 30
43 36
43 39
43 51
43 62
43 79
43 93
43 94
43 98
44 12
44 20
44 31
44 38
44 53
44 60
44 71
44 80
44 85
44 99
45 1
45 29
45 37
45 40
45 43
45 47
45 50
45 57
45 69
45 78
45 99
46 18
46 40
46 51
46 53
46 57
46 78
46 82
47 1
47 2
47 9
47 10
47 21
47 33
47 42
47 49
47 55
47 62
47 73
47 74
47 89
47 94
47 100
48 9
48 13
48 20
48 23
48 29
48 34
48 45
48 48
48 58
48 88
49 12
49 13
49 18
49 23
49 26
49 29
49 33
49 35
49 54
49 70
49 84
50 4
50 17
50 19
50 40
50 45
50 50
50 53
50 55
50 66
50 74
50 79
50 96
50 97
51 6
51 16
51 36
51 45
51 57
51 72
51 83
51 84
51 88
51 98
52 25
52 27
52 28
52 31
52 44
52 66
52 84
52 86
52 90
53 14
53 29
53 45
53 70
53 78
53 81
53 98
54 15
54 26
54 35
54 54
54 63
54 65
54 81
54 82
54 84
55 17
55 31
55 32
55 33
55 46
55 49
55 53
55 75
55 83
55 85
55 97
56 15
56 18
56 32
56 43
56 63
56 67
56 68
56 72
56 87
56 95
57 4
57 19
57 26
57 32
57 44
57 47
57 54
57 56
57 65
57 78
57 89
57 91
57 92
58 23
58 31
58 58
58 69
58 74
58 85
58 91
58 93
58 94
58 98
59 3
59 4
59 19
59 20
59 26
59 38
59 47
59 78
59 90
60 14
60 18
60 22
60 24
60 26
60 35
60 41
60 77
60 89
60 91
60 93
60 95
60 98
61 4
61 55
61 58
61 60
61 66
61 69
61 80
61 94
61 97
62 11
62 20
62 31
62 33
62 36
62 61
62 67
62 69
62 71
62 74
62 84
62 87
63 27
63 32
63 52
63 53
63 57
63 59
63 64
63 85
63 86
63 89
64 6
64 41
64 44
64 64
64 67
64 72
64 86
65 1
65 7
65 14
65 15
65 34
65 53
65 59
65 62
65 66
65 76
65 81
65 84
65 86
66 1
66 28
66 29
66 35
66 74
66 99
67 4
67 17
67 25
67 26
67 27
67 50
67 51
67 52
67 59
67 60
67 69
67 85
68 20
68 36
68 52
68 57
68 62
68 65
68 67
68 71
68 76
68 82
68 91
68 94
68 96
69 2
69 25
69 36
69 40
69 49
69 50
69 56
69 77
69 85
69 89
69 96
70 9
70 11
70 19
70 22
70 43
70 49
70 68
70 73
70 98
71 6
71 48
71 64
71 71
71 98
71 99
72 3
72 4
72 13
72 16
72 26
72 46
72 60
72 98
73 11
73 15
73 19
73 37
73 40
73 44
73 55
73 61
73 66
73 79
73 80
73 91
73 95
74 21
74 32
74 39
74 48
74 52
74 62
74 70
74 85
74 89
74 90
74 93
75 6
75 13
75 14
75 33
75 55
75 56
75 81
75 93
75 100
76 2
76 17
76 24
76 26
76 27
76 30
76 32
76 38
76 50
76 51
76 72
76 74
76 80
76 85
77 2
77 16
77 22
77 27
77 30
77 56
77 59
77 85
78 16
78 37
78 39
78 42
78 46
78 55
78 57
78 58
78 62
78 73
78 74
78 78
79 5
79 32
79 34
79 35
79 48
79 59
79 69
79 75
79 78
79 92
80 1
80 9
80 22
80 47
80 51
80 77
80 80
80 84
80 86
80 94
81 18
81 19
81 24
81 37
81 48
81 64
81 80
81 83
81 87
82 1
82 19
82 22
82 29
82 44
82 46
82 50
82 67
82 81
82 88
82 92
83 21
83 22
83 28
83 56
83 57
83 65
83 74
83 87
84 3
84 7
84 24
84 30
84 36
84 38
84 42
84 49
84 50
84 77
84 99
85 25
85 33
85 41
85 43
85 56
85 65
85 68
85 74
85 94
85 95
86 12
86 33
86 54
86 75
86 76
86 79
86 83
86 97
87 8
87 12
87 29
87 30
87 37
87 46
87 49
87 63
87 66
87 68
87 86
87 90
88 9
88 25
88 28
88 34
88 40
88 46
88 50
88 63
88 70
88 80
88 82
88 100
89 9
89 22
89 38
89 40
89 43
89 58
89 66
89 68
89 71
89 81
89 97
89 100
90 1
90 11
90 18
90 43
90 56
90 68
90 77
90 81
90 90
91 13
91 21
91 45
91 48
91 53
91 62
91 71
91 91
91 96
91 97
92 12
92 13
92 15
92 17
92 21
92 45
92 46
92 47
92 51
92 88
93 13
93 24
93 31
93 37
93 56
93 62
93 72
93 76
93 78
93 82
94 19
94 26
94 34
94 55
94 69
94 72
94 89
95 3
95 11
95 19
95 35
95 42
95 46
95 47
95 72
95 81
95 82
96 3
96 5
96 15
96 23
96 33
96 34
96 36
96 39
96 54
96 60
96 61
96 74
96 85
97 5
97 14
97 19
97 23
97 51
97 61
97 75
97 89
98 2
98 5
98 39
98 44
98 52
98 53
98 86
99 5
99 12
99 42
99 62
99 83
99 91
100 21
100 41
100 55
100 65
100 70
100 81
100 93
100 100
