150
1159
1 19
1 22
1 27
1 56
1 59
1 66
1 85
1 108
1 120
2 2
2 47
2 87
2 128
2 150
3 6
3 9
3 22
3 90
3 138
4 10
4 14
4 52
4 60
4 82
4 88
4 113
4 116
4 137
4 138
5 8
5 30
5 63
5 80
6 37
6 68
6 77
6 94
6 103
6 109
6 112
6 144
6 149
7 10
7 63
7 86
7 101
7 106
7 130
8 8
8 67
8 72
8 95
8 138
9 4
9 16
9 31
9 42
9 56
9 66
9 102
9 123
9 131
9 135
9 145
10 10
10 25
10 41
10 74
11 24
11 42
11 56
11 63
11 75
11 81
11 104
11 105
11 125
11 133
12 54
12 74
12 81
12 96
12 110
12 121
13 22
13 24
13 26
13 33
13 64
13 89
13 96
13 103
13 110
13 122
13 125
13 145
14 20
14 28
14 53
14 58
14 132
14 147
15 7
15 14
15 51
15 61
15 65
15 74
15 112
15 136
16 46
16 49
16 62
16 66
16 79
16 84
16 91
16 100
16 105
16 136
17 32
17 38
17 41
17 71
17 82
17 115
17 116
17 117
17 126
17 133
17 135
18 29
18 34
18 61
18 88
18 89
18 95
18 98
18 104
18 110
18 150
19 41
19 68
19 113
19 147
20 45
20 58
20 103
20 110
20 118
20 120
20 131
21 18
21 28
21 30
21 36
21 50
21 78
21 85
21 104
21 113
21 130
22 6
22 13
22 74
22 76
22 106
22 123
22 135
23 23
23 51
23 107
23 126
23 135
23 147
24 75
24 77
24 90
24 103
24 107
24 111
24 122
24 128
24 143
24 150
25 9
25 13
25 26
25 51
25 81
25 100
26 45
26 80
26 84
26 137
26 149
27 2
27 22
27 24
27 49
27 94
27 96
27 108
27 131
27 141
28 3
28 20
28 24
28 55
28 65
28 67
28 71
28 81
28 112
28 137
28 138
29 2
29 66
29 72
29 79
29 98
29 150
30 14
30 28
30 40
30 58
30 80
30 135
31 54
31 68
31 111
31 125
31 147
31 148
32 2
32 5
32 7
32 10
32 27
32 41
32 48
32 54
32 62
32 66
32 107
32 124
32 150
33 20
33 21
33 29
33 67
33 96
33 97
33 103
33 137
34 64
34 82
34 92
34 105
34 106
34 107
34 116
34 121
34 129
34 148
35 17
35 18
35 24
35 26
35 32
35 58
35 90
35 134
36 2
36 55
36 56
36 59
36 68
36 79
36 83
37 2
37 3
37 45
37 57
37 58
37 122
37 131
38 101
38 139
38 140
39 10
39 23
39 29
39 87
39 95
39 130
40 17
40 26
40 31
40 122
40 131
41 16
41 25
41 122
41 149
42 18
42 38
42 73
42 74
42 136
42 137
42 139
42 150
43 24
43 25
43 137
43 144
44 55
44 58
44 62
44 73
44 98
44 117
44 141
45 12
45 100
45 108
45 119
45 132
45 134
46 17
46 46
46 80
46 92
46 95
46 109
46 150
47 19
47 35
47 39
47 45
47 72
47 96
47 122
47 146
48 33
48 45
48 50
48 68
48 109
48 110
48 113
48 117
49 10
49 33
49 55
49 58
49 63
49 80
49 86
49 89
49 105
50 3
50 34
50 35
50 66
50 68
50 103
50 141
51 21
51 41
51 45
51 49
51 52
51 56
51 69
51 145
52 2
52 21
52 26
52 57
52 64
52 85
52 88
52 96
53 14
53 27
53 84
53 111
53 115
53 145
54 21
54 30
54 46
54 52
54 79
54 81
54 95
54 104
54 129
54 132
55 2
55 22
55 29
55 36
55 38
55 45
55 52
55 54
55 60
55 61
55 64
55 66
55 68
55 76
55 82
55 88
55 91
55 113
55 126
55 131
55 142
56 34
56 49
56 66
56 67
56 72
56 74
56 76
56 77
56 95
56 110
56 145
56 147
57 1
57 35
57 43
57 48
57 57
57 61
57 64
57 87
57 98
57 106
57 135
58 12
58 40
58 68
58 110
58 123
59 35
59 50
59 58
59 61
59 74
59 80
59 92
60 33
60 39
60 55
60 79
60 83
60 85
60 146
61 2
61 10
61 17
61 87
61 107
61 125
61 129
62 1
62 10
62 14
62 21
62 77
62 106
62 119
62 124
62 143
62 147
63 2
63 7
63 38
63 41
63 47
63 59
63 73
63 97
63 111
63 117
63 128
64 23
64 30
64 45
64 52
64 83
64 90
64 91
64 105
64 106
64 117
64 119
64 131
64 146
64 148
65 3
65 7
65 38
65 62
65 64
65 80
65 106
65 118
65 132
66 1
66 16
66 39
66 87
66 108
66 124
67 4
67 14
67 36
67 55
67 56
67 61
67 73
67 125
67 140
68 40
68 88
68 140
69 18
69 21
69 55
69 104
69 105
69 118
69 129
69 130
70 6
70 8
70 24
70 30
70 38
70 92
70 110
70 149
71 19
71 91
71 109
71 112
71 144
72 21
72 26
72 66
72 72
73 1
73 3
73 9
73 17
73 60
73 80
73 101
73 112
73 148
74 17
74 25
74 43
74 46
74 50
74 60
74 110
74 122
74 128
74 134
75 15
75 21
75 45
75 47
75 66
75 68
75 69
75 115
75 121
75 129
75 148
76 29
76 30
76 39
76 77
76 86
76 112
76 146
77 33
77 35
77 64
77 74
77 75
77 78
77 101
77 113
77 119
78 18
78 44
78 48
78 51
78 69
78 70
78 97
78 113
78 143
79 49
79 77
79 137
80 27
80 50
80 61
80 69
80 86
80 104
80 110
81 1
81 31
81 33
81 49
81 50
81 83
81 85
81 87
81 108
81 122
81 133
82 6
82 14
82 49
82 65
82 121
82 143
82 146
83 5
83 24
83 37
83 48
83 50
83 51
83 74
83 91
83 141
83 143
84 43
84 73
84 78
84 82
84 89
84 96
84 120
84 142
84 145
84 149
85 3
85 42
85 43
85 60
85 62
85 74
85 126
86 11
86 13
86 36
86 58
86 65
86 69
86 84
86 113
86 144
87 71
87 77
87 98
87 100
87 120
87 128
87 148
87 149
88 11
88 43
88 49
88 63
88 69
88 99
88 108
88 127
88 137
89 109
89 126
89 140
90 17
90 74
90 83
90 94
90 113
90 118
91 16
91 33
91 49
91 54
91 69
91 71
91 86
91 88
91 93
91 106
91 123
91 141
92 4
92 5
92 53
92 59
92 60
92 138
93 17
93 21
93 30
93 35
93 37
93 71
93 76
93 101
93 128
93 134
95 3
95 5
95 9
95 25
95 94
95 101
95 115
95 149
96 13
96 79
96 90
96 121
96 123
96 125
96 126
96 150
97 7
97 29
97 41
97 83
97 111
97 132
97 146
98 14
98 63
98 76
98 94
98 110
99 28
99 59
99 88
99 114
99 133
99 134
99 137
100 4
100 9
100 28
100 81
100 142
101 75
101 88
101 114
101 120
102 2
102 6
102 14
102 26
102 30
102 48
102 70
102 92
102 126
103 26
103 52
103 73
103 85
103 88
103 147
104 19
104 32
104 143
105 10
105 16
105 37
105 70
105 74
105 107
105 131
105 135
105 150
106 21
106 23
106 37
106 116
106 121
106 131
106 135
107 5
107 32
107 50
107 72
107 82
107 85
107 109
107 113
107 115
107 122
107 143
108 11
108 24
108 32
108 77
108 78
108 88
108 96
108 128
108 135
109 23
109 29
109 71
109 75
109 91
109 114
109 117
110 68
110 70
110 88
110 113
110 131
111 4
111 53
111 80
111 100
111 104
111 139
111 146
112 14
112 27
112 56
112 77
112 95
112 97
112 98
112 100
113 6
113 67
113 69
113 111
113 126
113 129
113 136
114 47
114 77
114 111
114 121
114 139
115 55
115 122
115 136
115 146
116 4
116 15
116 18
116 61
116 99
116 118
116 128
116 138
117 42
117 73
117 91
117 94
117 109
117 114
118 15
118 36
118 64
118 84
118 99
118 140
118 144
119 10
119 22
119 58
119 86
119 94
119 120
119 142
120 37
120 42
120 64
120 126
121 29
121 41
121 61
121 78
121 84
121 88
121 97
121 141
122 11
122 41
122 71
122 76
122 90
122 114
122 135
122 148
122 150
123 86
123 136
124 5
124 11
124 25
124 54
124 60
124 64
124 82
124 112
124 121
125 27
125 45
125 54
125 60
125 75
125 104
125 114
125 122
125 123
125 141
126 61
126 79
126 80
126 88
126 101
126 134
127 42
127 68
127 71
127 131
127 144
128 2
128 7
128 14
128 16
128 46
128 51
128 68
128 86
128 92
128 110
128 150
129 3
129 32
129 35
129 44
129 86
129 108
129 109
129 135
130 1
130 18
130 24
130 26
130 35
130 68
130 86
130 129
130 144
131 29
131 35
131 45
131 69
131 74
131 98
131 117
131 129
132 3
132 17
132 73
132 111
132 131
132 134
132 142
133 57
133 68
133 85
133 91
133 104
133 130
133 132
133 140
133 144
134 7
134 11
134 24
134 26
134 42
134 70
134 90
134 92
134 133
134 137
134 141
135 76
135 82
135 95
135 110
136 22
136 29
136 35
136 40
136 41
136 45
136 56
136 99
136 129
136 132
136 134
136 136
137 59
137 66
137 72
137 88
137 102
137 108
137 117
137 119
137 124
137 149
138 18
138 35
138 38
138 57
138 69
138 99
138 107
138 132
139 10
139 33
139 42
139 86
139 106
139 119
139 134
140 1
140 17
140 18
140 49
140 118
140 140
141 28
141 58
141 78
141 87
141 131
141 133
142 15
142 30
142 56
142 63
142 89
142 90
142 111
142 114
142 115
142 116
142 118
142 128
142 132
142 133
143 37
143 38
143 46
143 58
143 64
143 93
143 128
143 129
143 145
144 33
144 36
144 38
144 47
144 75
144 89
144 112
144 118
144 140
144 146
145 2
145 6
145 10
145 15
145 26
145 79
145 80
145 90
146 13
146 44
146 49
146 57
146 58
146 69
146 70
146 87
146 116
146 120
146 125
146 148
147 43
147 56
147 69
147 100
147 107
147 112
147 128
147 133
147 150
148 13
148 28
148 46
148 78
148 100
148 128
149 25
149 59
149 63
149 69
149 70
149 81
149 101
149 106
149 134
150 3
150 22
150 29
150 41
150 49
150 54
150 58
150 72
150 77
150 97
150 100
150 114
150 135
