200
1956
1 3
1 20
1 31
1 100
1 126
1 140
2 31
2 33
2 46
2 94
2 119
2 152
2 174
2 181
2 200
3 21
3 22
3 31
3 42
3 99
3 100
3 155
3 171
3 178
3 189
4 47
4 103
4 106
4 114
4 116
4 140
4 146
4 156
4 178
4 190
5 49
5 65
5 75
5 82
5 83
5 92
5 95
5 106
5 156
5 171
5 178
6 23
6 40
6 48
6 97
6 133
6 163
6 167
7 25
7 27
7 59
7 60
7 71
7 72
7 76
7 82
7 85
7 101
7 142
7 168
7 178
7 199
7 200
8 12
8 19
8 97
8 133
8 150
8 158
8 163
8 173
8 190
8 192
9 45
9 60
9 93
9 174
10 4
10 28
10 60
10 86
10 105
10 106
10 127
10 148
10 177
10 179
10 180
10 197
11 14
11 56
11 73
11 134
11 162
11 194
12 59
12 95
12 124
12 150
12 174
12 180
13 1
13 25
13 56
13 69
13 117
13 126
13 160
13 176
13 190
13 192
14 1
14 32
14 42
14 53
14 74
14 78
14 89
14 120
14 128
14 148
14 174
14 181
14 193
15 8
15 31
15 32
15 62
15 72
15 81
15 95
15 109
15 132
15 138
15 151
15 158
15 164
15 168
15 170
15 172
16 11
16 21
16 92
16 93
16 103
16 114
16 119
16 125
16 126
16 132
17 2
17 27
17 67
17 83
17 104
17 131
17 142
17 148
18 13
18 17
18 25
18 27
18 30
18 34
18 48
18 53
18 55
18 62
18 75
18 82
18 102
18 170
18 193
18 200
19 7
19 8
19 27
19 125
19 145
19 159
19 179
19 194
20 43
20 45
20 52
20 59
20 63
20 66
20 74
20 80
20 89
20 93
20 133
20 135
20 156
20 178
21 8
21 26
21 47
21 51
21 72
21 93
21 101
21 129
21 155
21 163
21 184
21 191
22 21
22 27
22 28
22 67
22 72
22 123
22 138
22 151
22 155
22 194
22 199
23 6
23 26
23 34
23 40
23 58
23 66
23 68
23 140
23 188
24 14
24 50
24 76
24 141
24 143
24 147
24 152
24 158
24 171
24 188
24 189
24 195
25 11
25 20
25 23
25 43
25 53
25 63
25 70
25 86
25 133
25 200
26 54
26 89
26 96
26 113
26 122
26 141
26 152
26 174
26 183
26 188
27 82
27 89
27 90
27 98
27 100
27 102
27 155
27 170
27 182
27 188
28 14
28 55
28 76
28 122
28 153
28 157
29 16
29 26
29 55
29 81
29 103
29 107
29 128
29 130
29 196
30 14
30 49
30 52
30 76
30 80
30 105
30 126
30 145
30 146
30 156
30 175
30 187
31 93
31 119
31 174
31 183
32 16
32 29
32 45
32 48
32 108
32 110
32 123
32 131
32 132
32 145
32 153
32 154
32 186
33 9
33 47
33 59
33 69
33 98
33 116
33 128
33 141
33 158
33 163
33 184
34 74
34 77
34 98
34 99
34 153
34 186
34 195
35 2
35 16
35 33
35 52
35 81
35 123
35 126
35 140
35 168
36 29
36 33
36 55
36 77
36 90
36 149
36 153
37 48
37 49
37 54
37 79
37 87
37 94
37 125
37 127
37 135
37 181
37 189
38 10
38 40
38 92
38 97
38 105
38 168
38 174
38 187
38 200
39 9
39 16
39 40
39 54
39 56
39 59
39 74
39 102
39 105
39 143
39 165
39 174
40 4
40 6
40 8
40 14
40 16
40 40
40 50
40 53
40 69
40 80
40 83
40 104
40 115
40 145
40 163
40 168
40 173
40 177
40 189
41 12
41 19
41 65
41 73
41 161
41 164
41 177
42 4
42 44
42 61
42 90
42 92
42 143
42 177
42 179
42 181
43 41
43 44
43 45
43 81
43 119
43 138
43 144
43 146
43 197
44 41
44 61
44 96
44 124
44 129
44 132
44 138
44 151
44 166
44 180
44 182
44 185
44 198
45 14
45 18
45 42
45 69
45 102
45 106
45 143
45 161
45 181
45 196
45 197
46 7
46 9
46 34
46 36
46 89
46 94
46 104
46 114
46 127
46 133
46 136
46 149
46 155
46 184
47 26
47 59
47 60
47 91
47 171
47 185
48 2
48 46
48 48
48 53
48 60
48 89
48 94
48 103
48 141
48 153
48 182
49 1
49 118
49 122
49 135
49 152
49 197
50 13
50 69
50 80
50 82
50 91
50 93
50 112
50 155
50 181
51 8
51 151
51 154
51 163
51 169
51 181
52 29
52 47
52 97
52 166
52 197
53 16
53 85
53 137
53 142
53 155
53 171
53 174
53 187
53 198
54 6
54 8
54 24
54 44
54 71
54 82
54 88
54 108
54 132
54 135
55 20
55 22
55 58
55 81
55 120
55 131
55 163
55 168
55 173
55 184
55 198
56 11
56 24
56 46
56 61
56 104
56 119
56 125
56 132
56 134
56 150
56 191
57 144
57 145
57 156
57 184
57 188
58 8
58 9
58 10
58 12
58 29
58 65
58 76
58 127
58 144
58 145
58 147
58 151
58 179
58 184
58 198
59 33
59 39
59 167
59 169
59 173
59 196
60 14
60 94
60 110
60 111
60 136
60 141
60 143
60 186
61 3
61 5
61 9
61 70
61 81
61 86
61 99
61 124
61 141
61 149
61 156
61 165
62 8
62 10
62 36
62 59
62 60
62 64
62 135
62 136
62 142
62 144
63 4
63 38
63 48
63 56
63 82
63 87
63 91
63 95
63 168
63 176
63 180
63 191
63 193
64 42
64 46
64 115
64 180
64 187
64 188
65 12
65 14
65 22
65 26
65 28
65 83
65 108
65 143
65 175
65 176
66 9
66 54
66 67
66 75
66 76
66 103
66 105
66 113
66 139
67 10
67 52
67 54
67 55
67 82
67 108
67 127
67 128
67 196
68 28
68 101
68 114
68 126
68 167
68 180
69 5
69 9
69 23
69 38
69 77
69 119
69 143
69 179
69 191
70 3
70 4
70 6
70 16
70 35
70 50
70 80
70 175
70 176
70 196
71 3
71 12
71 13
71 27
71 29
71 30
71 47
71 104
71 126
71 143
72 16
72 48
72 74
72 89
72 102
72 118
72 136
72 155
72 160
72 178
73 8
73 10
73 24
73 57
73 71
73 92
73 99
73 125
73 171
74 57
74 75
74 79
74 112
74 119
74 149
74 158
74 161
74 178
74 196
75 8
75 16
75 28
75 59
75 90
75 95
75 105
75 113
75 118
75 122
75 126
75 137
75 145
75 167
75 171
75 177
75 190
76 13
76 46
76 60
76 65
76 70
76 71
76 74
76 77
76 94
76 100
76 142
76 147
76 179
77 31
77 68
77 127
77 184
77 198
78 4
78 6
78 8
78 62
78 92
78 150
78 173
79 26
79 72
79 151
79 185
79 190
79 199
80 14
80 59
80 82
80 105
80 114
80 158
80 159
80 180
80 192
81 4
81 10
81 16
81 17
81 43
81 68
81 151
82 74
82 101
82 105
82 115
82 118
82 140
82 142
82 160
82 174
82 192
83 45
83 69
83 76
83 83
83 96
83 116
83 123
83 142
83 171
84 7
84 60
84 62
84 79
84 80
84 97
84 132
84 160
84 172
84 179
84 184
84 187
84 197
85 20
85 33
85 42
85 86
85 101
85 143
85 195
86 34
86 44
86 78
86 81
86 149
86 175
87 31
87 58
87 62
87 102
87 133
87 156
87 163
87 172
87 178
87 198
88 45
88 62
88 64
88 68
88 73
88 89
88 117
88 185
88 194
89 44
89 50
89 101
89 150
89 190
90 10
90 14
90 41
90 65
90 79
90 93
90 132
90 138
90 146
90 157
90 178
91 19
91 31
91 40
91 59
91 61
91 69
91 72
91 93
91 138
91 151
91 166
92 3
92 4
92 50
92 62
92 88
92 89
92 104
92 110
92 116
92 134
92 147
92 159
92 190
92 192
93 15
93 28
93 42
93 83
93 87
93 99
93 102
93 144
93 153
93 167
93 168
93 190
93 199
94 1
94 18
94 27
94 36
94 42
94 69
94 82
94 85
94 92
94 106
94 116
94 129
94 152
94 175
94 176
94 194
95 12
95 79
95 97
95 121
95 157
95 181
96 3
96 25
96 38
96 58
96 62
96 83
96 84
96 89
96 97
96 120
96 146
96 153
96 200
97 33
97 62
97 68
97 74
97 88
97 97
97 128
97 165
98 76
98 100
98 108
98 112
98 116
98 117
98 147
98 176
98 193
99 4
99 35
99 60
99 81
99 114
99 136
99 141
99 150
99 153
99 166
100 11
100 33
100 62
100 73
100 113
100 130
100 140
100 154
100 184
100 193
101 2
101 18
101 41
101 44
101 61
101 114
101 133
101 137
101 199
102 4
102 32
102 60
102 70
102 71
102 82
102 125
102 148
102 197
103 56
103 64
103 73
103 88
103 100
103 102
103 128
103 133
103 198
104 4
104 116
104 126
104 159
104 166
104 169
104 194
105 23
105 35
105 38
105 80
105 103
105 156
105 162
105 164
105 173
105 192
106 6
106 13
106 48
106 50
106 75
106 98
106 108
106 146
106 174
106 191
106 197
107 18
107 25
107 38
107 40
107 68
107 99
107 115
107 158
107 160
108 2
108 17
108 26
108 28
108 58
108 74
108 103
108 118
108 131
108 149
109 5
109 55
109 68
109 82
109 84
109 108
109 167
109 176
109 184
110 1
110 37
110 40
110 54
110 77
110 82
110 92
110 132
110 137
110 142
110 168
110 175
110 178
110 186
110 190
111 7
111 19
111 36
111 37
111 72
111 96
111 125
111 134
111 139
111 170
111 186
111 188
111 194
111 198
112 24
112 62
112 71
112 108
112 110
112 135
112 145
112 153
112 165
112 186
113 37
113 41
113 42
113 63
113 73
113 174
113 180
113 184
114 5
114 18
114 26
114 69
114 73
114 88
114 96
114 124
114 143
114 149
114 150
114 167
114 178
114 187
114 195
114 198
114 199
114 200
115 6
115 31
115 34
115 35
115 58
115 76
115 99
115 105
115 166
115 177
115 180
115 184
116 22
116 27
116 53
116 77
116 89
116 111
116 120
116 147
116 162
116 175
116 195
117 27
117 39
117 44
117 47
117 52
117 57
117 59
117 70
117 90
117 101
117 122
117 142
117 144
117 151
117 163
117 196
117 200
118 2
118 16
118 24
118 34
118 48
118 82
118 87
118 89
118 105
118 108
118 122
118 123
118 154
118 165
118 169
118 175
119 2
119 44
119 53
119 54
119 60
119 112
119 165
119 184
119 196
120 14
120 16
120 38
120 40
120 46
120 62
120 87
120 111
120 122
120 131
120 185
121 6
121 14
121 73
121 87
121 147
122 23
122 33
122 38
122 58
122 68
122 83
122 98
122 107
122 131
122 137
122 140
122 144
122 157
122 185
122 192
122 198
122 200
123 26
123 32
123 34
123 83
123 118
123 180
124 1
124 3
124 24
124 28
124 53
124 68
124 82
124 115
124 119
124 169
124 177
124 191
124 195
125 8
125 74
125 93
125 157
125 186
125 196
126 13
126 42
126 129
126 142
126 160
126 189
127 8
127 44
127 47
127 58
127 110
127 122
127 140
127 144
127 166
127 181
127 186
127 197
127 199
128 13
128 16
128 34
128 74
128 107
128 120
128 132
128 133
128 135
128 166
128 184
129 44
129 91
129 99
129 181
130 4
130 45
130 68
130 86
130 94
130 96
130 101
130 106
131 1
131 16
131 33
131 42
131 77
131 95
131 97
131 103
131 122
131 136
131 150
131 161
131 184
132 8
132 13
132 32
132 57
132 68
132 74
132 75
132 89
132 111
132 116
132 127
132 132
132 152
132 158
132 170
133 11
133 35
133 89
133 92
133 106
133 107
133 110
133 113
133 128
133 134
133 166
134 25
134 79
134 98
134 109
134 128
134 136
134 140
135 17
135 38
135 46
135 56
135 67
135 117
135 119
135 124
135 196
135 197
136 2
136 4
136 20
136 54
136 56
136 58
136 62
136 68
136 70
136 114
136 121
136 127
136 148
136 157
136 161
137 12
137 19
137 20
137 27
137 39
137 110
137 149
137 180
137 186
138 1
138 19
138 28
138 76
138 78
138 152
139 34
139 39
139 65
139 67
139 77
139 89
139 104
139 109
139 114
139 127
139 138
139 151
139 169
139 174
139 180
139 182
139 196
139 199
140 1
140 5
140 16
140 52
140 68
140 95
140 96
140 137
140 162
141 12
141 13
141 18
141 83
141 108
141 187
141 188
142 9
142 13
142 28
142 44
142 57
142 59
142 65
142 68
142 71
142 73
142 74
142 142
142 156
142 177
143 5
143 10
143 62
143 66
143 87
143 88
143 89
143 93
143 95
143 138
143 173
143 187
143 192
144 116
144 123
144 129
144 137
144 179
144 182
145 3
145 8
145 89
145 92
145 108
145 135
145 171
145 174
145 176
145 186
146 23
146 32
146 36
146 80
146 86
146 119
146 132
146 166
146 193
147 17
147 41
147 57
147 61
147 65
147 77
147 82
147 117
147 130
147 149
147 167
147 184
148 15
148 45
148 63
148 90
148 92
148 173
148 188
149 12
149 15
149 49
149 72
149 110
149 111
149 128
149 134
149 146
149 172
149 184
149 194
150 18
150 23
150 39
150 56
150 63
150 68
150 71
150 150
151 54
151 88
151 89
151 109
151 151
151 154
151 170
152 23
152 94
152 98
152 117
152 142
152 193
153 15
153 36
153 49
153 68
153 74
153 85
153 89
153 90
153 93
153 137
153 140
153 141
153 145
153 158
153 164
153 170
154 8
154 18
154 28
154 56
154 66
154 127
154 137
154 161
154 175
154 193
154 197
155 18
155 19
155 40
155 77
155 141
156 3
156 10
156 88
156 100
156 102
157 1
157 3
157 5
157 117
157 128
157 131
157 133
157 157
157 165
157 178
157 184
157 198
157 199
157 200
158 19
158 30
158 101
158 181
158 190
159 2
159 37
159 66
159 85
159 98
159 114
159 141
159 146
159 162
159 168
159 170
159 178
159 200
160 34
160 45
160 63
160 111
160 128
160 140
160 141
160 146
160 164
161 28
161 86
161 98
161 114
161 129
161 130
161 168
161 186
161 197
161 198
162 9
162 29
162 65
162 114
162 119
162 122
162 138
162 148
162 166
162 179
163 11
163 14
163 73
163 76
163 109
163 159
163 161
163 178
164 32
164 63
164 147
164 160
164 182
165 24
165 44
165 59
165 92
165 115
165 142
165 147
165 174
166 8
166 37
166 43
166 77
166 78
166 90
166 134
166 148
166 162
166 171
166 194
167 34
167 35
167 36
167 68
167 121
167 124
167 160
167 174
167 191
167 192
167 198
168 20
168 44
168 60
168 72
168 88
168 89
168 103
168 109
168 173
169 8
169 11
169 21
169 50
169 52
169 87
169 146
169 166
169 168
169 174
170 18
170 35
170 84
170 90
170 101
170 114
170 143
170 172
170 181
171 6
171 28
171 44
171 76
171 80
171 128
171 136
171 137
171 150
171 160
171 161
171 189
172 10
172 24
172 74
172 78
172 91
172 126
172 161
172 164
172 179
172 184
173 1
173 38
173 61
173 121
173 140
173 149
174 19
174 33
174 44
174 46
174 70
174 75
174 120
174 124
174 138
174 141
174 165
174 169
174 181
175 1
175 2
175 4
175 32
175 51
175 99
175 131
175 136
175 146
175 175
175 181
175 198
176 4
176 24
176 40
176 73
176 76
176 81
176 117
176 139
176 151
176 163
176 198
176 200
177 1
177 7
177 10
177 32
177 35
177 39
177 48
177 118
177 122
177 123
177 124
177 128
177 144
178 21
178 26
178 66
178 71
178 124
178 137
178 196
179 1
179 12
179 24
179 60
179 64
179 79
179 82
179 88
179 105
179 113
179 120
179 125
179 128
179 167
179 183
179 194
180 10
180 15
180 23
180 26
180 76
180 90
180 109
180 119
180 123
180 159
180 183
180 186
180 190
180 198
181 8
181 9
181 31
181 81
181 89
181 90
181 118
181 122
181 131
181 153
181 165
182 5
182 17
182 18
182 44
182 55
182 61
182 75
182 113
182 126
182 192
183 45
183 53
183 73
183 82
183 83
183 112
183 181
184 9
184 36
184 46
184 53
184 108
184 114
184 133
184 190
185 13
185 14
185 18
185 19
185 26
185 91
185 92
185 113
185 145
186 4
186 8
186 11
186 86
186 130
186 132
186 142
186 156
186 171
186 172
186 182
186 185
187 29
187 33
187 51
187 92
187 151
187 199
188 19
188 80
188 90
188 95
188 101
188 117
188 141
188 160
188 168
189 7
189 8
189 27
189 43
189 80
189 95
189 124
189 125
189 155
189 198
190 22
190 40
190 97
190 158
190 196
190 198
191 2
191 11
191 125
191 129
191 161
191 178
192 5
192 64
192 72
192 110
192 124
192 170
193 7
193 16
193 24
193 49
193 56
193 58
193 106
193 128
193 134
193 137
193 138
193 192
193 195
193 200
194 8
194 13
194 81
194 89
194 126
194 129
194 161
194 162
194 163
195 63
195 71
195 165
195 180
196 21
196 40
196 46
196 56
196 81
196 136
196 143
196 150
196 152
196 181
196 182
196 196
197 13
197 38
197 64
197 123
197 159
197 172
197 173
198 62
198 70
198 116
198 128
198 157
198 169
198 200
199 16
199 36
199 161
199 163
200 6
200 42
200 43
200 105
200 128
200 133
