300
4584
1 59
1 94
1 123
1 132
1 164
1 185
1 190
1 196
1 208
1 232
1 245
1 266
1 273
1 285
1 288
2 9
2 24
2 40
2 55
2 56
2 145
2 181
2 205
2 249
2 264
2 265
2 271
3 15
3 29
3 47
3 49
3 50
3 62
3 83
3 128
3 148
3 176
3 180
3 211
3 246
3 257
3 270
3 300
4 16
4 21
4 22
4 28
4 34
4 73
4 83
4 96
4 103
4 113
4 115
4 118
4 119
4 132
4 155
4 160
4 213
4 227
4 270
5 15
5 29
5 59
5 65
5 108
5 145
5 146
5 201
5 298
6 3
6 16
6 18
6 52
6 63
6 69
6 114
6 133
6 137
6 159
6 178
6 182
6 196
6 206
6 223
6 252
6 267
6 296
7 18
7 52
7 54
7 74
7 84
7 103
7 106
7 161
7 181
7 209
8 31
8 39
8 46
8 71
8 83
8 116
8 133
8 138
8 142
8 168
8 197
8 243
8 254
9 14
9 20
9 42
9 51
9 71
9 81
9 135
9 163
9 165
9 176
9 207
9 211
9 213
9 220
9 224
9 240
9 298
9 299
10 5
10 21
10 25
10 32
10 78
10 82
10 130
10 131
10 145
10 154
10 183
10 270
10 278
10 290
10 292
10 294
11 1
11 39
11 40
11 65
11 79
11 90
11 96
11 135
11 146
11 190
11 192
11 198
11 202
11 209
11 219
11 235
11 238
11 242
11 255
11 272
11 285
12 29
12 52
12 57
12 92
12 94
12 120
12 135
12 159
12 164
12 166
12 188
12 223
12 266
12 281
12 288
12 292
13 17
13 32
13 87
13 94
13 95
13 96
13 120
13 121
13 132
13 136
13 139
13 152
13 204
13 208
13 215
13 239
13 248
13 264
13 265
13 269
13 277
14 6
14 11
14 26
14 45
14 93
14 104
14 121
14 126
14 129
14 166
14 182
14 197
14 207
14 213
14 225
14 241
14 248
14 254
14 286
15 1
15 46
15 62
15 72
15 80
15 85
15 86
15 106
15 109
15 149
15 155
15 158
15 201
15 218
15 241
15 244
15 248
15 253
15 264
15 270
16 41
16 52
16 87
16 108
16 120
16 130
16 146
16 149
16 177
16 190
16 267
16 269
16 277
16 285
16 294
16 295
17 1
17 14
17 50
17 119
17 144
17 148
17 154
17 237
17 265
17 272
17 273
17 289
18 20
18 24
18 26
18 83
18 125
18 148
18 162
18 175
18 197
19 24
19 35
19 66
19 109
19 112
19 114
19 115
19 141
19 160
19 165
19 178
19 179
19 203
19 236
19 244
19 254
19 263
19 264
19 267
19 279
19 297
20 1
20 6
20 26
20 43
20 51
20 68
20 99
20 122
20 140
20 153
20 184
20 207
20 210
20 222
20 232
20 242
20 290
21 39
21 53
21 65
21 76
21 101
21 142
21 145
21 177
21 201
21 238
21 284
21 295
22 41
22 50
22 58
22 60
22 87
22 133
22 138
22 147
22 176
22 192
22 199
22 226
22 264
22 283
22 298
23 11
23 37
23 38
23 73
23 84
23 158
23 180
23 228
23 235
23 280
23 291
24 45
24 66
24 83
24 113
24 125
24 152
24 162
24 165
24 186
24 204
24 280
25 2
25 25
25 52
25 62
25 78
25 89
25 91
25 97
25 104
25 109
25 123
25 133
25 137
25 141
25 160
25 181
25 201
26 23
26 31
26 37
26 41
26 89
26 97
26 106
26 114
26 119
26 123
26 145
26 173
26 198
26 237
26 261
26 268
26 298
27 5
27 53
27 68
27 90
27 136
27 150
27 154
27 176
27 181
27 196
27 212
27 214
27 265
28 6
28 8
28 43
28 48
28 75
28 128
28 165
28 182
28 200
28 230
28 257
28 266
29 1
29 23
29 24
29 41
29 84
29 87
29 115
29 178
29 179
29 200
29 215
29 217
29 250
29 256
29 261
29 266
29 268
29 274
29 295
30 14
30 52
30 53
30 58
30 64
30 70
30 72
30 105
30 114
30 117
30 160
30 191
30 202
30 220
30 221
30 242
30 257
30 272
30 291
30 297
31 17
31 47
31 49
31 50
31 65
31 88
31 104
31 108
31 117
31 124
31 140
31 169
31 173
31 200
31 228
31 240
32 35
32 74
32 84
32 94
32 101
32 102
32 104
32 129
32 181
32 230
32 255
32 267
32 280
32 283
32 294
33 7
33 31
33 65
33 73
33 93
33 122
33 131
33 172
33 181
33 189
33 194
33 203
33 212
33 217
33 219
33 234
33 240
33 258
33 263
33 274
33 282
33 290
33 294
34 29
34 40
34 44
34 51
34 66
34 100
34 175
34 193
34 232
34 233
34 245
34 258
34 273
34 279
34 290
34 295
35 2
35 7
35 19
35 43
35 51
35 64
35 85
35 148
35 154
35 169
35 183
35 235
35 280
36 12
36 27
36 62
36 73
36 75
36 129
36 159
36 170
36 188
36 194
36 202
36 203
36 222
36 293
37 19
37 20
37 113
37 189
37 213
37 215
37 225
37 228
37 229
37 249
37 256
37 265
38 1
38 2
38 19
38 34
38 79
38 92
38 103
38 108
38 115
38 124
38 129
38 148
38 215
38 261
38 273
38 278
38 296
39 6
39 87
39 119
39 189
39 259
39 273
39 274
39 285
39 289
40 16
40 27
40 42
40 71
40 74
40 78
40 87
40 106
40 132
40 152
40 167
40 178
40 180
40 196
40 245
40 286
41 22
41 35
41 43
41 54
41 57
41 95
41 102
41 106
41 111
41 116
41 121
41 138
41 157
41 176
41 186
41 211
41 213
41 214
41 220
41 239
41 289
41 300
42 51
42 77
42 98
42 111
42 125
42 146
42 147
42 181
42 185
42 195
42 233
42 243
42 282
42 283
43 25
43 31
43 51
43 96
43 116
43 137
43 139
43 148
43 223
43 225
43 229
43 268
44 19
44 28
44 45
44 48
44 72
44 74
44 99
44 103
44 157
44 161
44 174
44 185
44 197
44 220
44 222
44 226
44 289
44 291
45 7
45 19
45 28
45 48
45 64
45 65
45 82
45 84
45 108
45 112
45 113
45 120
45 135
45 182
45 221
45 247
45 268
45 274
45 299
46 3
46 31
46 93
46 100
46 103
46 164
46 221
46 267
46 271
46 275
46 289
47 8
47 12
47 18
47 26
47 79
47 91
47 114
47 161
47 165
47 177
47 206
47 265
47 274
47 280
47 296
48 74
48 105
48 108
48 161
48 164
48 166
48 195
48 197
48 201
48 222
48 235
48 288
48 294
49 11
49 24
49 25
49 47
49 55
49 58
49 77
49 85
49 118
49 154
49 211
49 212
49 214
49 234
49 243
49 246
49 259
49 293
49 298
50 4
50 34
50 51
50 72
50 76
50 103
50 105
50 120
50 124
50 135
50 136
50 142
50 153
50 209
50 210
50 219
50 220
51 3
51 4
51 15
51 36
51 42
51 68
51 82
51 91
51 99
51 132
51 140
51 163
51 173
51 229
51 246
51 253
52 30
52 37
52 43
52 109
52 128
52 145
52 153
52 178
52 180
52 217
52 221
52 222
52 223
52 225
52 247
52 270
52 271
52 273
52 278
52 296
53 16
53 28
53 68
53 77
53 83
53 119
53 171
53 201
53 235
53 276
53 297
54 12
54 14
54 22
54 29
54 31
54 37
54 61
54 78
54 89
54 116
54 129
54 144
54 156
54 162
54 163
54 180
54 187
54 191
54 219
54 260
54 267
54 288
54 289
54 294
55 13
55 106
55 129
55 134
55 137
55 144
55 146
55 172
55 195
55 205
55 211
55 251
55 255
55 258
55 264
55 267
55 276
56 3
56 7
56 12
56 15
56 26
56 73
56 76
56 119
56 160
56 173
56 259
57 12
57 22
57 42
57 52
57 62
57 75
57 97
57 99
57 104
57 113
57 155
57 178
57 184
57 197
57 198
57 251
57 258
57 268
57 275
57 295
58 46
58 63
58 71
58 79
58 93
58 121
58 122
58 143
58 147
58 150
58 154
58 203
58 231
58 232
58 243
58 244
58 276
59 6
59 8
59 37
59 55
59 70
59 88
59 92
59 94
59 114
59 120
59 122
59 157
59 176
59 177
59 179
59 219
59 227
59 254
60 78
60 90
60 149
60 151
60 188
60 203
60 208
60 238
60 240
60 242
60 291
61 136
61 202
61 212
61 233
61 281
61 297
62 17
62 60
62 65
62 73
62 87
62 89
62 131
62 145
62 158
62 185
62 198
62 200
62 224
62 229
62 233
62 252
62 275
62 292
62 299
63 22
63 30
63 31
63 54
63 55
63 88
63 229
63 248
63 257
63 285
63 297
64 40
64 52
64 57
64 66
64 81
64 91
64 100
64 105
64 137
64 141
64 147
64 174
64 212
64 255
64 278
64 286
65 43
65 45
65 46
65 50
65 174
65 183
65 203
65 210
65 268
65 271
65 276
65 280
65 297
66 4
66 10
66 26
66 32
66 39
66 61
66 85
66 95
66 124
66 137
66 145
66 210
66 246
66 247
66 279
67 32
67 35
67 51
67 79
67 90
67 178
67 222
67 257
67 269
67 282
68 20
68 36
68 39
68 46
68 52
68 57
68 69
68 80
68 84
68 90
68 92
68 104
68 113
68 135
68 157
68 241
68 250
69 43
69 44
69 58
69 60
69 93
69 94
69 132
69 138
69 178
69 218
69 242
69 244
69 252
69 300
70 58
70 74
70 101
70 191
70 204
70 232
70 241
70 252
70 256
70 267
70 283
70 292
70 300
71 17
71 18
71 27
71 38
71 44
71 77
71 81
71 86
71 90
71 114
71 164
71 178
71 247
71 267
72 11
72 19
72 37
72 41
72 59
72 105
72 108
72 121
72 134
72 150
72 183
72 205
72 242
72 258
73 5
73 62
73 86
73 110
73 122
73 132
73 144
73 152
73 168
73 188
73 196
73 207
73 217
73 230
73 279
73 284
73 291
74 24
74 50
74 69
74 82
74 89
74 105
74 128
74 154
74 160
74 166
74 184
74 198
74 200
74 242
74 244
74 248
74 252
74 278
74 282
74 292
75 52
75 93
75 111
75 116
75 151
75 174
75 240
75 241
75 265
75 272
75 281
76 38
76 47
76 65
76 77
76 82
76 105
76 112
76 115
76 134
76 173
76 181
76 194
76 252
76 255
76 272
76 273
76 281
76 286
77 52
77 54
77 94
77 98
77 124
77 134
77 167
77 171
77 173
77 218
77 254
78 18
78 45
78 85
78 130
78 137
78 139
78 169
78 236
78 240
78 246
79 24
79 56
79 86
79 102
79 152
79 162
79 169
79 208
79 218
79 232
79 247
79 259
79 287
79 298
80 9
80 12
80 14
80 25
80 87
80 89
80 96
80 103
80 127
80 150
80 165
80 168
80 186
80 222
80 224
80 243
80 256
80 277
80 292
80 293
80 294
81 15
81 30
81 86
81 143
81 201
81 217
81 219
81 238
82 39
82 40
82 51
82 88
82 93
82 103
82 125
82 135
82 163
82 181
82 183
82 186
82 202
82 280
82 287
83 9
83 19
83 23
83 44
83 51
83 79
83 107
83 124
83 147
83 172
83 240
83 257
83 276
84 12
84 22
84 46
84 57
84 58
84 140
84 144
84 153
84 174
84 179
84 217
84 220
84 241
84 253
84 260
84 273
84 279
84 294
85 19
85 23
85 54
85 82
85 93
85 98
85 160
85 176
85 188
85 190
85 221
85 263
85 264
85 291
86 12
86 37
86 43
86 61
86 86
86 95
86 110
86 122
86 151
86 157
86 165
86 243
86 259
86 286
87 24
87 34
87 61
87 87
87 144
87 181
87 183
87 192
87 200
87 214
87 224
87 241
87 262
87 276
87 295
87 299
88 12
88 81
88 145
88 178
88 219
88 231
88 239
88 241
88 270
88 285
89 9
89 41
89 48
89 79
89 92
89 100
89 116
89 177
89 246
89 250
89 253
89 284
89 285
89 297
90 53
90 85
90 104
90 133
90 137
90 177
90 185
90 187
90 213
90 216
90 223
90 229
90 240
91 7
91 8
91 30
91 46
91 74
91 87
91 111
91 116
91 121
91 128
91 142
91 151
91 179
91 198
91 206
91 216
91 219
91 220
91 226
91 234
91 238
91 240
91 253
91 256
91 286
92 45
92 47
92 90
92 125
92 160
92 163
92 177
92 195
92 200
92 223
92 234
92 246
92 270
92 280
92 281
92 299
93 8
93 25
93 52
93 60
93 72
93 76
93 116
93 117
93 135
93 136
93 148
93 182
93 193
93 267
93 272
93 282
94 9
94 14
94 21
94 28
94 34
94 41
94 57
94 77
94 142
94 144
94 149
94 151
94 154
94 156
94 200
94 212
94 225
94 252
94 262
94 281
94 299
95 52
95 76
95 77
95 82
95 84
95 115
95 128
95 139
95 145
95 154
95 164
95 194
95 217
95 220
95 224
95 275
95 283
96 15
96 18
96 22
96 66
96 70
96 101
96 106
96 110
96 136
96 144
96 148
96 150
96 273
96 288
97 3
97 22
97 50
97 60
97 72
97 99
97 121
97 166
97 218
97 226
97 235
97 236
97 248
97 271
97 278
97 293
98 8
98 14
98 22
98 23
98 36
98 38
98 51
98 69
98 90
98 119
98 128
98 152
98 249
98 267
99 15
99 21
99 26
99 29
99 40
99 59
99 61
99 87
99 89
99 122
99 124
99 131
99 161
99 209
99 212
99 220
99 228
99 241
99 276
99 284
100 34
100 42
100 88
100 133
100 163
100 177
100 183
100 199
100 205
100 222
100 276
100 283
100 289
101 16
101 18
101 31
101 34
101 64
101 73
101 86
101 103
101 107
101 130
101 153
101 154
101 164
101 186
101 190
101 202
101 205
101 230
101 248
101 258
101 261
101 263
101 266
102 69
102 99
102 128
102 158
102 159
102 161
102 206
102 255
102 294
103 35
103 46
103 64
103 100
103 139
103 180
103 188
103 208
103 230
103 242
103 244
103 245
104 13
104 58
104 60
104 89
104 91
104 98
104 152
104 205
104 215
104 241
104 263
104 266
104 270
105 4
105 9
105 27
105 41
105 69
105 88
105 97
105 147
105 164
105 167
105 211
105 225
105 240
105 248
105 260
105 266
105 274
105 279
105 300
106 4
106 9
106 19
106 39
106 55
106 58
106 72
106 86
106 105
106 125
106 146
106 162
106 173
106 179
106 259
106 269
106 273
106 300
107 3
107 51
107 56
107 70
107 77
107 114
107 131
107 199
107 211
107 222
107 234
107 282
108 7
108 39
108 59
108 60
108 111
108 129
108 152
108 179
108 184
108 198
108 235
108 285
108 292
109 19
109 30
109 33
109 53
109 54
109 83
109 95
109 121
109 123
109 129
109 153
109 178
109 198
109 206
109 273
109 285
109 286
109 296
110 6
110 24
110 34
110 89
110 91
110 95
110 123
110 131
110 140
110 145
110 187
110 197
110 265
110 267
110 273
111 30
111 36
111 62
111 67
111 71
111 80
111 154
111 161
111 174
111 175
111 181
111 187
111 189
111 213
111 214
111 228
111 284
111 291
111 294
112 3
112 4
112 23
112 97
112 98
112 117
112 133
112 138
112 163
112 169
112 173
112 183
112 186
112 187
112 194
112 197
112 209
112 242
112 249
112 251
112 267
112 282
113 17
113 40
113 88
113 113
113 144
113 217
113 227
113 276
113 297
114 10
114 32
114 39
114 52
114 59
114 85
114 92
114 103
114 108
114 138
114 148
114 182
114 184
114 210
114 214
114 216
114 221
114 246
114 272
114 282
114 300
115 22
115 27
115 47
115 53
115 58
115 71
115 75
115 80
115 82
115 101
115 132
115 187
115 214
115 216
115 221
115 254
115 255
115 258
115 275
115 289
116 11
116 35
116 46
116 51
116 78
116 85
116 113
116 149
116 156
116 177
116 212
116 248
116 249
116 265
116 269
116 283
117 3
117 17
117 33
117 48
117 113
117 285
117 299
118 5
118 27
118 42
118 47
118 55
118 100
118 124
118 141
118 142
118 170
118 218
118 233
118 250
118 267
118 297
119 36
119 46
119 76
119 111
119 169
119 197
119 200
119 226
119 253
119 275
119 277
119 290
119 292
119 293
119 296
120 17
120 25
120 47
120 64
120 69
120 140
120 156
120 173
120 241
120 261
120 297
121 1
121 8
121 14
121 43
121 44
121 63
121 67
121 76
121 132
121 136
121 140
121 157
121 160
121 180
121 185
121 188
121 196
121 213
121 221
121 225
121 237
121 284
122 9
122 19
122 27
122 28
122 29
122 56
122 64
122 70
122 72
122 75
122 104
122 110
122 126
122 129
122 136
122 152
122 179
122 189
122 198
122 213
122 214
122 220
122 228
122 231
122 287
123 17
123 28
123 38
123 44
123 60
123 64
123 75
123 100
123 102
123 128
123 148
123 178
123 185
123 205
123 209
123 239
123 240
123 253
123 259
123 268
123 270
123 271
124 40
124 48
124 61
124 65
124 77
124 112
124 120
124 135
124 139
124 195
124 208
124 228
124 286
125 23
125 28
125 31
125 83
125 92
125 98
125 109
125 110
125 123
125 124
125 142
125 175
125 177
125 194
125 216
125 223
125 272
126 8
126 12
126 25
126 49
126 68
126 77
126 79
126 94
126 100
126 109
126 111
126 116
126 144
126 164
126 175
126 183
126 194
126 201
126 213
126 232
126 250
126 252
126 253
126 288
126 289
126 294
127 28
127 34
127 53
127 57
127 83
127 87
127 99
127 106
127 127
127 142
127 155
127 241
127 259
128 42
128 58
128 61
128 87
128 100
128 115
128 116
128 131
128 139
128 176
128 181
128 182
128 228
128 233
128 257
129 52
129 68
129 89
129 117
129 131
129 153
129 172
129 176
129 180
129 188
129 195
129 201
129 208
129 211
129 219
129 220
129 227
129 239
129 291
129 297
130 11
130 12
130 57
130 78
130 106
130 107
130 140
130 142
130 199
130 233
130 272
130 273
130 286
131 34
131 48
131 83
131 86
131 135
131 159
131 177
131 186
131 212
131 231
131 246
131 280
131 291
132 37
132 59
132 68
132 103
132 159
132 172
132 203
132 212
132 218
132 250
132 267
132 282
132 294
133 15
133 35
133 46
133 126
133 131
133 174
133 206
133 230
133 292
134 43
134 150
134 179
134 184
134 210
134 223
134 254
134 260
135 34
135 37
135 41
135 47
135 75
135 86
135 95
135 106
135 130
135 133
135 154
135 157
135 168
135 175
135 176
135 188
135 192
135 210
135 212
135 226
135 240
135 259
135 265
135 276
136 20
136 33
136 41
136 55
136 64
136 72
136 75
136 98
136 101
136 103
136 125
136 144
136 146
136 158
136 184
136 204
136 225
136 240
136 282
136 283
136 294
137 6
137 9
137 17
137 20
137 27
137 30
137 42
137 53
137 59
137 97
137 195
137 248
137 266
137 299
138 1
138 28
138 29
138 46
138 75
138 129
138 144
138 164
138 181
138 216
138 225
138 232
138 234
138 250
138 269
138 277
138 299
139 50
139 51
139 92
139 96
139 117
139 121
139 127
139 142
139 156
139 192
139 199
139 263
139 289
139 292
139 295
140 35
140 38
140 74
140 89
140 107
140 117
140 138
140 149
140 173
140 185
140 210
140 213
140 244
140 251
140 271
140 272
140 273
141 3
141 25
141 30
141 109
141 124
141 136
141 138
141 144
141 157
141 161
141 211
141 215
141 246
141 261
142 5
142 83
142 138
142 153
142 168
142 183
142 217
142 226
142 248
142 275
142 289
142 297
143 37
143 42
143 48
143 58
143 110
143 158
143 171
143 189
143 218
143 264
143 266
143 274
143 287
144 5
144 27
144 42
144 68
144 70
144 96
144 112
144 117
144 151
144 154
144 160
144 161
144 175
144 299
145 61
145 152
145 188
145 215
145 222
145 235
146 3
146 15
146 37
146 46
146 63
146 75
146 95
146 113
146 121
146 135
146 139
146 167
146 182
146 185
146 207
147 12
147 24
147 35
147 64
147 88
147 117
147 157
147 158
147 198
147 216
147 219
147 240
147 253
147 261
147 264
147 292
148 7
148 19
148 40
148 66
148 116
148 117
148 152
148 173
148 211
148 224
148 257
148 283
148 300
149 9
149 22
149 34
149 57
149 59
149 66
149 110
149 124
149 132
149 137
149 153
149 157
149 164
149 194
149 245
150 2
150 52
150 59
150 98
150 110
150 112
150 116
150 212
150 218
150 222
150 231
150 281
151 1
151 25
151 29
151 33
151 43
151 69
151 98
151 135
151 146
151 151
151 181
151 195
151 210
151 214
151 242
151 252
151 260
151 276
151 282
151 283
151 298
152 7
152 10
152 12
152 32
152 55
152 65
152 121
152 130
152 142
152 146
152 158
152 177
152 180
152 243
152 265
152 279
152 290
153 19
153 21
153 24
153 74
153 105
153 106
153 109
153 114
153 145
153 151
153 153
153 185
153 191
153 213
153 241
153 254
153 255
153 259
153 264
154 35
154 44
154 79
154 90
154 101
154 168
154 201
154 216
154 249
154 266
154 290
155 4
155 60
155 89
155 113
155 120
155 135
155 165
155 174
155 222
155 248
155 256
155 267
155 274
155 279
155 293
156 18
156 24
156 33
156 36
156 60
156 124
156 126
156 131
156 153
156 183
156 185
156 188
156 208
156 226
156 253
156 262
156 264
156 275
157 31
157 33
157 41
157 53
157 64
157 86
157 93
157 109
157 115
157 118
157 132
157 136
157 150
157 154
157 162
157 172
157 175
157 191
157 193
157 224
157 229
157 230
157 238
157 253
157 270
157 272
157 273
158 8
158 16
158 17
158 35
158 97
158 106
158 146
158 148
158 155
158 194
158 202
158 238
158 249
158 263
158 294
159 22
159 28
159 36
159 48
159 51
159 60
159 83
159 100
159 131
159 132
159 214
159 229
159 231
159 233
159 249
159 270
159 279
159 298
160 8
160 15
160 21
160 28
160 30
160 47
160 54
160 102
160 144
160 153
160 160
160 181
160 202
160 230
160 241
160 271
160 292
160 297
161 33
161 37
161 45
161 57
161 65
161 72
161 149
161 222
162 46
162 55
162 58
162 59
162 63
162 68
162 136
162 137
162 142
162 193
162 206
162 208
162 217
162 218
162 242
162 255
162 266
162 267
162 269
162 293
163 2
163 13
163 25
163 29
163 39
163 44
163 47
163 70
163 73
163 80
163 120
163 129
163 143
163 152
163 160
163 201
163 202
163 203
163 218
163 244
163 245
163 278
164 54
164 69
164 73
164 79
164 94
164 134
164 161
164 185
164 188
164 227
164 233
164 235
164 253
164 263
164 299
165 4
165 41
165 51
165 72
165 92
165 110
165 114
165 147
165 152
165 159
165 173
165 174
165 189
165 231
166 2
166 22
166 29
166 30
166 45
166 54
166 57
166 58
166 73
166 81
166 128
166 135
166 153
166 193
166 204
166 215
166 216
166 233
166 242
166 251
166 267
166 274
166 300
167 36
167 66
167 71
167 87
167 90
167 113
167 142
167 151
167 167
167 184
167 219
167 261
167 265
167 292
168 6
168 7
168 16
168 25
168 45
168 54
168 89
168 94
168 104
168 117
168 132
168 140
168 142
168 216
168 219
168 245
168 259
168 288
168 294
169 12
169 22
169 38
169 53
169 64
169 144
169 162
169 176
169 204
169 207
169 217
169 261
169 272
170 33
170 49
170 72
170 100
170 103
170 119
170 122
170 216
170 234
170 272
171 22
171 34
171 118
171 204
171 230
171 241
171 256
171 263
171 272
171 297
172 38
172 40
172 46
172 76
172 82
172 83
172 143
172 147
172 161
172 171
172 221
172 227
172 239
172 241
172 271
172 297
173 7
173 8
173 22
173 23
173 32
173 42
173 54
173 73
173 75
173 78
173 99
173 118
173 136
173 145
173 154
173 201
173 206
173 250
173 257
173 281
173 297
173 300
174 3
174 14
174 19
174 47
174 62
174 80
174 97
174 100
174 119
174 128
174 135
174 139
174 175
174 177
174 179
174 182
174 184
174 206
174 222
174 244
174 266
174 286
174 287
174 289
175 1
175 4
175 17
175 54
175 63
175 139
175 145
175 153
175 166
175 207
175 217
175 257
176 1
176 60
176 69
176 82
176 87
176 92
176 116
176 120
176 154
176 160
176 161
176 180
176 195
176 220
176 250
176 278
177 50
177 73
177 99
177 105
177 110
177 112
177 137
177 140
177 160
177 165
177 219
177 243
177 257
177 294
178 35
178 56
178 57
178 93
178 97
178 133
178 152
178 166
178 199
178 211
178 218
178 239
178 241
178 253
178 283
179 47
179 89
179 103
179 122
179 135
179 152
179 155
179 168
180 37
180 41
180 69
180 74
180 80
180 91
180 111
180 124
180 131
180 156
180 183
180 194
180 225
180 250
180 255
180 263
180 272
180 292
181 13
181 34
181 50
181 64
181 69
181 79
181 96
181 108
181 117
181 124
181 138
181 140
181 200
181 238
181 242
181 258
181 269
181 278
182 37
182 89
182 133
182 135
182 146
182 158
182 198
182 204
182 207
182 208
182 231
182 235
182 248
182 286
183 6
183 53
183 80
183 86
183 93
183 95
183 96
183 105
183 120
183 136
183 162
183 179
183 190
183 211
183 227
183 268
183 280
183 282
184 45
184 54
184 99
184 169
184 173
184 208
184 219
184 254
184 261
184 279
185 22
185 30
185 62
185 74
185 75
185 112
185 117
185 118
185 161
185 171
185 172
185 240
185 266
185 291
185 298
186 33
186 57
186 69
186 85
186 90
186 114
186 187
186 195
186 198
186 211
186 269
186 299
187 31
187 38
187 43
187 81
187 91
187 117
187 189
187 196
187 234
187 273
187 277
188 13
188 39
188 59
188 64
188 71
188 112
188 120
188 124
188 157
188 161
188 172
188 176
188 197
188 212
188 243
188 255
188 264
188 283
189 3
189 39
189 49
189 57
189 89
189 108
189 137
189 144
189 187
189 194
189 206
189 214
189 226
189 250
189 258
189 261
189 274
189 289
190 3
190 18
190 44
190 69
190 99
190 104
190 117
190 135
190 152
190 181
190 184
190 187
190 196
190 294
191 1
191 10
191 42
191 57
191 73
191 90
191 99
191 107
191 116
191 137
191 153
191 157
191 202
191 211
191 220
191 231
191 260
191 299
192 3
192 16
192 35
192 42
192 111
192 122
192 141
192 143
192 159
192 171
192 172
192 177
192 185
192 240
192 261
192 266
192 279
192 288
192 289
192 293
192 295
193 15
193 17
193 40
193 47
193 68
193 84
193 178
193 219
193 228
193 229
193 264
193 272
194 14
194 21
194 35
194 56
194 64
194 85
194 88
194 113
194 123
194 139
194 190
194 194
194 199
194 229
194 238
194 277
194 282
194 284
195 11
195 14
195 40
195 44
195 52
195 53
195 60
195 62
195 63
195 96
195 160
195 171
195 240
195 246
195 261
195 298
196 46
196 71
196 153
196 244
196 270
196 296
197 52
197 100
197 105
197 111
197 115
197 154
197 209
197 236
197 239
197 298
198 1
198 4
198 15
198 37
198 49
198 75
198 81
198 89
198 97
198 103
198 123
198 143
198 155
198 168
198 173
198 181
198 199
198 209
198 211
198 252
198 258
198 287
199 54
199 66
199 74
199 80
199 83
199 89
199 105
199 118
199 123
199 125
199 129
199 132
199 140
199 180
199 207
199 236
199 243
199 255
200 18
200 20
200 21
200 55
200 58
200 65
200 85
200 91
200 112
200 120
200 121
200 155
200 185
200 192
200 215
200 221
200 263
200 277
200 283
200 291
201 8
201 13
201 57
201 64
201 98
201 107
201 111
201 114
201 138
201 141
201 144
201 152
201 188
201 192
201 266
202 29
202 39
202 42
202 87
202 96
202 99
202 108
202 115
202 121
202 148
202 186
202 206
202 254
202 300
203 17
203 22
203 41
203 62
203 82
203 85
203 156
203 158
203 193
203 258
203 261
203 262
204 47
204 78
204 102
204 108
204 133
204 148
204 168
204 192
204 197
204 200
204 203
204 204
204 209
204 219
205 29
205 41
205 80
205 121
205 152
205 167
205 207
205 210
205 243
206 12
206 47
206 72
206 73
206 109
206 113
206 117
206 136
206 195
206 217
206 221
206 230
206 234
206 258
206 290
207 5
207 21
207 28
207 80
207 109
207 129
207 204
207 240
207 263
207 290
208 15
208 21
208 30
208 53
208 54
208 65
208 93
208 107
208 110
208 114
208 118
208 146
208 168
208 172
208 188
208 197
209 1
209 19
209 35
209 43
209 52
209 53
209 57
209 62
209 71
209 75
209 81
209 99
209 161
209 170
209 176
209 177
209 181
209 229
209 242
209 273
210 60
210 61
210 76
210 91
210 95
210 104
210 134
210 142
210 191
210 211
210 221
210 230
210 260
210 267
211 16
211 17
211 22
211 35
211 112
211 141
211 153
211 180
211 202
211 218
211 243
211 282
211 286
212 1
212 6
212 9
212 15
212 64
212 73
212 90
212 119
212 134
212 220
212 223
212 226
212 257
213 2
213 5
213 53
213 56
213 76
213 120
213 124
213 156
213 168
213 171
213 181
213 185
213 203
213 222
213 227
213 237
213 271
214 143
214 164
214 170
214 189
214 217
214 243
214 253
214 256
214 269
215 14
215 18
215 22
215 31
215 40
215 51
215 58
215 228
215 232
215 238
215 242
215 244
215 272
215 274
215 293
216 39
216 40
216 67
216 85
216 132
216 133
216 156
216 172
216 182
216 192
216 238
216 282
216 286
216 300
217 10
217 37
217 41
217 69
217 79
217 92
217 155
217 159
217 165
217 217
217 235
217 246
217 268
217 299
218 12
218 104
218 136
218 150
218 160
218 162
218 180
218 183
218 185
218 199
218 219
218 247
219 4
219 24
219 29
219 38
219 73
219 87
219 105
219 115
219 140
219 163
219 173
219 187
219 205
219 219
219 253
219 254
219 259
219 279
219 297
220 8
220 15
220 18
220 57
220 88
220 109
220 110
220 126
220 133
220 141
220 172
220 190
220 194
220 210
220 223
220 263
220 267
220 275
220 283
221 30
221 52
221 70
221 75
221 97
221 175
221 189
221 254
221 255
221 293
222 10
222 13
222 41
222 47
222 55
222 56
222 63
222 109
222 132
222 166
222 198
222 200
222 204
222 214
222 219
222 282
222 288
223 6
223 9
223 17
223 28
223 85
223 90
223 95
223 104
223 110
223 130
223 151
223 178
223 201
223 203
223 218
223 223
223 256
223 287
223 293
224 4
224 10
224 11
224 43
224 62
224 70
224 106
224 119
224 121
224 123
224 136
224 144
224 197
224 213
224 229
224 232
224 260
224 263
224 274
224 297
225 13
225 34
225 39
225 46
225 56
225 64
225 84
225 110
225 111
225 112
225 155
225 179
225 197
225 202
225 207
225 230
225 242
225 254
225 256
225 272
225 286
225 290
225 298
226 9
226 15
226 21
226 45
226 74
226 88
226 102
226 108
226 159
226 184
226 191
226 203
226 216
226 241
226 255
226 273
227 38
227 39
227 61
227 70
227 79
227 80
227 108
227 115
227 125
227 174
227 183
227 194
227 199
227 210
227 239
227 247
227 280
227 296
228 2
228 49
228 64
228 103
228 107
228 119
228 189
228 190
228 201
228 210
228 229
228 253
228 290
229 10
229 44
229 108
229 125
229 127
229 152
229 153
229 202
229 236
229 237
229 238
229 264
229 288
230 8
230 55
230 66
230 77
230 89
230 165
230 176
230 218
230 221
230 253
230 297
230 298
231 5
231 6
231 18
231 22
231 44
231 58
231 60
231 74
231 76
231 83
231 128
231 133
231 162
231 174
231 177
231 186
231 206
232 16
232 59
232 66
232 69
232 92
232 127
232 134
232 135
232 162
232 163
232 197
232 215
232 222
232 226
232 251
232 272
233 29
233 39
233 62
233 86
233 88
233 89
233 116
233 165
233 172
233 193
233 279
234 15
234 17
234 48
234 80
234 81
234 82
234 116
234 128
234 138
234 154
234 165
234 178
234 181
234 192
234 242
234 258
234 283
235 5
235 20
235 39
235 45
235 59
235 82
235 101
235 104
235 180
235 185
235 218
235 239
235 278
235 283
235 284
236 7
236 8
236 39
236 40
236 103
236 121
236 132
236 138
236 139
236 167
236 173
236 178
236 240
236 260
236 290
236 294
236 300
237 43
237 49
237 69
237 84
237 94
237 103
237 121
237 140
237 165
237 168
237 201
237 202
237 214
237 248
237 267
237 275
237 299
238 61
238 70
238 94
238 110
238 113
238 116
238 125
238 139
238 160
238 167
238 185
238 202
238 214
238 218
238 287
238 298
238 299
239 11
239 13
239 36
239 61
239 81
239 144
239 145
239 152
239 163
239 168
239 190
239 195
239 220
239 250
239 288
240 26
240 62
240 84
240 92
240 128
240 202
240 221
240 238
240 239
240 265
241 4
241 15
241 52
241 60
241 61
241 67
241 83
241 86
241 88
241 108
241 129
241 139
241 156
241 163
241 168
241 170
241 243
241 297
241 300
242 26
242 59
242 121
242 125
242 128
242 140
242 186
242 196
242 255
242 256
242 264
242 282
242 284
243 84
243 103
243 135
243 209
243 216
243 217
243 236
243 259
243 275
243 286
243 287
244 4
244 8
244 18
244 28
244 47
244 128
244 184
244 186
244 187
244 223
244 262
244 265
244 272
245 1
245 2
245 10
245 44
245 61
245 66
245 90
245 110
245 117
245 125
245 155
245 156
245 192
245 207
245 208
245 215
245 260
245 274
246 3
246 85
246 90
246 161
246 163
246 169
246 175
246 180
246 186
246 207
246 294
247 1
247 68
247 90
247 94
247 99
247 133
247 142
247 150
247 167
247 197
247 203
247 281
248 5
248 21
248 29
248 35
248 47
248 57
248 61
248 158
248 213
248 280
248 295
249 8
249 17
249 18
249 28
249 33
249 49
249 99
249 101
249 102
249 104
249 105
249 142
249 189
249 194
249 197
249 253
249 283
249 298
250 55
250 66
250 78
250 104
250 106
250 136
250 181
250 221
250 259
250 272
250 285
251 18
251 38
251 137
251 139
251 168
251 174
251 198
251 223
251 241
251 249
251 273
251 294
252 25
252 29
252 48
252 63
252 122
252 127
252 197
252 233
252 248
252 291
252 300
253 4
253 23
253 31
253 76
253 102
253 117
253 164
253 188
253 209
253 235
253 265
253 275
253 282
253 286
253 290
254 47
254 59
254 60
254 68
254 72
254 77
254 88
254 136
254 148
254 171
254 187
254 215
254 224
254 229
254 230
254 240
254 243
254 282
254 297
255 8
255 93
255 97
255 102
255 124
255 169
255 171
255 176
255 195
255 217
255 228
255 256
255 275
255 277
255 287
255 288
256 24
256 49
256 63
256 65
256 67
256 78
256 93
256 97
256 134
256 137
256 161
256 181
256 185
256 188
256 225
256 259
256 273
256 286
256 292
257 7
257 9
257 16
257 45
257 59
257 71
257 78
257 100
257 114
257 151
257 152
257 158
257 172
257 181
257 187
257 197
257 236
257 260
257 280
257 281
257 294
258 3
258 12
258 15
258 20
258 22
258 25
258 64
258 88
258 98
258 122
258 148
258 167
258 191
258 203
258 209
258 225
258 231
258 243
259 41
259 42
259 66
259 68
259 87
259 91
259 114
259 139
259 146
259 179
259 187
259 193
259 197
259 221
259 225
259 276
259 288
259 298
260 15
260 48
260 65
260 99
260 140
260 143
260 196
260 205
260 207
260 221
260 250
261 8
261 34
261 35
261 85
261 101
261 129
261 136
261 155
261 186
261 202
261 230
261 239
261 254
261 256
261 299
262 7
262 17
262 27
262 33
262 82
262 83
262 104
262 134
262 176
262 180
262 245
263 28
263 36
263 81
263 85
263 96
263 109
263 121
263 123
263 170
263 174
263 216
263 223
263 249
263 264
263 269
263 290
264 23
264 29
264 49
264 55
264 76
264 80
264 86
264 104
264 112
264 123
264 139
264 155
264 158
264 162
264 197
264 204
264 229
264 232
264 261
264 289
264 292
265 13
265 32
265 37
265 39
265 55
265 133
265 137
265 145
265 193
265 210
265 236
265 268
265 287
265 289
265 292
266 35
266 85
266 108
266 121
266 124
266 131
266 142
266 150
266 200
266 222
266 226
266 270
266 292
267 16
267 36
267 37
267 68
267 136
267 143
267 149
267 194
267 217
267 241
267 244
267 275
267 289
268 33
268 37
268 81
268 83
268 87
268 102
268 103
268 115
268 127
268 157
268 164
268 172
268 207
268 214
268 226
268 240
268 241
268 248
268 277
268 283
268 295
268 297
269 87
269 100
269 104
269 116
269 125
269 147
269 238
270 9
270 60
270 92
270 110
270 129
270 182
270 193
270 202
270 254
270 271
271 44
271 106
271 153
271 181
271 226
271 227
272 1
272 39
272 49
272 63
272 73
272 93
272 143
272 189
272 200
272 213
272 264
272 271
273 9
273 25
273 92
273 112
273 122
273 134
273 144
273 164
273 165
273 199
273 202
273 212
273 266
273 291
274 1
274 16
274 17
274 24
274 45
274 56
274 62
274 72
274 104
274 107
274 163
274 173
274 174
274 250
274 257
274 259
274 296
275 17
275 43
275 69
275 70
275 122
275 152
275 181
275 184
275 216
275 224
275 280
276 6
276 61
276 80
276 183
276 193
276 232
276 233
276 240
277 10
277 69
277 93
277 188
277 192
277 194
277 196
277 224
277 229
277 259
277 269
278 4
278 5
278 7
278 8
278 15
278 39
278 64
278 71
278 72
278 76
278 110
278 117
278 118
278 127
278 164
278 194
278 198
278 220
278 283
279 32
279 40
279 67
279 72
279 80
279 147
279 190
279 199
279 223
279 248
279 249
279 264
279 267
279 286
279 297
280 17
280 62
280 70
280 85
280 109
280 127
280 140
280 154
280 159
280 163
280 179
280 186
280 212
280 214
280 230
280 235
280 246
280 298
281 6
281 8
281 30
281 65
281 74
281 125
281 135
281 164
281 193
281 209
281 231
281 260
281 273
282 6
282 32
282 38
282 66
282 97
282 139
282 150
282 220
282 245
282 259
283 1
283 30
283 37
283 51
283 62
283 86
283 118
283 126
283 140
283 142
283 154
283 157
283 161
283 211
283 218
283 221
283 233
283 249
283 295
284 24
284 33
284 47
284 67
284 97
284 124
284 197
284 231
284 250
284 262
284 288
285 5
285 22
285 23
285 39
285 45
285 52
285 88
285 94
285 126
285 162
285 163
285 188
285 197
285 200
285 235
285 240
285 275
286 4
286 6
286 13
286 24
286 38
286 47
286 53
286 60
286 65
286 89
286 100
286 135
286 147
286 179
286 210
286 230
286 239
286 289
286 295
287 37
287 47
287 49
287 67
287 82
287 126
287 160
287 178
287 182
287 208
287 214
287 217
287 250
287 252
287 278
288 3
288 8
288 20
288 98
288 129
288 211
288 257
288 259
288 263
288 275
288 287
289 12
289 16
289 31
289 42
289 46
289 50
289 81
289 91
289 116
289 119
289 135
289 156
289 195
289 237
289 271
289 292
290 2
290 7
290 56
290 67
290 72
290 87
290 114
290 116
290 158
290 182
290 209
290 215
290 236
290 271
290 273
291 29
291 80
291 119
291 135
291 165
291 176
291 196
291 219
291 225
291 228
291 238
291 254
291 294
292 1
292 38
292 65
292 82
292 130
292 150
292 189
292 210
292 286
292 295
292 298
293 2
293 13
293 17
293 50
293 71
293 117
293 121
293 140
293 142
293 151
293 165
293 166
293 168
293 172
293 200
293 206
293 214
293 218
293 219
293 229
293 245
293 258
293 266
293 290
294 17
294 31
294 40
294 69
294 77
294 91
294 97
294 100
294 101
294 139
294 162
294 165
294 191
294 197
294 214
294 241
294 259
294 267
294 298
295 29
295 35
295 39
295 56
295 60
295 65
295 91
295 112
295 134
295 169
295 172
295 182
295 189
295 200
295 212
295 234
295 235
295 247
295 249
295 270
295 271
295 275
296 5
296 42
296 67
296 88
296 140
296 147
296 190
296 199
296 230
296 231
296 238
296 239
296 251
296 259
296 263
296 291
297 34
297 61
297 69
297 88
297 91
297 102
297 111
297 128
297 129
297 153
297 188
298 8
298 36
298 44
298 108
298 122
298 143
298 151
298 152
298 160
298 195
298 203
298 228
298 253
298 273
298 300
299 1
299 21
299 27
299 42
299 78
299 83
299 132
299 147
299 154
299 175
299 177
299 191
299 194
299 198
299 231
299 247
299 262
299 264
299 275
299 290
299 292
300 4
300 32
300 82
300 163
300 171
300 241
300 253
300 264
300 294
300 297
300 299
