150
2255
1 1
1 12
1 27
1 37
1 59
1 61
1 63
1 76
1 89
1 94
1 97
1 107
1 115
1 116
1 130
1 142
1 146
1 148
2 1
2 9
2 20
2 30
2 34
2 47
2 48
2 53
2 62
2 64
2 74
2 89
2 97
2 115
2 125
2 129
2 130
2 131
2 142
2 148
3 8
3 24
3 36
3 39
3 45
3 49
3 52
3 53
3 72
3 80
3 98
3 101
3 103
3 111
3 123
3 128
3 130
3 148
4 5
4 6
4 19
4 20
4 22
4 27
4 31
4 74
4 81
4 86
4 87
4 92
4 106
4 144
5 20
5 25
5 29
5 32
5 35
5 41
5 96
5 116
5 127
5 134
6 13
6 36
6 42
6 49
6 51
6 57
6 65
6 86
6 92
6 98
6 104
6 107
6 110
6 115
6 117
6 122
6 131
6 142
6 148
7 8
7 10
7 24
7 29
7 31
7 39
7 42
7 67
7 68
7 78
7 84
7 88
7 100
7 148
8 15
8 78
8 82
8 92
8 103
8 135
8 141
9 40
9 43
9 63
9 69
9 104
9 120
9 126
9 132
9 145
10 3
10 18
10 49
10 71
10 98
10 104
10 109
10 113
10 140
10 149
11 26
11 43
11 77
11 87
11 110
11 113
11 117
11 139
11 142
11 145
12 1
12 4
12 22
12 49
12 53
12 65
12 76
12 91
12 105
12 114
12 116
12 123
12 126
13 9
13 28
13 44
13 62
13 78
13 92
13 96
13 110
13 122
13 126
13 132
13 150
14 1
14 17
14 33
14 41
14 44
14 60
14 61
14 64
14 89
14 95
14 99
14 113
14 121
14 129
14 138
14 144
15 18
15 20
15 30
15 53
15 55
15 64
15 73
15 80
15 89
15 90
15 95
15 99
15 101
15 113
15 136
15 148
15 149
15 150
16 6
16 7
16 10
16 14
16 17
16 39
16 53
16 55
16 57
16 64
16 66
16 68
16 74
16 75
16 85
16 99
16 105
16 107
16 123
16 136
16 138
17 1
17 2
17 14
17 15
17 28
17 50
17 55
17 65
17 81
17 86
17 97
17 99
17 103
17 110
17 115
17 118
17 126
17 132
18 4
18 14
18 24
18 26
18 130
18 145
18 150
19 2
19 4
19 5
19 18
19 24
19 28
19 35
19 47
19 62
19 86
19 120
19 127
19 130
19 147
20 14
20 15
20 16
20 17
20 21
20 26
20 30
20 38
20 40
20 45
20 48
20 78
20 79
20 80
20 100
20 103
20 118
20 136
21 8
21 18
21 24
21 30
21 32
21 71
21 75
21 81
21 85
21 93
21 103
21 110
21 130
21 136
22 3
22 7
22 8
22 11
22 22
22 33
22 40
22 49
22 52
22 56
22 58
22 89
22 94
22 98
22 100
22 111
22 116
22 120
22 124
22 147
23 3
23 6
23 8
23 9
23 17
23 32
23 55
23 57
23 64
23 72
23 90
23 101
23 105
23 111
23 115
23 117
23 121
23 123
23 131
23 143
24 39
24 40
24 49
24 88
24 92
24 93
24 112
24 129
24 136
24 147
24 150
25 16
25 27
25 41
25 49
25 56
25 70
25 71
25 84
25 85
25 98
26 4
26 7
26 11
26 12
26 25
26 28
26 34
26 39
26 40
26 62
26 69
26 83
26 93
26 99
26 106
26 121
26 122
26 127
26 134
26 140
27 24
27 30
27 33
27 36
27 46
27 48
27 50
27 68
27 69
27 70
27 77
27 100
27 106
27 123
27 128
27 132
27 138
27 140
27 143
28 24
28 46
28 79
28 88
28 102
28 109
28 117
28 131
29 6
29 22
29 23
29 26
29 62
29 93
29 99
29 101
29 104
29 116
29 120
29 128
29 145
30 5
30 15
30 30
30 47
30 51
30 52
30 55
30 64
30 71
30 79
30 94
30 111
30 112
30 123
30 125
30 138
31 8
31 12
31 48
31 50
31 59
31 64
31 69
31 79
31 87
31 95
31 98
31 108
31 115
31 122
31 125
31 131
31 137
32 5
32 7
32 8
32 10
32 12
32 14
32 21
32 33
32 36
32 50
32 52
32 57
32 62
32 65
32 105
32 115
32 118
32 122
32 128
32 142
32 148
33 1
33 6
33 38
33 46
33 49
33 63
33 66
33 79
33 96
33 113
33 114
33 115
33 121
33 122
33 124
33 146
33 148
34 3
34 6
34 28
34 35
34 37
34 54
34 65
34 79
34 88
34 116
34 117
34 123
34 139
34 140
34 141
35 6
35 15
35 19
35 33
35 37
35 42
35 49
35 69
35 70
35 71
35 75
35 78
35 81
35 87
35 93
35 139
35 147
36 7
36 11
36 17
36 25
36 37
36 38
36 43
36 57
36 62
36 64
36 69
36 89
36 96
36 101
36 106
36 119
36 122
36 123
36 126
36 139
36 149
37 3
37 9
37 10
37 19
37 23
37 38
37 43
37 54
37 57
37 71
37 103
37 119
37 126
37 137
38 13
38 15
38 26
38 45
38 49
38 52
38 61
38 80
38 83
38 94
38 95
38 102
38 112
38 130
38 143
38 150
39 18
39 37
39 38
39 45
39 48
39 71
39 73
39 78
39 94
39 97
39 118
39 128
40 16
40 26
40 31
40 38
40 39
40 47
40 50
40 78
40 91
40 97
40 100
40 106
40 119
40 128
40 142
40 150
41 54
41 56
41 58
41 79
41 103
41 114
41 116
41 126
41 134
41 141
41 150
42 8
42 9
42 30
42 48
42 55
42 92
42 93
42 98
42 114
42 128
42 136
42 146
43 5
43 6
43 10
43 24
43 26
43 85
43 89
43 100
43 120
43 132
43 134
43 135
43 136
43 137
44 9
44 22
44 25
44 52
44 57
44 63
44 68
44 71
44 102
44 107
44 109
44 129
44 137
44 143
45 5
45 6
45 10
45 19
45 39
45 43
45 44
45 58
45 72
45 78
45 85
45 89
45 96
45 106
45 116
45 120
46 1
46 7
46 12
46 15
46 19
46 21
46 25
46 32
46 40
46 43
46 92
46 96
46 100
46 106
46 115
46 118
46 139
46 146
46 149
47 23
47 37
47 59
47 68
47 77
47 81
47 113
47 138
48 12
48 18
48 32
48 110
48 115
48 134
48 137
49 1
49 6
49 32
49 60
49 89
49 90
49 98
49 114
49 115
49 116
49 119
49 147
50 7
50 8
50 12
50 36
50 44
50 52
50 63
50 69
50 71
50 90
50 100
50 105
50 144
50 145
51 1
51 26
51 30
51 31
51 33
51 43
51 46
51 50
51 51
51 58
51 63
51 72
51 84
51 103
51 104
51 107
51 112
51 114
51 125
51 138
51 140
51 142
52 17
52 24
52 29
52 37
52 42
52 48
52 58
52 73
52 77
52 100
52 110
52 112
52 118
52 121
52 135
52 138
52 147
53 10
53 12
53 18
53 30
53 32
53 38
53 47
53 60
53 63
53 75
53 78
53 99
53 101
53 134
54 12
54 28
54 32
54 40
54 45
54 67
54 91
54 101
54 103
54 110
54 124
54 128
54 139
55 13
55 26
55 27
55 30
55 32
55 51
55 67
55 83
55 92
55 110
55 111
55 119
55 131
56 27
56 50
56 75
56 83
56 85
56 87
56 90
56 103
56 126
56 129
56 135
56 141
56 146
57 13
57 14
57 17
57 44
57 49
57 58
57 71
57 79
57 83
57 89
57 94
57 102
57 103
57 104
57 138
57 142
57 145
58 5
58 8
58 25
58 58
58 59
58 79
58 84
58 86
58 95
58 103
58 107
58 127
58 130
59 1
59 10
59 17
59 29
59 35
59 40
59 41
59 56
59 58
59 64
59 68
59 74
59 81
59 104
59 115
59 139
59 143
60 13
60 33
60 37
60 42
60 49
60 52
60 66
60 69
60 79
60 90
60 100
60 106
60 118
60 121
60 125
61 39
61 44
61 45
61 48
61 53
61 61
61 76
61 88
61 90
61 107
61 110
61 113
61 121
61 126
62 9
62 10
62 12
62 24
62 25
62 50
62 54
62 65
62 83
62 98
62 100
62 103
62 107
62 118
62 140
62 143
62 147
62 148
63 4
63 8
63 13
63 14
63 31
63 62
63 76
63 95
63 96
63 97
63 102
63 105
63 125
63 145
64 19
64 32
64 33
64 37
64 46
64 47
64 63
64 90
64 93
64 101
64 107
64 121
64 142
64 145
64 146
65 6
65 26
65 27
65 36
65 52
65 65
65 76
65 79
65 82
65 84
65 90
65 99
65 101
65 106
65 120
65 124
65 139
66 49
66 55
66 60
66 81
66 103
66 118
66 119
66 139
67 44
67 50
67 51
67 55
67 57
67 59
67 74
67 76
67 84
67 86
67 95
67 99
67 103
67 132
67 136
67 139
67 144
67 150
68 7
68 11
68 42
68 47
68 54
68 55
68 59
68 85
68 95
68 106
68 109
68 114
68 115
68 131
68 138
68 139
69 1
69 6
69 8
69 17
69 36
69 43
69 50
69 56
69 62
69 93
69 100
69 103
69 109
69 115
69 119
69 127
69 137
70 23
70 26
70 28
70 31
70 42
70 45
70 64
70 72
70 75
70 93
70 97
70 98
70 99
70 144
71 30
71 47
71 54
71 74
71 77
71 81
71 86
71 102
71 104
71 116
71 120
71 122
71 123
71 134
71 143
72 15
72 38
72 52
72 68
72 87
72 99
72 102
72 105
72 114
72 128
72 140
72 142
72 143
73 2
73 4
73 8
73 21
73 47
73 54
73 57
73 64
73 89
73 103
73 106
73 138
73 147
73 149
74 13
74 22
74 23
74 29
74 32
74 35
74 42
74 67
74 84
74 89
74 90
74 93
74 96
74 100
74 106
74 108
74 116
74 122
74 131
74 132
74 143
75 4
75 35
75 48
75 56
75 57
75 70
75 71
75 76
75 77
75 78
75 82
75 92
75 112
75 119
75 120
75 122
75 123
75 145
75 150
76 7
76 22
76 63
76 76
76 94
76 96
76 98
76 100
76 121
77 10
77 12
77 17
77 42
77 59
77 75
77 84
77 97
77 109
77 110
77 112
77 119
77 125
77 136
77 140
77 149
78 6
78 7
78 8
78 9
78 30
78 31
78 38
78 46
78 52
78 67
78 68
78 79
78 93
78 101
78 112
78 114
78 133
78 136
78 149
79 25
79 45
79 46
79 53
79 69
79 83
79 93
79 103
79 105
79 123
79 124
79 125
79 126
79 139
79 144
80 6
80 8
80 17
80 23
80 30
80 33
80 34
80 41
80 43
80 46
80 52
80 59
80 62
80 65
80 69
80 76
80 77
80 81
80 86
80 95
80 114
80 122
80 136
80 148
81 12
81 14
81 15
81 17
81 23
81 32
81 35
81 60
81 69
81 71
81 78
81 94
81 96
81 100
81 103
81 119
81 121
82 15
82 17
82 19
82 20
82 22
82 39
82 40
82 43
82 49
82 65
82 80
82 81
82 95
82 109
82 118
82 122
82 123
82 125
82 131
82 149
82 150
83 3
83 8
83 16
83 19
83 25
83 28
83 29
83 54
83 60
83 64
83 68
83 104
83 107
83 113
83 116
83 119
83 120
83 127
83 138
83 146
84 41
84 50
84 51
84 52
84 60
84 70
84 101
84 108
84 112
84 123
84 125
84 147
84 150
85 4
85 18
85 24
85 25
85 38
85 47
85 55
85 58
85 66
85 70
85 78
85 95
85 98
85 99
85 103
85 112
85 126
85 129
85 132
85 136
85 139
85 144
86 3
86 14
86 20
86 26
86 35
86 37
86 45
86 61
86 65
86 86
86 94
86 95
86 100
86 105
86 109
86 148
86 150
87 3
87 8
87 14
87 18
87 27
87 32
87 34
87 40
87 72
87 77
87 99
87 105
87 108
87 111
87 116
87 119
87 120
87 130
88 1
88 18
88 26
88 38
88 41
88 61
88 65
88 68
88 104
88 109
88 112
88 122
88 123
88 129
88 130
88 146
88 147
89 2
89 6
89 18
89 77
89 106
89 108
89 114
89 144
90 11
90 23
90 24
90 27
90 28
90 33
90 34
90 42
90 75
90 86
90 117
90 118
90 120
90 122
90 144
91 3
91 22
91 26
91 27
91 32
91 34
91 50
91 78
91 82
91 85
91 97
91 108
91 119
91 123
91 149
92 2
92 5
92 13
92 32
92 39
92 55
92 71
92 77
92 85
92 88
92 90
92 97
92 102
92 121
93 9
93 26
93 32
93 58
93 74
93 93
93 104
93 117
93 134
94 30
94 36
94 59
94 88
94 134
95 2
95 29
95 35
95 52
95 55
95 72
95 76
95 79
95 85
95 91
95 98
95 123
95 126
95 127
95 129
95 130
96 4
96 14
96 17
96 28
96 34
96 37
96 49
96 61
96 64
96 92
96 95
96 97
96 104
96 106
96 109
96 115
96 118
96 146
97 2
97 4
97 18
97 39
97 64
97 82
97 83
97 112
97 120
97 135
97 141
97 145
97 148
98 4
98 6
98 12
98 18
98 30
98 41
98 55
98 57
98 87
98 105
98 109
98 128
99 47
99 50
99 56
99 63
99 65
99 77
99 90
99 94
99 117
99 135
99 150
100 5
100 6
100 17
100 25
100 33
100 36
100 44
100 71
100 76
100 81
100 104
100 118
100 119
100 120
100 144
101 14
101 18
101 23
101 29
101 37
101 47
101 59
101 65
101 76
101 100
101 104
101 115
101 118
101 126
101 127
101 136
101 139
101 140
102 2
102 3
102 8
102 15
102 23
102 28
102 39
102 53
102 63
102 67
102 75
102 92
102 101
102 121
102 128
102 138
103 6
103 13
103 16
103 19
103 30
103 33
103 61
103 67
103 71
103 73
103 91
103 134
103 137
103 148
103 149
104 18
104 29
104 46
104 81
104 85
104 89
104 104
104 115
104 121
104 122
104 127
104 128
104 145
105 5
105 10
105 12
105 33
105 34
105 37
105 42
105 43
105 68
105 76
105 85
105 89
105 92
105 96
105 103
105 109
105 110
105 120
105 134
106 21
106 22
106 88
106 93
106 100
106 101
106 110
106 134
106 149
107 14
107 47
107 52
107 58
107 67
107 101
107 103
107 113
107 135
108 14
108 20
108 89
108 90
108 100
108 101
108 107
108 123
108 124
108 132
108 136
108 138
108 146
108 149
109 15
109 67
109 74
109 83
109 91
109 96
109 114
109 115
109 122
109 125
109 146
110 19
110 24
110 28
110 41
110 44
110 61
110 64
110 79
110 92
110 102
110 105
110 111
110 120
110 122
111 2
111 12
111 23
111 37
111 38
111 40
111 41
111 49
111 53
111 69
111 73
111 78
111 80
111 88
111 93
111 103
111 108
111 125
111 137
111 141
111 145
111 149
112 4
112 15
112 16
112 26
112 43
112 49
112 62
112 65
112 67
112 83
112 88
112 90
112 97
112 141
112 148
113 34
113 55
113 66
113 69
113 74
113 85
113 90
113 93
113 104
113 107
113 134
113 137
113 145
114 15
114 20
114 21
114 37
114 47
114 48
114 49
114 72
114 73
114 88
114 95
114 98
114 132
114 135
114 137
115 17
115 23
115 28
115 40
115 41
115 47
115 55
115 71
115 96
115 106
115 117
115 119
115 140
116 3
116 6
116 13
116 15
116 30
116 58
116 77
116 80
116 84
116 85
116 102
116 105
116 109
116 134
116 148
116 149
117 23
117 40
117 41
117 45
117 65
117 74
117 76
117 77
117 79
117 80
117 93
117 94
117 103
117 105
117 138
117 143
117 145
118 8
118 13
118 21
118 38
118 53
118 86
118 87
118 96
118 122
118 138
119 4
119 7
119 9
119 31
119 32
119 38
119 39
119 46
119 63
119 79
119 92
119 110
119 117
119 127
119 133
120 7
120 12
120 23
120 44
120 56
120 59
120 66
120 67
120 85
120 104
120 112
120 130
120 150
121 14
121 15
121 22
121 25
121 34
121 56
121 57
121 60
121 72
121 107
121 117
121 121
121 136
121 141
121 143
121 147
121 150
122 6
122 29
122 36
122 41
122 46
122 70
122 75
122 76
122 97
122 109
122 115
122 126
122 135
122 137
122 140
122 142
123 26
123 29
123 45
123 52
123 54
123 55
123 69
123 71
123 94
123 128
123 130
124 5
124 10
124 17
124 26
124 62
124 72
124 87
124 91
124 96
124 99
124 100
124 112
124 115
124 128
124 131
124 137
124 147
124 148
125 2
125 23
125 28
125 39
125 49
125 57
125 77
125 81
125 92
125 102
125 113
125 120
125 121
125 126
125 138
126 14
126 19
126 20
126 22
126 26
126 27
126 39
126 47
126 56
126 66
126 76
126 79
126 90
126 94
126 109
126 111
126 112
126 124
127 2
127 9
127 43
127 60
127 62
127 71
127 74
127 77
127 80
127 111
127 112
127 113
127 114
127 122
128 32
128 34
128 49
128 51
128 55
128 58
128 67
128 69
128 70
128 88
128 91
128 96
128 101
128 105
128 115
128 123
128 124
128 132
128 136
129 1
129 5
129 6
129 10
129 14
129 15
129 20
129 35
129 51
129 60
129 62
129 65
129 93
129 95
129 99
129 114
129 118
129 122
129 128
129 148
130 4
130 14
130 17
130 22
130 32
130 40
130 52
130 55
130 56
130 62
130 73
130 77
130 90
130 96
130 100
130 113
130 114
130 143
130 148
131 9
131 13
131 17
131 41
131 50
131 53
131 55
131 61
131 62
131 82
131 97
131 98
131 122
131 130
131 133
131 138
131 139
131 147
132 2
132 6
132 27
132 35
132 49
132 52
132 53
132 66
132 71
132 73
132 76
132 82
132 93
132 97
132 98
132 105
132 108
132 130
132 135
132 142
132 144
132 145
132 149
133 11
133 18
133 32
133 33
133 48
133 59
133 79
133 87
133 98
133 103
133 107
133 115
133 129
133 132
133 135
133 144
134 3
134 12
134 15
134 26
134 32
134 38
134 56
134 59
134 72
134 75
134 85
134 97
134 99
134 121
134 129
134 134
134 138
134 140
134 144
134 148
135 2
135 7
135 8
135 39
135 41
135 47
135 53
135 64
135 78
135 87
135 91
135 96
135 114
135 115
135 119
135 120
135 122
135 125
135 138
135 146
136 9
136 10
136 33
136 39
136 47
136 59
136 74
136 80
136 92
136 97
136 106
136 121
136 129
136 138
136 142
137 29
137 31
137 58
137 66
137 71
137 87
137 91
137 101
137 109
137 113
137 123
137 128
138 17
138 18
138 30
138 33
138 35
138 44
138 46
138 49
138 56
138 66
138 86
138 92
138 95
138 106
138 148
139 24
139 37
139 51
139 59
139 75
139 80
139 86
139 93
139 94
139 98
139 107
139 123
139 149
140 1
140 6
140 8
140 11
140 15
140 24
140 47
140 48
140 57
140 62
140 72
140 76
140 99
140 111
140 113
140 121
140 131
140 142
141 14
141 45
141 56
141 85
141 93
141 116
141 119
141 138
141 139
141 143
141 144
142 10
142 12
142 16
142 35
142 40
142 43
142 51
142 66
142 86
142 143
143 3
143 12
143 13
143 26
143 46
143 52
143 62
143 63
143 77
143 91
143 100
143 101
143 116
143 118
143 132
143 133
143 139
143 140
143 143
144 10
144 32
144 34
144 39
144 47
144 59
144 92
144 114
144 122
144 134
144 147
145 66
145 69
145 79
145 80
145 91
145 96
145 99
145 106
145 118
145 130
145 133
145 141
145 144
146 11
146 20
146 56
146 68
146 81
146 83
146 115
146 123
146 133
147 22
147 26
147 29
147 74
147 75
147 79
147 80
147 91
147 99
147 103
147 108
147 120
147 121
147 129
147 143
148 10
148 25
148 29
148 49
148 65
148 66
148 67
148 69
148 72
148 76
148 79
148 87
148 95
148 97
148 102
148 119
148 124
148 147
149 4
149 15
149 29
149 32
149 64
149 68
149 74
149 76
149 81
149 96
149 143
149 150
150 13
150 29
150 36
150 49
150 53
150 54
150 60
150 69
150 77
150 83
150 100
150 115
150 122
150 125
150 137
150 140
150 148
