200
4068
1 11
1 16
1 35
1 50
1 66
1 70
1 79
1 92
1 104
1 114
1 120
1 123
1 140
1 143
1 152
1 154
1 157
1 161
1 169
1 176
1 187
1 191
1 200
2 5
2 13
2 19
2 28
2 35
2 37
2 52
2 61
2 67
2 74
2 89
2 92
2 99
2 128
2 133
2 137
2 139
2 151
2 169
2 187
2 190
2 198
2 199
3 1
3 12
3 17
3 27
3 37
3 42
3 46
3 48
3 58
3 65
3 73
3 74
3 75
3 83
3 86
3 87
3 93
3 102
3 105
3 127
3 131
3 132
3 147
3 157
3 161
3 162
3 187
3 194
3 195
3 197
3 199
4 7
4 11
4 18
4 22
4 38
4 52
4 81
4 91
4 119
4 182
4 196
5 4
5 24
5 32
5 45
5 48
5 49
5 50
5 59
5 89
5 94
5 100
5 114
5 116
5 120
5 123
5 164
5 176
5 196
6 6
6 8
6 41
6 46
6 57
6 70
6 84
6 100
6 110
6 125
6 132
6 137
6 144
6 148
6 149
6 196
7 3
7 20
7 26
7 28
7 37
7 55
7 56
7 77
7 86
7 93
7 102
7 115
7 116
7 131
7 145
7 157
7 164
7 165
7 170
7 194
8 11
8 15
8 23
8 25
8 26
8 34
8 40
8 50
8 54
8 56
8 62
8 68
8 77
8 81
8 87
8 92
8 113
8 115
8 138
8 141
8 142
8 148
8 174
8 180
8 197
9 5
9 14
9 15
9 31
9 34
9 57
9 58
9 85
9 91
9 92
9 116
9 120
9 128
9 129
9 140
9 167
9 170
9 175
9 184
9 189
10 47
10 49
10 53
10 82
10 83
10 91
10 94
10 104
10 107
10 115
10 120
10 164
10 177
10 181
11 7
11 8
11 16
11 18
11 24
11 29
11 42
11 43
11 64
11 73
11 76
11 90
11 92
11 120
11 121
11 125
11 129
11 147
11 153
11 161
11 168
11 173
11 176
11 185
11 186
11 188
11 194
11 199
12 3
12 8
12 10
12 12
12 20
12 21
12 38
12 48
12 51
12 54
12 60
12 74
12 75
12 76
12 93
12 128
12 129
12 153
12 175
12 177
12 194
13 7
13 13
13 18
13 22
13 32
13 40
13 48
13 53
13 56
13 58
13 62
13 70
13 75
13 83
13 89
13 99
13 101
13 106
13 122
13 127
13 140
13 144
13 148
13 159
13 160
13 162
13 174
13 187
13 188
13 197
14 1
14 6
14 13
14 19
14 41
14 46
14 47
14 48
14 50
14 52
14 53
14 58
14 65
14 80
14 85
14 86
14 97
14 101
14 106
14 128
14 131
14 155
14 180
14 181
14 182
14 184
15 7
15 13
15 15
15 16
15 35
15 48
15 71
15 82
15 87
15 115
15 116
15 132
15 143
15 146
15 153
15 158
15 159
15 161
15 162
15 191
16 21
16 37
16 44
16 51
16 52
16 100
16 109
16 114
16 116
16 122
16 134
16 175
16 178
16 190
17 27
17 31
17 33
17 49
17 64
17 76
17 78
17 82
17 86
17 98
17 107
17 116
17 118
17 121
17 128
17 130
17 132
17 138
17 163
17 168
17 189
17 195
18 3
18 7
18 9
18 19
18 23
18 26
18 44
18 55
18 79
18 86
18 102
18 121
18 125
18 162
18 179
18 190
19 1
19 4
19 14
19 16
19 17
19 19
19 40
19 66
19 71
19 83
19 92
19 97
19 100
19 120
19 124
19 136
19 144
19 161
19 164
19 198
20 17
20 20
20 36
20 38
20 48
20 51
20 58
20 59
20 62
20 70
20 78
20 79
20 87
20 97
20 100
20 103
20 108
20 114
20 135
20 145
20 157
20 161
20 171
20 193
20 195
20 196
20 198
21 9
21 25
21 46
21 52
21 57
21 59
21 62
21 68
21 70
21 76
21 86
21 88
21 89
21 92
21 94
21 107
21 108
21 116
21 130
21 143
21 147
21 162
21 174
21 178
21 196
21 197
22 38
22 41
22 48
22 55
22 59
22 63
22 76
22 79
22 83
22 89
22 106
22 112
22 117
22 120
22 121
22 128
22 129
22 139
22 140
22 142
22 151
22 152
22 168
22 176
22 177
22 193
23 4
23 5
23 15
23 21
23 27
23 33
23 43
23 47
23 84
23 87
23 94
23 101
23 104
23 120
23 166
23 168
23 186
23 187
23 191
23 193
24 7
24 13
24 21
24 25
24 26
24 27
24 56
24 64
24 66
24 67
24 77
24 82
24 90
24 99
24 119
24 132
24 134
24 136
24 137
24 144
24 156
24 179
24 200
25 7
25 22
25 71
25 89
25 94
25 97
25 139
25 145
25 162
25 177
25 180
25 188
25 191
26 6
26 10
26 30
26 39
26 59
26 69
26 75
26 85
26 97
26 98
26 101
26 119
26 123
26 128
26 132
26 135
26 141
26 143
26 150
26 155
26 186
26 196
26 199
27 9
27 29
27 37
27 54
27 64
27 77
27 80
27 112
27 114
27 125
27 138
27 140
27 148
27 149
27 159
27 171
27 172
27 192
28 5
28 25
28 37
28 42
28 55
28 56
28 58
28 65
28 66
28 68
28 70
28 76
28 88
28 95
28 96
28 102
28 103
28 105
28 110
28 127
28 129
28 131
28 138
28 142
28 143
28 149
28 153
28 159
28 165
28 173
28 176
28 178
28 179
28 185
29 18
29 25
29 47
29 57
29 61
29 69
29 86
29 90
29 99
29 108
29 109
29 126
29 131
29 134
29 136
29 142
29 180
30 19
30 20
30 52
30 56
30 63
30 79
30 85
30 89
30 90
30 93
30 101
30 106
30 112
30 121
30 124
30 131
30 132
30 135
30 146
30 152
30 156
30 172
30 175
30 177
30 182
31 6
31 7
31 14
31 27
31 36
31 37
31 61
31 65
31 81
31 82
31 103
31 104
31 105
31 108
31 121
31 126
31 132
31 161
31 171
31 185
31 186
32 7
32 18
32 47
32 51
32 58
32 81
32 86
32 117
32 118
32 121
32 135
32 140
32 145
32 148
32 149
32 166
32 172
32 173
32 178
32 183
32 191
33 7
33 13
33 31
33 35
33 44
33 61
33 65
33 75
33 78
33 97
33 99
33 102
33 108
33 110
33 120
33 152
33 154
33 156
33 158
33 160
33 168
33 174
33 175
34 8
34 13
34 21
34 35
34 41
34 52
34 54
34 55
34 63
34 84
34 86
34 88
34 91
34 97
34 107
34 132
34 137
34 142
34 158
34 166
34 173
34 178
34 186
34 189
34 193
35 9
35 46
35 49
35 59
35 65
35 75
35 77
35 79
35 91
35 101
35 104
35 111
35 116
35 124
35 128
35 163
35 169
35 191
36 5
36 8
36 9
36 10
36 20
36 28
36 31
36 36
36 42
36 44
36 63
36 91
36 118
36 126
36 139
36 181
36 191
37 32
37 43
37 44
37 47
37 68
37 75
37 93
37 103
37 119
37 122
37 135
37 143
37 147
37 169
37 174
37 180
38 2
38 8
38 61
38 84
38 88
38 106
38 108
38 110
38 119
38 120
38 125
38 131
38 134
38 143
38 150
38 183
38 197
38 200
39 12
39 27
39 39
39 51
39 57
39 75
39 116
39 128
39 141
39 144
39 145
39 146
39 156
39 160
39 164
39 180
39 182
39 189
39 197
39 198
39 199
40 18
40 35
40 37
40 38
40 50
40 56
40 60
40 62
40 72
40 82
40 88
40 94
40 118
40 120
40 121
40 136
40 145
40 151
40 152
40 170
40 171
40 180
40 183
40 186
40 195
40 196
41 1
41 12
41 50
41 55
41 66
41 70
41 71
41 73
41 76
41 84
41 91
41 108
41 124
41 131
41 147
41 148
41 150
41 162
41 166
41 168
41 194
41 197
42 8
42 9
42 15
42 17
42 27
42 39
42 46
42 51
42 56
42 61
42 91
42 92
42 106
42 108
42 119
42 121
42 134
42 178
43 8
43 21
43 26
43 47
43 59
43 61
43 63
43 90
43 99
43 107
43 112
43 129
43 133
43 141
43 142
43 145
43 147
43 155
43 164
43 171
43 173
43 176
43 184
44 16
44 30
44 39
44 43
44 46
44 53
44 76
44 114
44 129
44 144
44 149
44 174
44 182
45 15
45 26
45 32
45 38
45 67
45 76
45 80
45 88
45 100
45 108
45 125
45 131
45 141
45 151
45 153
45 162
45 164
45 177
45 181
45 195
46 7
46 9
46 27
46 33
46 49
46 63
46 73
46 76
46 84
46 88
46 168
46 175
46 181
46 182
46 185
46 186
46 197
46 198
47 11
47 17
47 23
47 28
47 31
47 42
47 51
47 55
47 60
47 72
47 78
47 110
47 116
47 135
47 153
47 175
47 183
47 189
48 6
48 25
48 27
48 30
48 31
48 50
48 51
48 52
48 56
48 82
48 117
48 119
48 143
48 168
48 178
48 197
49 15
49 41
49 42
49 49
49 61
49 68
49 69
49 100
49 109
49 133
49 137
49 142
49 143
49 154
49 159
49 168
49 170
49 179
49 183
49 186
49 198
50 1
50 4
50 8
50 9
50 10
50 11
50 17
50 32
50 36
50 65
50 75
50 81
50 89
50 95
50 98
50 101
50 108
50 119
50 121
50 155
50 157
50 164
50 193
50 197
50 200
51 11
51 16
51 20
51 22
51 35
51 52
51 72
51 73
51 89
51 94
51 97
51 101
51 103
51 126
51 127
51 151
51 157
51 173
51 180
51 181
51 190
51 192
51 195
52 7
52 16
52 19
52 21
52 30
52 34
52 60
52 66
52 70
52 72
52 109
52 118
52 125
52 142
52 156
53 5
53 18
53 36
53 44
53 68
53 70
53 72
53 82
53 83
53 96
53 108
53 113
53 121
53 132
53 144
53 148
53 150
53 163
53 166
53 180
53 187
53 189
54 3
54 11
54 14
54 18
54 30
54 54
54 64
54 69
54 72
54 99
54 104
54 106
54 110
54 111
54 113
54 119
54 122
54 138
54 146
54 156
54 173
54 190
55 6
55 19
55 21
55 27
55 28
55 31
55 35
55 48
55 58
55 63
55 87
55 89
55 94
55 104
55 112
55 116
55 122
55 126
55 127
55 141
55 151
55 167
55 169
55 175
56 37
56 46
56 50
56 63
56 72
56 101
56 110
56 114
56 122
56 138
56 158
56 171
56 172
56 180
56 183
56 192
57 2
57 3
57 13
57 22
57 60
57 69
57 74
57 104
57 105
57 111
57 128
57 135
57 159
57 170
57 187
57 189
57 197
57 198
58 6
58 7
58 17
58 34
58 36
58 42
58 74
58 84
58 88
58 101
58 113
58 126
58 135
58 148
58 156
58 158
58 163
58 172
58 180
58 185
58 198
59 12
59 15
59 60
59 70
59 89
59 113
59 115
59 119
59 141
59 142
59 160
59 172
59 179
59 188
59 191
59 200
60 17
60 18
60 25
60 46
60 48
60 57
60 60
60 70
60 71
60 114
60 116
60 121
60 123
60 127
60 141
60 181
60 188
60 194
61 36
61 39
61 54
61 56
61 77
61 111
61 119
61 141
61 158
61 162
61 169
61 178
61 195
61 200
62 71
62 115
62 120
62 131
62 150
62 158
62 161
62 166
62 171
62 186
62 188
63 16
63 19
63 24
63 31
63 34
63 46
63 59
63 67
63 69
63 76
63 87
63 91
63 97
63 98
63 132
63 139
63 147
63 153
63 159
63 163
63 189
64 13
64 14
64 26
64 27
64 38
64 42
64 47
64 54
64 63
64 66
64 71
64 76
64 82
64 87
64 90
64 104
64 115
64 116
64 125
64 127
64 152
64 155
64 156
64 162
64 191
64 192
65 8
65 10
65 22
65 33
65 51
65 59
65 72
65 74
65 82
65 90
65 92
65 101
65 115
65 119
65 120
65 129
65 144
65 150
65 154
65 155
65 162
65 165
65 175
65 183
65 191
65 193
66 18
66 22
66 33
66 35
66 45
66 61
66 66
66 68
66 88
66 110
66 114
66 158
66 166
66 177
66 184
66 188
66 195
67 4
67 13
67 25
67 26
67 30
67 31
67 38
67 39
67 57
67 82
67 116
67 175
67 181
68 1
68 11
68 15
68 31
68 42
68 61
68 72
68 75
68 91
68 92
68 94
68 95
68 101
68 103
68 114
68 122
68 130
68 163
68 169
68 191
68 199
69 3
69 12
69 26
69 34
69 35
69 45
69 55
69 81
69 85
69 105
69 122
69 132
69 140
69 143
69 151
69 162
69 184
70 2
70 6
70 17
70 23
70 41
70 43
70 47
70 49
70 51
70 72
70 80
70 102
70 114
70 115
70 131
70 158
70 167
70 173
70 186
70 193
71 2
71 9
71 12
71 25
71 42
71 47
71 68
71 71
71 79
71 83
71 99
71 102
71 104
71 122
71 145
71 183
71 187
71 193
72 27
72 29
72 44
72 46
72 51
72 53
72 55
72 63
72 78
72 81
72 84
72 92
72 97
72 107
72 124
72 136
72 137
72 150
72 191
72 196
73 2
73 6
73 8
73 16
73 19
73 20
73 24
73 28
73 30
73 32
73 52
73 53
73 72
73 83
73 86
73 102
73 128
73 130
73 142
73 144
73 150
73 155
73 158
73 159
73 160
73 169
73 177
73 196
74 23
74 27
74 33
74 42
74 47
74 81
74 90
74 94
74 104
74 110
74 114
74 116
74 126
74 129
74 152
74 162
74 178
74 192
74 196
75 1
75 19
75 26
75 40
75 48
75 51
75 57
75 59
75 79
75 94
75 103
75 124
75 138
75 144
75 162
75 165
75 194
75 197
75 200
76 7
76 16
76 17
76 30
76 31
76 46
76 48
76 56
76 83
76 84
76 90
76 100
76 120
76 126
76 130
76 133
76 138
76 142
76 147
76 166
76 175
76 176
76 177
76 178
76 192
77 14
77 42
77 44
77 48
77 49
77 53
77 54
77 84
77 94
77 96
77 102
77 106
77 110
77 123
77 128
77 130
77 138
77 141
77 159
77 167
77 170
77 190
77 192
77 200
78 2
78 15
78 29
78 35
78 43
78 46
78 54
78 56
78 78
78 79
78 81
78 82
78 89
78 95
78 124
78 133
78 136
78 144
78 149
78 157
78 163
78 167
78 168
78 177
78 199
79 2
79 18
79 19
79 24
79 43
79 44
79 52
79 60
79 68
79 79
79 81
79 94
79 112
79 113
79 128
79 134
79 139
79 144
79 146
79 150
79 160
79 162
79 170
79 171
79 195
79 199
80 7
80 14
80 15
80 28
80 29
80 33
80 38
80 43
80 48
80 135
80 151
80 159
80 161
80 162
80 163
80 167
80 176
80 187
80 199
81 26
81 34
81 70
81 72
81 76
81 95
81 103
81 105
81 113
81 147
81 157
81 165
81 166
81 196
82 8
82 22
82 39
82 43
82 47
82 49
82 87
82 110
82 112
82 113
82 127
82 147
82 156
82 161
82 195
82 200
83 1
83 13
83 26
83 33
83 44
83 45
83 46
83 49
83 57
83 74
83 98
83 136
83 146
83 167
83 168
83 196
84 6
84 7
84 11
84 26
84 39
84 47
84 49
84 60
84 73
84 90
84 96
84 98
84 114
84 123
84 127
84 139
84 140
84 154
84 159
84 165
84 174
84 186
85 27
85 32
85 41
85 42
85 45
85 48
85 64
85 72
85 111
85 119
85 149
85 151
85 166
85 177
85 180
85 188
85 192
86 8
86 18
86 26
86 53
86 55
86 62
86 81
86 101
86 107
86 112
86 131
86 134
86 149
86 159
86 170
86 176
86 177
86 181
87 1
87 14
87 23
87 36
87 40
87 51
87 55
87 57
87 58
87 84
87 92
87 103
87 104
87 109
87 112
87 116
87 117
87 120
87 124
87 132
87 145
87 157
87 159
87 161
87 167
87 173
87 175
87 178
88 16
88 30
88 34
88 69
88 78
88 82
88 83
88 86
88 91
88 97
88 107
88 112
88 115
88 126
88 129
88 131
88 146
88 153
88 156
88 166
88 172
88 179
88 188
88 195
88 196
89 3
89 16
89 19
89 20
89 37
89 43
89 46
89 48
89 53
89 72
89 85
89 91
89 93
89 115
89 148
89 155
89 182
89 191
89 199
90 15
90 22
90 34
90 49
90 76
90 80
90 87
90 90
90 99
90 101
90 116
90 131
90 135
90 140
90 152
90 178
90 194
90 199
91 4
91 5
91 12
91 14
91 17
91 20
91 26
91 29
91 43
91 73
91 82
91 83
91 89
91 98
91 122
91 141
91 146
91 165
91 192
91 195
91 196
92 39
92 59
92 73
92 93
92 102
92 105
92 137
92 143
92 147
92 150
92 165
92 171
92 173
92 185
92 188
92 198
93 9
93 10
93 13
93 18
93 21
93 28
93 37
93 59
93 66
93 68
93 72
93 75
93 92
93 94
93 95
93 96
93 97
93 103
93 105
93 108
93 120
93 124
93 125
93 174
93 186
93 189
94 16
94 21
94 23
94 25
94 29
94 30
94 58
94 87
94 118
94 136
94 138
94 139
94 151
94 152
94 187
95 2
95 7
95 15
95 38
95 39
95 45
95 48
95 61
95 69
95 85
95 103
95 112
95 114
95 117
95 126
95 128
95 136
95 142
95 146
95 156
95 157
95 158
95 166
95 170
95 187
95 199
96 12
96 28
96 32
96 34
96 36
96 44
96 45
96 48
96 57
96 71
96 82
96 87
96 108
96 112
96 115
96 117
96 138
96 145
96 149
96 159
96 164
96 165
97 25
97 39
97 63
97 68
97 69
97 77
97 82
97 90
97 101
97 103
97 138
97 140
97 150
97 156
97 178
97 184
97 197
98 10
98 12
98 14
98 34
98 50
98 61
98 63
98 65
98 69
98 71
98 73
98 89
98 100
98 138
98 140
98 165
98 168
98 176
98 179
98 180
98 185
98 197
98 200
99 2
99 10
99 16
99 26
99 33
99 40
99 49
99 55
99 59
99 61
99 69
99 78
99 79
99 91
99 112
99 124
99 151
99 157
99 166
99 174
99 197
100 1
100 16
100 19
100 20
100 25
100 26
100 28
100 38
100 43
100 45
100 46
100 56
100 86
100 87
100 94
100 107
100 119
100 128
100 158
100 167
100 171
100 178
100 182
100 185
100 191
101 5
101 9
101 12
101 35
101 38
101 40
101 41
101 44
101 47
101 49
101 66
101 75
101 86
101 94
101 95
101 112
101 114
101 128
101 131
101 150
101 156
101 196
101 197
102 29
102 34
102 36
102 68
102 79
102 98
102 109
102 120
102 125
102 141
102 143
102 152
102 164
102 167
103 8
103 65
103 67
103 77
103 88
103 95
103 105
103 114
103 137
103 142
103 143
103 145
103 154
103 160
103 167
103 169
103 190
103 197
104 6
104 7
104 8
104 14
104 21
104 22
104 40
104 64
104 81
104 103
104 104
104 112
104 115
104 123
104 127
104 156
104 161
104 163
104 178
104 186
105 7
105 30
105 68
105 71
105 75
105 92
105 93
105 94
105 122
105 125
105 131
105 169
105 171
105 172
105 180
105 191
105 197
105 199
106 1
106 24
106 30
106 57
106 65
106 75
106 85
106 91
106 95
106 104
106 106
106 120
106 145
106 154
106 163
106 166
106 168
106 176
106 186
106 197
107 3
107 9
107 38
107 41
107 68
107 76
107 85
107 100
107 108
107 110
107 113
107 114
107 129
107 153
107 158
107 193
107 200
108 35
108 37
108 42
108 59
108 63
108 72
108 91
108 95
108 97
108 100
108 101
108 117
108 128
108 133
108 134
108 137
108 139
108 141
108 149
108 155
108 161
108 165
108 171
108 172
108 180
108 181
108 182
108 187
108 199
109 14
109 44
109 49
109 76
109 80
109 81
109 101
109 124
109 130
109 131
109 136
109 141
109 142
109 147
109 149
109 156
109 169
109 172
109 178
109 193
109 195
110 5
110 7
110 14
110 15
110 34
110 101
110 134
110 135
110 154
110 174
110 177
111 15
111 17
111 25
111 30
111 55
111 56
111 60
111 88
111 102
111 112
111 134
111 149
111 158
111 178
111 186
111 197
112 1
112 18
112 50
112 56
112 73
112 80
112 91
112 116
112 119
112 124
112 127
112 134
112 148
112 149
112 154
112 163
112 170
112 172
112 174
112 190
112 192
112 195
112 196
113 28
113 42
113 54
113 63
113 75
113 86
113 89
113 92
113 99
113 103
113 117
113 121
113 144
113 163
113 171
113 177
113 184
113 193
113 194
113 198
114 2
114 3
114 6
114 12
114 23
114 25
114 71
114 94
114 95
114 98
114 104
114 110
114 138
114 147
114 149
114 191
114 194
114 197
114 198
115 3
115 41
115 52
115 65
115 66
115 74
115 76
115 84
115 93
115 142
115 150
115 152
115 157
115 162
115 174
115 176
115 177
115 179
115 183
116 5
116 8
116 24
116 27
116 39
116 44
116 83
116 91
116 98
116 105
116 108
116 114
116 126
116 135
116 142
116 145
116 166
116 173
116 175
116 176
116 178
116 186
116 192
116 195
116 196
116 197
117 1
117 12
117 17
117 19
117 24
117 40
117 43
117 64
117 69
117 83
117 102
117 105
117 106
117 109
117 111
117 119
117 129
117 142
117 151
117 152
117 153
117 179
117 180
117 197
118 8
118 26
118 54
118 57
118 59
118 70
118 73
118 103
118 106
118 141
118 144
118 149
118 154
118 160
118 163
118 166
118 167
118 175
118 190
119 10
119 27
119 50
119 53
119 55
119 63
119 65
119 69
119 77
119 79
119 110
119 111
119 114
119 115
119 118
119 138
119 141
119 144
119 153
119 156
119 166
119 172
119 180
119 184
120 35
120 66
120 84
120 102
120 109
120 120
120 125
120 167
120 177
120 199
121 7
121 12
121 13
121 22
121 52
121 64
121 89
121 102
121 105
121 125
121 127
121 144
121 150
121 160
121 166
121 177
121 185
121 187
121 189
122 3
122 7
122 27
122 36
122 37
122 38
122 39
122 40
122 53
122 55
122 58
122 67
122 74
122 84
122 86
122 118
122 119
122 123
122 140
122 150
122 152
122 179
122 185
123 37
123 42
123 51
123 69
123 83
123 94
123 102
123 104
123 112
123 125
123 126
123 135
123 149
123 175
123 191
123 196
123 198
124 14
124 25
124 35
124 36
124 45
124 90
124 91
124 96
124 97
124 98
124 102
124 110
124 127
124 134
124 144
124 153
124 168
124 174
124 180
124 184
124 199
125 12
125 14
125 33
125 46
125 73
125 95
125 112
125 117
125 130
125 143
125 162
125 164
125 166
125 179
125 189
125 194
126 6
126 10
126 22
126 28
126 30
126 37
126 44
126 71
126 99
126 123
126 135
126 136
126 146
126 153
126 162
126 174
126 179
126 193
126 196
126 200
127 3
127 4
127 9
127 12
127 19
127 28
127 50
127 52
127 59
127 68
127 77
127 98
127 108
127 109
127 113
127 117
127 119
127 135
127 138
127 142
127 149
127 162
127 192
127 193
128 17
128 27
128 28
128 33
128 37
128 47
128 58
128 64
128 72
128 73
128 88
128 89
128 95
128 102
128 112
128 113
128 120
128 132
128 137
128 150
128 163
128 179
128 185
129 2
129 5
129 10
129 13
129 14
129 16
129 29
129 62
129 65
129 66
129 67
129 85
129 91
129 109
129 110
129 119
129 122
129 129
129 143
129 147
129 157
129 161
129 163
129 177
129 181
129 192
130 14
130 17
130 21
130 36
130 59
130 94
130 96
130 105
130 112
130 115
130 126
130 129
130 133
130 149
130 153
130 163
130 166
130 176
130 177
130 184
130 196
131 11
131 26
131 35
131 38
131 45
131 53
131 63
131 73
131 117
131 123
131 125
131 138
131 139
131 151
131 152
131 153
131 157
131 168
131 199
132 32
132 36
132 47
132 51
132 54
132 62
132 65
132 74
132 77
132 85
132 86
132 98
132 109
132 122
132 124
132 142
132 147
132 153
132 168
132 184
133 15
133 24
133 39
133 42
133 47
133 51
133 60
133 62
133 68
133 80
133 85
133 88
133 102
133 112
133 120
133 123
133 149
133 151
133 156
133 157
133 172
133 181
133 188
134 15
134 16
134 21
134 23
134 24
134 34
134 55
134 60
134 68
134 70
134 75
134 76
134 85
134 89
134 93
134 109
134 111
134 118
134 119
134 122
134 123
134 131
134 136
134 155
134 157
134 164
134 172
134 175
134 181
134 182
134 190
135 3
135 13
135 24
135 31
135 34
135 38
135 47
135 58
135 68
135 80
135 91
135 105
135 115
135 126
135 139
135 141
135 146
135 148
135 149
135 155
135 161
135 184
136 10
136 17
136 21
136 32
136 35
136 47
136 57
136 73
136 82
136 88
136 105
136 112
136 119
136 127
136 155
136 173
137 4
137 30
137 34
137 50
137 71
137 88
137 102
137 109
137 112
137 115
137 122
137 128
137 131
137 152
137 155
137 163
137 166
137 181
137 196
137 197
138 1
138 4
138 17
138 28
138 34
138 73
138 78
138 80
138 82
138 102
138 110
138 117
138 127
138 135
138 145
138 148
138 149
138 183
138 184
138 192
139 2
139 19
139 21
139 25
139 39
139 49
139 70
139 74
139 78
139 82
139 94
139 110
139 114
139 123
139 124
139 127
139 135
139 181
139 190
139 193
140 3
140 23
140 32
140 42
140 60
140 63
140 81
140 86
140 88
140 90
140 94
140 108
140 129
140 133
140 139
140 140
140 160
140 182
141 8
141 46
141 50
141 52
141 54
141 60
141 61
141 62
141 66
141 71
141 94
141 95
141 100
141 115
141 136
141 143
141 150
141 160
141 187
141 189
141 190
141 199
142 2
142 5
142 17
142 20
142 30
142 39
142 46
142 49
142 67
142 72
142 77
142 87
142 94
142 98
142 106
142 107
142 155
142 162
142 163
142 173
142 176
142 189
142 199
143 9
143 18
143 24
143 28
143 72
143 98
143 111
143 120
143 122
143 154
143 155
143 160
143 168
143 171
143 179
143 183
143 190
144 1
144 19
144 47
144 49
144 56
144 63
144 72
144 73
144 96
144 99
144 105
144 106
144 125
144 127
144 139
144 143
144 147
144 148
144 152
144 160
144 170
144 186
144 190
144 197
145 2
145 5
145 28
145 60
145 72
145 81
145 88
145 90
145 95
145 109
145 111
145 123
145 129
145 156
145 165
145 174
145 180
145 183
146 8
146 15
146 19
146 23
146 29
146 30
146 34
146 40
146 45
146 48
146 49
146 50
146 60
146 70
146 76
146 81
146 89
146 94
146 103
146 105
146 110
146 119
146 126
146 129
146 134
146 141
146 148
146 159
146 161
146 163
146 166
146 168
146 176
146 177
146 190
146 200
147 2
147 7
147 12
147 34
147 38
147 62
147 64
147 75
147 105
147 110
147 112
147 117
147 138
147 139
147 142
147 152
147 177
147 184
147 192
148 11
148 24
148 25
148 29
148 45
148 60
148 87
148 104
148 115
148 135
148 138
148 143
148 154
148 162
148 173
148 185
149 7
149 8
149 9
149 24
149 37
149 42
149 44
149 66
149 67
149 72
149 79
149 80
149 84
149 88
149 92
149 101
149 121
149 125
149 150
149 154
149 178
149 181
149 196
150 32
150 45
150 67
150 71
150 75
150 89
150 94
150 97
150 101
150 112
150 129
150 130
150 131
150 158
150 167
150 177
150 188
151 17
151 20
151 25
151 28
151 31
151 41
151 42
151 44
151 46
151 47
151 58
151 72
151 95
151 137
151 140
151 144
151 150
151 179
152 3
152 19
152 31
152 34
152 38
152 43
152 46
152 49
152 54
152 60
152 73
152 74
152 84
152 109
152 126
152 152
152 169
152 173
152 191
153 18
153 20
153 25
153 35
153 43
153 46
153 47
153 64
153 111
153 114
153 121
153 131
153 139
153 155
153 156
153 160
153 182
153 188
154 6
154 28
154 39
154 50
154 54
154 58
154 60
154 68
154 91
154 105
154 107
154 128
154 136
154 147
154 171
154 183
154 184
154 187
154 188
155 2
155 7
155 17
155 23
155 26
155 27
155 45
155 59
155 77
155 88
155 89
155 91
155 106
155 110
155 123
155 139
155 144
155 174
155 187
156 2
156 24
156 41
156 42
156 43
156 57
156 89
156 97
156 100
156 102
156 108
156 120
156 122
156 133
156 148
156 149
156 178
157 2
157 6
157 22
157 24
157 33
157 38
157 49
157 69
157 82
157 103
157 114
157 120
157 121
157 130
157 146
157 147
157 149
157 151
157 168
157 174
157 177
157 178
157 179
157 180
157 183
157 196
158 2
158 11
158 13
158 30
158 31
158 35
158 38
158 41
158 47
158 62
158 68
158 79
158 94
158 96
158 99
158 126
158 128
158 136
158 141
158 165
158 177
158 180
159 32
159 52
159 58
159 74
159 81
159 89
159 106
159 119
159 147
159 148
159 161
159 181
159 189
159 199
160 2
160 3
160 24
160 26
160 40
160 41
160 47
160 56
160 58
160 69
160 70
160 79
160 109
160 125
160 160
160 164
160 172
160 176
160 182
161 7
161 9
161 14
161 15
161 29
161 43
161 44
161 52
161 55
161 72
161 75
161 86
161 88
161 96
161 126
161 127
161 149
161 160
161 191
161 198
162 5
162 9
162 35
162 37
162 43
162 60
162 66
162 96
162 100
162 111
162 113
162 117
162 119
162 140
162 153
162 155
162 159
162 182
162 186
162 199
163 10
163 20
163 27
163 54
163 69
163 72
163 81
163 127
163 141
163 170
163 174
163 176
163 188
163 192
163 199
164 5
164 8
164 15
164 17
164 29
164 62
164 71
164 75
164 87
164 92
164 93
164 117
164 123
164 126
164 130
164 167
164 184
164 193
164 195
165 34
165 44
165 59
165 63
165 80
165 111
165 117
165 139
165 142
165 146
165 159
165 173
165 177
165 181
165 196
166 2
166 14
166 34
166 60
166 62
166 64
166 68
166 84
166 92
166 106
166 124
166 160
166 164
166 177
166 200
167 4
167 12
167 15
167 16
167 23
167 27
167 31
167 34
167 41
167 44
167 46
167 48
167 55
167 57
167 59
167 74
167 81
167 92
167 101
167 106
167 143
167 165
167 177
167 193
167 196
168 1
168 19
168 23
168 24
168 30
168 42
168 47
168 66
168 69
168 86
168 91
168 104
168 107
168 133
168 137
168 156
168 167
168 168
168 178
168 198
169 2
169 5
169 8
169 10
169 14
169 18
169 19
169 30
169 60
169 69
169 77
169 83
169 89
169 96
169 124
169 127
169 129
169 130
169 157
169 168
170 22
170 24
170 28
170 37
170 47
170 50
170 56
170 64
170 71
170 74
170 75
170 76
170 108
170 139
170 142
170 190
170 191
170 193
171 19
171 29
171 34
171 60
171 67
171 93
171 100
171 123
171 142
171 150
171 166
171 171
171 177
171 181
171 192
171 194
172 3
172 5
172 9
172 20
172 37
172 39
172 46
172 53
172 65
172 73
172 79
172 80
172 87
172 88
172 96
172 109
172 123
172 130
172 131
172 135
172 142
172 147
172 148
172 165
172 176
172 183
172 185
172 187
172 198
172 200
173 6
173 31
173 48
173 52
173 66
173 77
173 84
173 109
173 126
173 130
173 136
173 143
173 149
173 154
173 166
173 174
173 179
173 194
174 6
174 7
174 17
174 31
174 53
174 55
174 57
174 81
174 105
174 130
174 134
174 141
174 148
174 155
174 167
174 180
174 181
174 199
175 9
175 28
175 34
175 35
175 37
175 85
175 91
175 98
175 101
175 104
175 105
175 107
175 144
175 149
175 156
175 157
175 159
175 168
175 171
175 174
175 188
175 191
176 9
176 13
176 35
176 57
176 71
176 77
176 78
176 79
176 84
176 89
176 99
176 106
176 107
176 121
176 131
176 135
176 147
176 148
176 161
176 182
177 7
177 9
177 29
177 35
177 63
177 77
177 89
177 90
177 101
177 108
177 126
177 138
177 139
177 149
177 152
177 163
177 167
177 177
177 189
177 196
178 4
178 40
178 49
178 55
178 63
178 73
178 84
178 87
178 113
178 119
178 122
178 164
178 168
178 171
178 173
178 174
178 182
178 189
178 193
178 198
179 7
179 12
179 23
179 31
179 33
179 55
179 70
179 80
179 84
179 96
179 103
179 108
179 146
179 159
179 168
179 189
179 198
180 16
180 20
180 26
180 29
180 41
180 49
180 51
180 55
180 63
180 68
180 80
180 106
180 110
180 113
180 123
180 152
180 153
180 160
180 176
180 180
180 187
181 5
181 10
181 16
181 18
181 21
181 27
181 42
181 44
181 48
181 65
181 71
181 92
181 97
181 102
181 112
181 114
181 116
181 119
181 121
181 125
181 135
181 170
181 179
181 188
181 196
182 3
182 10
182 15
182 18
182 24
182 31
182 32
182 40
182 43
182 46
182 47
182 55
182 60
182 71
182 72
182 79
182 91
182 97
182 115
182 120
182 124
182 130
182 161
182 172
182 173
182 175
182 181
183 30
183 60
183 63
183 64
183 65
183 67
183 70
183 98
183 101
183 120
183 121
183 127
183 155
183 156
183 157
183 163
183 183
184 22
184 23
184 29
184 46
184 59
184 82
184 97
184 99
184 102
184 134
184 135
184 136
184 147
184 151
184 160
184 188
184 189
184 199
185 7
185 21
185 39
185 41
185 61
185 64
185 76
185 122
185 174
186 1
186 3
186 18
186 21
186 23
186 29
186 55
186 62
186 66
186 67
186 81
186 90
186 95
186 101
186 113
186 130
186 135
186 166
186 168
186 173
186 176
186 181
186 189
186 190
186 196
186 200
187 8
187 20
187 45
187 54
187 66
187 77
187 80
187 89
187 100
187 106
187 113
187 116
187 117
187 128
187 131
187 134
187 139
187 147
187 178
187 183
187 194
188 3
188 17
188 21
188 31
188 33
188 34
188 43
188 55
188 84
188 100
188 104
188 112
188 118
188 122
188 128
188 129
188 135
188 147
188 159
188 164
188 169
188 189
188 190
189 2
189 10
189 13
189 16
189 50
189 55
189 56
189 78
189 91
189 97
189 139
189 170
189 182
189 184
189 187
189 194
190 7
190 8
190 22
190 30
190 35
190 44
190 49
190 52
190 53
190 57
190 71
190 80
190 82
190 86
190 107
190 129
190 133
190 138
190 154
190 165
190 168
190 175
190 180
190 181
190 188
191 15
191 26
191 41
191 44
191 46
191 57
191 68
191 74
191 75
191 81
191 88
191 94
191 96
191 121
191 157
191 171
191 193
192 5
192 11
192 17
192 31
192 36
192 38
192 41
192 42
192 46
192 60
192 64
192 78
192 97
192 106
192 113
192 124
192 131
192 134
192 141
192 142
192 151
192 154
192 158
192 180
192 185
193 5
193 28
193 30
193 57
193 65
193 69
193 83
193 88
193 105
193 110
193 113
193 127
193 133
193 152
193 153
193 160
193 170
193 173
193 192
194 14
194 18
194 41
194 70
194 73
194 77
194 94
194 109
194 126
194 128
194 133
194 142
194 146
194 147
194 150
194 154
194 186
194 193
194 195
194 197
195 8
195 20
195 50
195 58
195 62
195 70
195 78
195 83
195 88
195 100
195 102
195 111
195 112
195 116
195 125
195 127
195 130
195 132
195 138
195 139
195 142
195 151
195 184
196 16
196 18
196 22
196 39
196 40
196 42
196 77
196 89
196 90
196 93
196 106
196 109
196 120
196 124
196 133
196 134
196 137
196 156
196 183
196 188
196 189
196 196
196 200
197 3
197 11
197 19
197 25
197 42
197 48
197 59
197 83
197 86
197 106
197 130
197 134
197 136
197 169
197 187
197 190
198 5
198 24
198 49
198 50
198 60
198 65
198 69
198 70
198 91
198 155
198 161
198 174
198 176
198 177
198 186
199 8
199 19
199 22
199 29
199 31
199 54
199 55
199 60
199 69
199 74
199 78
199 80
199 86
199 88
199 96
199 134
199 136
199 138
199 141
199 151
199 170
199 187
199 200
200 4
200 43
200 50
200 51
200 58
200 117
200 120
200 132
200 157
200 163
200 173
200 174
200 177
200 183
200 188
200 191
