50
515
1 1
1 8
1 14
1 16
1 18
1 19
1 20
1 23
1 40
1 43
1 45
1 46
1 50
2 2
2 10
2 12
2 22
2 23
2 33
2 37
2 38
2 42
2 43
3 15
3 19
3 22
3 25
3 26
3 32
3 36
3 37
3 38
3 41
4 7
4 8
4 10
4 15
4 34
4 46
5 10
5 24
5 28
5 35
5 43
6 3
6 10
6 18
6 21
6 26
6 34
6 43
7 2
7 11
7 13
7 16
7 19
7 21
7 26
7 32
7 37
7 43
7 48
7 49
8 11
8 12
8 15
8 17
8 25
8 26
8 28
8 31
8 40
9 2
9 4
9 6
9 21
9 22
9 23
9 28
9 30
9 39
9 40
9 41
10 1
10 3
10 6
10 9
10 28
10 47
11 3
11 6
11 19
11 25
11 27
11 30
11 33
11 45
11 46
12 5
12 6
12 7
12 10
12 13
12 23
12 31
12 32
12 34
12 35
13 1
13 8
13 19
13 28
13 35
13 39
13 41
13 42
13 46
14 5
14 14
14 17
14 18
14 22
14 27
14 35
14 36
14 44
14 45
14 46
15 6
15 12
15 19
15 23
15 24
15 31
15 37
15 41
15 47
15 48
16 13
16 14
16 23
16 24
16 32
16 35
16 39
16 41
16 42
17 2
17 9
17 16
17 22
17 29
17 37
17 38
17 40
17 45
17 46
17 47
18 5
18 6
18 8
18 13
18 20
18 27
18 28
18 31
18 33
18 44
18 48
19 3
19 14
19 15
19 21
19 22
19 29
19 30
19 35
19 40
19 42
19 43
19 46
19 49
20 1
20 5
20 14
20 17
20 18
20 20
20 26
20 37
20 40
21 7
21 10
21 17
21 24
21 25
21 27
21 34
21 41
21 43
21 50
22 1
22 3
22 8
22 13
22 19
22 26
22 33
22 40
22 46
23 13
23 39
23 40
23 42
23 48
24 6
24 15
24 30
24 41
24 45
25 2
25 6
25 9
25 23
25 25
25 26
25 30
25 33
25 48
26 5
26 13
26 14
26 15
26 16
26 20
26 31
26 33
26 40
26 43
26 48
27 9
27 11
27 12
27 15
27 18
27 35
27 37
27 42
28 2
28 14
28 15
28 16
28 18
28 20
28 22
28 25
28 40
28 44
28 47
29 3
29 8
29 13
29 16
29 25
29 27
29 29
29 30
29 41
29 44
30 2
30 5
30 11
30 13
30 15
30 23
30 24
30 30
30 33
30 35
30 39
30 40
30 45
30 46
30 49
31 8
31 12
31 14
31 15
31 16
31 19
31 20
31 26
31 27
31 41
31 44
32 1
32 2
32 4
32 8
32 9
32 12
32 16
32 18
32 28
32 29
32 31
32 32
32 35
32 40
32 42
32 44
33 4
33 6
33 9
33 11
33 15
33 25
33 26
33 29
33 42
33 45
34 3
34 14
34 17
34 18
34 19
34 20
34 21
34 25
34 28
34 29
34 35
34 37
34 48
35 1
35 3
35 13
35 18
35 19
35 20
35 32
35 34
35 38
35 39
35 43
35 44
35 50
36 2
36 4
36 7
36 9
36 14
36 15
36 16
36 20
36 21
36 27
36 35
36 46
36 47
36 48
37 3
37 5
37 6
37 18
37 20
37 28
37 29
37 32
37 36
37 43
37 45
37 47
38 3
38 4
38 10
38 11
38 14
38 20
38 24
38 28
38 37
38 41
38 42
38 48
38 49
38 50
39 6
39 14
39 16
39 24
39 26
39 32
39 37
39 45
39 50
40 1
40 2
40 4
40 6
40 15
40 16
40 27
40 29
40 33
40 37
40 39
40 41
40 44
40 50
41 1
41 7
41 8
41 11
41 21
41 22
41 35
41 38
41 41
41 42
41 43
41 49
42 3
42 5
42 7
42 8
42 11
42 12
42 16
42 17
42 20
42 21
42 28
42 33
42 48
43 1
43 7
43 11
43 13
43 24
43 25
43 34
43 50
44 5
44 17
44 26
44 34
44 41
44 43
44 44
44 47
45 4
45 5
45 9
45 25
45 37
45 40
45 50
46 1
46 2
46 5
46 7
46 9
46 12
46 16
46 17
46 23
46 24
46 26
46 29
46 30
46 31
46 32
46 36
46 41
46 48
47 1
47 3
47 7
47 16
47 18
47 26
47 29
47 38
47 42
47 50
48 5
48 9
48 13
48 17
48 18
48 20
48 21
48 22
48 24
48 28
48 32
48 34
48 43
48 49
48 50
49 1
49 6
49 18
49 19
49 25
49 34
49 49
50 2
50 4
50 24
50 29
50 38
50 43
50 44
