50
718
1 2
1 3
1 4
1 6
1 13
1 14
1 15
1 17
1 23
1 24
1 31
1 34
1 37
1 38
1 44
1 45
2 2
2 4
2 8
2 12
2 18
2 19
2 22
2 24
2 25
2 29
2 33
2 36
2 40
2 41
3 2
3 3
3 9
3 13
3 14
3 15
3 16
3 17
3 20
3 24
3 25
3 39
3 43
4 3
4 9
4 11
4 18
4 21
4 30
4 35
4 38
4 44
4 47
4 49
5 1
5 10
5 11
5 17
5 19
5 20
5 23
5 24
5 30
5 31
5 32
5 37
5 43
5 47
5 49
6 2
6 4
6 6
6 7
6 8
6 9
6 14
6 16
6 18
6 20
6 22
6 28
6 31
6 32
6 34
6 35
6 38
6 39
6 47
7 1
7 3
7 8
7 11
7 13
7 15
7 16
7 22
7 26
7 31
7 35
7 40
7 43
7 47
7 49
8 1
8 10
8 12
8 17
8 21
8 26
8 30
8 33
8 36
8 40
8 41
8 45
8 48
9 1
9 3
9 7
9 10
9 11
9 18
9 19
9 34
9 35
9 44
9 46
9 48
10 2
10 4
10 6
10 11
10 12
10 14
10 15
10 17
10 22
10 23
10 24
10 25
10 29
10 30
10 34
10 40
10 41
10 42
10 43
10 45
10 48
10 50
11 1
11 6
11 9
11 12
11 17
11 18
11 20
11 22
11 24
11 26
11 29
11 30
11 31
11 33
11 37
11 39
11 42
11 50
12 3
12 8
12 11
12 12
12 14
12 15
12 18
12 20
12 24
12 29
12 40
12 41
12 43
12 46
12 49
12 50
13 4
13 5
13 9
13 12
13 18
13 19
13 22
13 23
13 27
13 28
13 32
13 40
13 46
14 3
14 7
14 10
14 15
14 16
14 20
14 27
14 32
14 49
14 50
15 2
15 6
15 11
15 14
15 18
15 19
15 21
15 25
15 28
15 33
15 34
15 36
15 37
15 40
15 44
15 50
16 7
16 9
16 10
16 11
16 12
16 14
16 16
16 18
16 25
16 26
16 27
16 35
16 36
16 37
16 42
16 49
17 6
17 10
17 14
17 15
17 29
17 30
17 35
17 38
17 40
17 43
17 46
17 47
17 50
18 3
18 8
18 12
18 24
18 27
18 38
18 44
19 3
19 4
19 6
19 7
19 9
19 14
19 18
19 20
19 22
19 23
19 25
19 26
19 30
19 36
19 37
19 42
19 44
20 1
20 4
20 6
20 7
20 8
20 9
20 13
20 21
20 26
20 33
20 39
20 40
20 42
20 46
20 47
20 48
20 50
21 4
21 5
21 6
21 11
21 17
21 18
21 26
21 28
21 30
21 33
21 34
21 36
21 37
21 39
21 45
21 47
21 49
22 6
22 8
22 15
22 21
22 28
22 34
22 38
22 40
22 46
22 50
23 6
23 8
23 9
23 11
23 12
23 20
23 21
23 23
23 26
23 32
23 35
23 38
23 39
23 41
23 44
23 45
23 47
24 5
24 8
24 16
24 19
24 23
24 26
24 30
24 31
24 35
24 36
24 39
24 40
24 41
24 48
25 1
25 4
25 5
25 12
25 20
25 21
25 22
25 27
25 29
25 33
25 37
25 38
25 41
25 48
25 50
26 1
26 2
26 14
26 15
26 19
26 27
26 28
26 29
26 30
26 31
26 35
26 36
26 43
26 44
26 48
26 50
27 1
27 2
27 5
27 8
27 15
27 23
27 25
27 26
27 28
27 29
27 34
27 37
27 38
27 41
27 43
27 44
28 5
28 6
28 13
28 14
28 19
28 23
28 27
28 29
28 30
28 34
28 38
28 42
28 43
28 44
28 48
28 49
28 50
29 7
29 17
29 19
29 21
29 32
29 37
29 40
30 8
30 10
30 11
30 15
30 16
30 17
30 18
30 19
30 29
30 33
30 36
30 40
30 41
30 42
30 43
30 45
31 4
31 11
31 14
31 16
31 23
31 26
31 38
31 40
31 41
31 43
31 49
32 9
32 11
32 14
32 21
32 24
32 25
32 30
32 33
32 36
32 37
32 46
32 48
33 1
33 3
33 4
33 9
33 11
33 12
33 19
33 27
33 29
33 34
33 36
33 39
33 43
33 46
33 49
34 2
34 8
34 14
34 16
34 19
34 20
34 21
34 25
34 27
34 34
34 35
34 38
34 48
34 49
35 2
35 4
35 6
35 7
35 17
35 18
35 19
35 23
35 29
35 31
35 32
35 36
35 37
35 38
35 41
35 43
35 46
35 48
36 2
36 9
36 12
36 13
36 14
36 17
36 19
36 24
36 28
36 32
36 36
36 37
36 38
36 40
36 48
36 49
36 50
37 10
37 14
37 18
37 30
37 38
37 43
37 44
37 46
37 50
38 4
38 12
38 14
38 17
38 33
38 36
38 38
38 39
38 42
39 3
39 10
39 12
39 14
39 19
39 25
39 42
39 43
40 6
40 7
40 11
40 12
40 19
40 25
40 29
40 30
40 35
40 36
40 41
40 42
40 46
40 49
41 1
41 6
41 10
41 14
41 17
41 23
41 28
41 32
41 35
41 36
41 45
41 47
41 49
41 50
42 1
42 9
42 11
42 12
42 13
42 16
42 20
42 21
42 23
42 27
42 28
42 30
42 40
42 45
43 1
43 2
43 5
43 7
43 10
43 14
43 15
43 17
43 20
43 21
43 24
43 25
43 27
43 33
43 35
43 42
43 50
44 1
44 3
44 4
44 5
44 12
44 13
44 14
44 16
44 17
44 19
44 24
44 30
44 32
44 39
44 48
44 49
45 1
45 3
45 4
45 5
45 7
45 10
45 12
45 14
45 17
45 21
45 26
45 30
45 34
45 38
45 40
45 42
45 47
45 49
46 7
46 14
46 15
46 18
46 19
46 21
46 22
46 24
46 25
46 29
46 31
46 38
46 45
47 3
47 6
47 12
47 13
47 15
47 16
47 19
47 21
47 23
47 25
47 26
47 31
47 37
47 41
47 46
47 49
48 4
48 5
48 10
48 11
48 14
48 18
48 22
48 26
48 30
48 47
48 49
49 1
49 3
49 4
49 7
49 10
49 12
49 13
49 16
49 17
49 19
49 22
49 23
49 32
49 37
49 39
49 43
49 44
49 50
50 2
50 8
50 10
50 13
50 15
50 20
50 21
50 25
50 30
50 32
50 33
50 34
50 36
50 37
50 44
50 50
