200
12033
1 3
1 14
1 20
1 23
1 26
1 27
1 30
1 34
1 39
1 40
1 41
1 44
1 45
1 48
1 55
1 61
1 62
1 75
1 77
1 79
1 80
1 81
1 82
1 83
1 84
1 89
1 90
1 98
1 103
1 104
1 110
1 114
1 119
1 122
1 123
1 124
1 126
1 128
1 131
1 133
1 139
1 141
1 147
1 156
1 158
1 160
1 164
1 166
1 169
1 172
1 176
1 184
1 185
1 186
1 191
1 193
1 195
1 197
2 2
2 5
2 8
2 12
2 15
2 18
2 20
2 24
2 25
2 26
2 27
2 31
2 33
2 35
2 38
2 42
2 44
2 46
2 49
2 51
2 52
2 53
2 58
2 61
2 64
2 76
2 82
2 83
2 87
2 89
2 92
2 93
2 94
2 95
2 97
2 100
2 102
2 103
2 109
2 111
2 114
2 116
2 119
2 123
2 130
2 131
2 134
2 135
2 137
2 146
2 149
2 151
2 152
2 156
2 162
2 163
2 167
2 168
2 169
2 170
2 173
2 175
2 177
2 178
2 181
2 183
2 184
2 185
2 190
2 191
2 196
2 198
2 199
3 1
3 3
3 5
3 6
3 10
3 13
3 14
3 23
3 27
3 28
3 32
3 35
3 36
3 39
3 41
3 46
3 51
3 52
3 53
3 56
3 61
3 62
3 68
3 80
3 88
3 89
3 92
3 93
3 94
3 95
3 96
3 99
3 100
3 106
3 107
3 108
3 109
3 110
3 113
3 116
3 118
3 120
3 123
3 124
3 126
3 127
3 128
3 129
3 130
3 132
3 133
3 136
3 139
3 140
3 145
3 146
3 149
3 163
3 166
3 169
3 170
3 171
3 173
3 175
3 176
3 179
3 180
3 181
3 182
3 185
3 197
3 199
3 200
4 1
4 14
4 15
4 19
4 22
4 24
4 26
4 28
4 35
4 39
4 40
4 42
4 50
4 56
4 57
4 58
4 61
4 64
4 65
4 67
4 68
4 73
4 74
4 78
4 83
4 85
4 86
4 87
4 92
4 95
4 96
4 98
4 99
4 104
4 106
4 109
4 111
4 113
4 115
4 117
4 120
4 124
4 125
4 126
4 127
4 138
4 139
4 141
4 143
4 146
4 149
4 150
4 155
4 159
4 162
4 163
4 165
4 167
4 169
4 173
4 179
4 187
4 190
4 191
4 192
4 194
4 195
4 196
4 197
5 2
5 7
5 8
5 10
5 12
5 13
5 15
5 16
5 18
5 24
5 29
5 32
5 34
5 39
5 41
5 44
5 45
5 48
5 50
5 57
5 61
5 67
5 68
5 71
5 73
5 76
5 81
5 83
5 91
5 96
5 101
5 102
5 106
5 116
5 119
5 120
5 123
5 126
5 131
5 133
5 134
5 145
5 148
5 152
5 153
5 154
5 163
5 164
5 165
5 167
5 168
5 174
5 178
5 180
5 181
5 187
5 188
5 198
5 199
6 1
6 5
6 6
6 8
6 13
6 21
6 27
6 31
6 33
6 36
6 37
6 38
6 43
6 44
6 46
6 50
6 51
6 53
6 64
6 69
6 70
6 72
6 77
6 78
6 85
6 86
6 87
6 88
6 91
6 92
6 95
6 96
6 102
6 104
6 106
6 107
6 110
6 113
6 119
6 127
6 131
6 135
6 136
6 137
6 140
6 146
6 147
6 153
6 156
6 157
6 159
6 160
6 161
6 166
6 169
6 170
6 179
6 181
6 182
6 183
6 185
6 188
6 192
6 193
6 196
6 198
7 1
7 7
7 8
7 11
7 15
7 19
7 21
7 24
7 29
7 31
7 32
7 34
7 40
7 41
7 44
7 45
7 46
7 48
7 49
7 52
7 54
7 58
7 59
7 65
7 67
7 68
7 71
7 74
7 80
7 82
7 86
7 96
7 103
7 109
7 114
7 122
7 123
7 134
7 136
7 137
7 138
7 140
7 145
7 153
7 154
7 155
7 156
7 158
7 160
7 161
7 169
7 170
7 178
7 181
7 186
7 187
7 194
7 195
7 198
8 9
8 16
8 20
8 21
8 23
8 25
8 26
8 28
8 30
8 32
8 37
8 39
8 49
8 58
8 60
8 63
8 70
8 74
8 78
8 79
8 81
8 87
8 88
8 91
8 92
8 101
8 104
8 107
8 110
8 120
8 125
8 127
8 129
8 130
8 131
8 135
8 140
8 143
8 144
8 149
8 151
8 154
8 156
8 158
8 161
8 162
8 165
8 170
8 172
8 175
8 179
8 181
8 187
8 190
8 191
8 195
8 199
9 2
9 6
9 13
9 21
9 26
9 30
9 33
9 35
9 37
9 40
9 41
9 50
9 56
9 57
9 58
9 60
9 61
9 64
9 73
9 76
9 78
9 84
9 93
9 96
9 97
9 106
9 115
9 118
9 120
9 124
9 129
9 136
9 140
9 142
9 144
9 146
9 147
9 151
9 154
9 155
9 162
9 163
9 165
9 166
9 169
9 178
9 180
9 181
9 187
9 194
9 199
10 1
10 7
10 9
10 14
10 17
10 18
10 21
10 27
10 31
10 35
10 38
10 41
10 42
10 48
10 50
10 51
10 53
10 68
10 71
10 73
10 75
10 78
10 80
10 82
10 94
10 97
10 102
10 103
10 105
10 110
10 111
10 117
10 118
10 119
10 126
10 128
10 133
10 134
10 139
10 142
10 148
10 149
10 159
10 163
10 165
10 166
10 168
10 170
10 175
10 179
10 182
10 184
10 185
10 190
10 199
10 200
11 1
11 2
11 7
11 16
11 19
11 22
11 23
11 26
11 28
11 34
11 35
11 36
11 37
11 40
11 41
11 42
11 44
11 45
11 48
11 52
11 54
11 56
11 57
11 58
11 65
11 71
11 73
11 74
11 75
11 79
11 80
11 81
11 84
11 85
11 91
11 93
11 100
11 101
11 108
11 116
11 117
11 120
11 121
11 131
11 137
11 143
11 145
11 146
11 147
11 150
11 157
11 158
11 160
11 164
11 166
11 169
11 171
11 173
11 178
11 184
11 192
11 196
11 198
12 1
12 3
12 5
12 9
12 12
12 22
12 26
12 27
12 34
12 37
12 41
12 43
12 47
12 49
12 50
12 55
12 57
12 64
12 69
12 70
12 73
12 79
12 116
12 117
12 120
12 121
12 123
12 129
12 130
12 131
12 132
12 133
12 135
12 137
12 143
12 146
12 148
12 152
12 154
12 159
12 165
12 168
12 169
12 170
12 181
12 185
12 186
12 188
12 191
12 192
12 197
12 199
13 8
13 16
13 19
13 20
13 22
13 29
13 32
13 35
13 38
13 42
13 46
13 50
13 53
13 54
13 62
13 63
13 65
13 66
13 69
13 70
13 71
13 76
13 77
13 80
13 81
13 83
13 88
13 91
13 92
13 99
13 101
13 104
13 108
13 109
13 121
13 123
13 125
13 136
13 137
13 141
13 147
13 150
13 152
13 154
13 161
13 162
13 163
13 164
13 166
13 167
13 168
13 174
13 181
13 189
13 190
13 193
13 198
13 199
14 2
14 6
14 13
14 17
14 18
14 19
14 21
14 27
14 34
14 35
14 37
14 44
14 45
14 46
14 48
14 49
14 50
14 51
14 53
14 55
14 62
14 63
14 71
14 73
14 74
14 80
14 81
14 84
14 85
14 86
14 89
14 90
14 95
14 100
14 108
14 109
14 110
14 111
14 114
14 117
14 118
14 123
14 125
14 131
14 132
14 136
14 141
14 154
14 156
14 157
14 163
14 168
14 169
14 177
14 178
14 185
14 186
14 187
14 189
14 196
15 1
15 3
15 7
15 10
15 13
15 14
15 17
15 31
15 35
15 46
15 47
15 48
15 50
15 51
15 58
15 66
15 69
15 70
15 73
15 80
15 81
15 84
15 86
15 88
15 89
15 91
15 97
15 99
15 106
15 107
15 110
15 112
15 113
15 116
15 120
15 121
15 123
15 127
15 133
15 136
15 141
15 145
15 147
15 148
15 154
15 155
15 156
15 157
15 158
15 168
15 169
15 173
15 180
15 182
15 185
15 187
16 1
16 2
16 3
16 6
16 13
16 16
16 17
16 21
16 27
16 37
16 40
16 49
16 52
16 54
16 55
16 60
16 61
16 62
16 66
16 67
16 68
16 74
16 75
16 80
16 83
16 86
16 98
16 99
16 103
16 104
16 113
16 116
16 133
16 139
16 142
16 144
16 150
16 152
16 155
16 163
16 164
16 165
16 168
16 172
16 173
16 176
16 179
16 180
16 184
16 185
16 186
16 187
16 193
16 195
16 199
17 2
17 3
17 5
17 12
17 13
17 16
17 19
17 20
17 23
17 24
17 25
17 26
17 33
17 42
17 44
17 45
17 56
17 60
17 62
17 65
17 69
17 76
17 78
17 82
17 84
17 93
17 101
17 104
17 111
17 114
17 115
17 121
17 130
17 133
17 134
17 139
17 143
17 146
17 147
17 148
17 149
17 152
17 153
17 156
17 158
17 159
17 161
17 164
17 168
17 173
17 174
17 177
17 178
17 183
17 186
17 194
17 195
17 196
17 199
18 1
18 7
18 9
18 12
18 15
18 19
18 21
18 24
18 25
18 27
18 29
18 30
18 36
18 46
18 47
18 51
18 56
18 59
18 61
18 66
18 70
18 71
18 77
18 78
18 83
18 84
18 86
18 88
18 89
18 96
18 97
18 101
18 103
18 105
18 110
18 125
18 128
18 131
18 134
18 138
18 145
18 147
18 150
18 154
18 156
18 158
18 161
18 165
18 175
18 178
18 188
18 193
18 194
19 7
19 8
19 9
19 10
19 11
19 12
19 16
19 17
19 18
19 21
19 22
19 25
19 27
19 29
19 32
19 38
19 41
19 45
19 52
19 55
19 59
19 67
19 68
19 70
19 74
19 76
19 79
19 80
19 81
19 87
19 88
19 91
19 94
19 97
19 98
19 99
19 101
19 103
19 104
19 112
19 121
19 124
19 127
19 131
19 135
19 137
19 141
19 144
19 150
19 153
19 155
19 158
19 159
19 160
19 167
19 168
19 169
19 174
19 178
19 182
19 183
19 186
19 187
19 190
19 191
19 198
19 200
20 1
20 4
20 6
20 7
20 11
20 13
20 18
20 22
20 23
20 24
20 31
20 33
20 34
20 38
20 40
20 44
20 45
20 48
20 49
20 53
20 56
20 58
20 64
20 66
20 71
20 72
20 75
20 76
20 80
20 84
20 96
20 102
20 103
20 105
20 106
20 108
20 111
20 117
20 124
20 125
20 126
20 127
20 128
20 129
20 130
20 131
20 134
20 139
20 144
20 148
20 156
20 158
20 159
20 160
20 161
20 166
20 167
20 169
20 173
20 178
20 179
20 181
20 186
20 187
20 192
20 193
21 3
21 6
21 20
21 24
21 30
21 31
21 35
21 38
21 50
21 52
21 55
21 57
21 58
21 59
21 60
21 61
21 63
21 68
21 70
21 73
21 81
21 82
21 95
21 102
21 104
21 107
21 111
21 112
21 119
21 123
21 125
21 126
21 128
21 131
21 134
21 138
21 139
21 152
21 156
21 157
21 161
21 162
21 164
21 168
21 171
21 176
21 177
21 181
21 183
21 187
21 188
21 195
22 1
22 2
22 6
22 7
22 10
22 12
22 14
22 17
22 23
22 27
22 30
22 36
22 37
22 38
22 43
22 44
22 45
22 50
22 51
22 64
22 65
22 72
22 77
22 79
22 81
22 82
22 86
22 90
22 96
22 97
22 98
22 108
22 109
22 111
22 114
22 115
22 117
22 121
22 122
22 123
22 125
22 126
22 127
22 128
22 135
22 136
22 137
22 141
22 148
22 153
22 154
22 156
22 157
22 160
22 176
22 179
22 181
22 189
22 196
22 197
23 7
23 10
23 13
23 14
23 17
23 18
23 25
23 27
23 30
23 35
23 46
23 48
23 57
23 58
23 60
23 61
23 62
23 63
23 64
23 68
23 72
23 76
23 86
23 87
23 88
23 90
23 92
23 100
23 102
23 105
23 107
23 110
23 113
23 115
23 120
23 122
23 124
23 126
23 130
23 138
23 139
23 143
23 146
23 152
23 154
23 155
23 159
23 164
23 166
23 168
23 169
23 175
23 181
23 184
23 187
23 189
23 191
23 193
23 197
23 198
23 200
24 2
24 8
24 20
24 23
24 25
24 26
24 28
24 33
24 35
24 38
24 43
24 48
24 50
24 52
24 54
24 56
24 57
24 58
24 59
24 60
24 63
24 69
24 73
24 77
24 79
24 90
24 91
24 92
24 100
24 109
24 113
24 120
24 123
24 127
24 128
24 130
24 134
24 137
24 138
24 139
24 141
24 144
24 145
24 150
24 154
24 156
24 157
24 159
24 162
24 163
24 165
24 170
24 182
24 184
24 185
24 188
24 191
24 192
24 194
24 195
24 197
24 198
25 12
25 13
25 22
25 23
25 24
25 28
25 38
25 40
25 43
25 44
25 47
25 48
25 60
25 61
25 66
25 67
25 74
25 77
25 79
25 86
25 87
25 92
25 93
25 96
25 97
25 101
25 103
25 105
25 115
25 119
25 120
25 130
25 137
25 145
25 147
25 150
25 152
25 157
25 159
25 163
25 164
25 173
25 175
25 176
25 181
25 184
25 189
25 190
25 192
25 195
25 196
26 2
26 6
26 7
26 14
26 16
26 17
26 18
26 19
26 20
26 25
26 30
26 32
26 39
26 46
26 51
26 60
26 62
26 64
26 69
26 73
26 74
26 78
26 82
26 87
26 93
26 94
26 97
26 99
26 100
26 102
26 103
26 105
26 106
26 109
26 113
26 120
26 125
26 126
26 128
26 130
26 131
26 139
26 142
26 148
26 150
26 151
26 163
26 164
26 166
26 169
26 175
26 176
26 177
26 178
26 181
26 187
26 188
26 190
26 195
26 196
26 197
27 5
27 6
27 11
27 13
27 15
27 18
27 25
27 28
27 30
27 39
27 40
27 42
27 53
27 58
27 65
27 67
27 73
27 74
27 80
27 82
27 84
27 89
27 96
27 99
27 106
27 111
27 113
27 115
27 117
27 126
27 129
27 137
27 143
27 149
27 151
27 152
27 155
27 157
27 159
27 161
27 167
27 169
27 170
27 174
27 179
27 182
27 184
27 185
27 186
27 191
27 198
28 2
28 3
28 8
28 12
28 18
28 19
28 21
28 25
28 29
28 31
28 34
28 36
28 42
28 45
28 46
28 51
28 52
28 66
28 70
28 72
28 78
28 79
28 80
28 81
28 84
28 85
28 91
28 93
28 105
28 107
28 108
28 112
28 118
28 119
28 123
28 128
28 129
28 130
28 131
28 132
28 135
28 137
28 138
28 144
28 151
28 153
28 154
28 163
28 167
28 169
28 171
28 172
28 173
28 175
28 177
28 178
28 179
28 183
28 185
28 187
28 188
28 190
28 191
28 193
28 194
28 198
29 5
29 8
29 9
29 12
29 17
29 24
29 25
29 27
29 32
29 57
29 58
29 60
29 69
29 71
29 72
29 73
29 76
29 79
29 80
29 81
29 87
29 88
29 90
29 92
29 95
29 101
29 103
29 111
29 112
29 113
29 119
29 120
29 127
29 133
29 135
29 143
29 145
29 156
29 157
29 160
29 163
29 170
29 175
29 177
29 180
29 197
29 199
30 5
30 12
30 14
30 17
30 20
30 26
30 29
30 30
30 33
30 34
30 36
30 38
30 41
30 42
30 46
30 48
30 49
30 50
30 57
30 60
30 63
30 73
30 75
30 76
30 79
30 80
30 81
30 85
30 86
30 103
30 105
30 110
30 112
30 113
30 117
30 118
30 120
30 127
30 137
30 140
30 144
30 145
30 146
30 147
30 151
30 158
30 160
30 162
30 163
30 164
30 166
30 176
30 177
30 181
30 182
30 187
30 193
30 195
30 196
30 198
31 3
31 4
31 7
31 9
31 12
31 14
31 15
31 17
31 20
31 21
31 31
31 33
31 34
31 43
31 44
31 47
31 52
31 54
31 59
31 60
31 62
31 63
31 65
31 67
31 70
31 71
31 80
31 86
31 87
31 90
31 93
31 95
31 97
31 100
31 102
31 109
31 111
31 114
31 115
31 116
31 118
31 119
31 124
31 125
31 126
31 139
31 140
31 142
31 150
31 155
31 158
31 160
31 161
31 162
31 164
31 165
31 166
31 177
31 179
31 186
31 188
31 194
32 3
32 4
32 5
32 6
32 15
32 16
32 22
32 27
32 28
32 36
32 37
32 40
32 45
32 46
32 47
32 49
32 51
32 66
32 71
32 74
32 75
32 76
32 81
32 88
32 91
32 96
32 102
32 103
32 109
32 111
32 112
32 114
32 116
32 117
32 118
32 119
32 121
32 123
32 124
32 129
32 133
32 138
32 149
32 150
32 153
32 156
32 157
32 163
32 171
32 172
32 176
32 177
32 179
32 185
32 193
32 198
33 3
33 6
33 7
33 9
33 10
33 18
33 19
33 25
33 29
33 35
33 37
33 44
33 46
33 48
33 50
33 51
33 54
33 55
33 59
33 60
33 66
33 68
33 73
33 75
33 76
33 85
33 89
33 92
33 93
33 94
33 99
33 100
33 101
33 107
33 109
33 112
33 113
33 114
33 122
33 125
33 126
33 128
33 129
33 135
33 137
33 138
33 140
33 144
33 151
33 155
33 157
33 159
33 163
33 176
33 177
33 178
33 181
33 182
33 191
34 1
34 2
34 3
34 4
34 5
34 7
34 8
34 9
34 15
34 16
34 18
34 19
34 20
34 23
34 27
34 35
34 42
34 45
34 57
34 63
34 67
34 70
34 73
34 74
34 75
34 76
34 77
34 85
34 89
34 93
34 94
34 98
34 100
34 106
34 108
34 111
34 112
34 117
34 119
34 127
34 128
34 131
34 132
34 138
34 144
34 147
34 148
34 153
34 154
34 155
34 157
34 158
34 161
34 163
34 166
34 168
34 170
34 171
34 173
34 176
34 183
34 184
34 186
34 191
34 193
34 196
35 2
35 3
35 10
35 11
35 16
35 18
35 19
35 25
35 32
35 41
35 43
35 47
35 48
35 49
35 50
35 58
35 67
35 69
35 76
35 77
35 84
35 86
35 91
35 95
35 97
35 99
35 104
35 113
35 114
35 115
35 116
35 117
35 122
35 124
35 127
35 129
35 131
35 134
35 135
35 136
35 137
35 138
35 141
35 148
35 151
35 152
35 160
35 163
35 165
35 170
35 173
35 174
35 175
35 177
35 178
35 179
35 181
35 188
35 189
35 190
35 192
35 193
35 195
35 197
36 6
36 7
36 12
36 15
36 16
36 29
36 31
36 32
36 33
36 37
36 41
36 43
36 45
36 46
36 50
36 57
36 60
36 61
36 62
36 65
36 69
36 71
36 72
36 75
36 77
36 78
36 79
36 80
36 84
36 87
36 88
36 91
36 93
36 100
36 101
36 103
36 105
36 107
36 109
36 111
36 115
36 118
36 119
36 120
36 133
36 135
36 138
36 139
36 141
36 142
36 146
36 156
36 160
36 162
36 165
36 166
36 167
36 170
36 172
36 175
36 178
36 180
36 181
36 184
36 185
36 188
36 189
36 190
36 192
36 193
36 195
36 196
36 197
36 198
37 2
37 6
37 11
37 14
37 18
37 19
37 23
37 26
37 28
37 30
37 31
37 37
37 39
37 40
37 41
37 44
37 46
37 52
37 54
37 57
37 61
37 62
37 70
37 73
37 75
37 76
37 77
37 85
37 91
37 96
37 102
37 108
37 109
37 110
37 111
37 113
37 114
37 115
37 118
37 120
37 123
37 126
37 128
37 131
37 139
37 145
37 150
37 151
37 155
37 157
37 158
37 163
37 167
37 175
37 177
37 178
37 179
37 180
37 181
37 186
37 191
37 192
37 195
37 196
37 197
38 1
38 5
38 9
38 13
38 15
38 17
38 18
38 20
38 22
38 24
38 25
38 27
38 30
38 33
38 36
38 43
38 45
38 49
38 54
38 59
38 61
38 65
38 66
38 68
38 70
38 77
38 78
38 81
38 87
38 88
38 89
38 91
38 93
38 94
38 95
38 100
38 103
38 107
38 108
38 113
38 118
38 123
38 126
38 131
38 139
38 140
38 141
38 143
38 146
38 147
38 150
38 151
38 154
38 158
38 160
38 162
38 168
38 174
38 179
38 183
38 184
38 190
38 192
38 194
38 197
38 199
39 1
39 6
39 8
39 10
39 11
39 12
39 13
39 14
39 15
39 19
39 26
39 27
39 28
39 36
39 37
39 40
39 41
39 42
39 50
39 63
39 73
39 76
39 77
39 81
39 87
39 88
39 91
39 92
39 95
39 100
39 105
39 106
39 107
39 113
39 114
39 116
39 125
39 126
39 128
39 138
39 142
39 144
39 152
39 153
39 157
39 159
39 160
39 162
39 164
39 168
39 177
39 178
39 179
39 184
39 188
39 196
39 197
40 3
40 7
40 8
40 9
40 11
40 14
40 15
40 16
40 20
40 25
40 26
40 27
40 28
40 35
40 36
40 37
40 41
40 42
40 48
40 50
40 53
40 54
40 55
40 61
40 62
40 64
40 65
40 67
40 68
40 71
40 74
40 75
40 79
40 82
40 83
40 87
40 88
40 92
40 96
40 107
40 109
40 110
40 114
40 116
40 117
40 118
40 119
40 127
40 128
40 137
40 139
40 141
40 144
40 149
40 155
40 156
40 157
40 158
40 174
40 175
40 182
40 185
40 186
40 189
40 192
40 195
41 1
41 2
41 8
41 11
41 12
41 16
41 23
41 24
41 26
41 27
41 33
41 34
41 48
41 49
41 52
41 53
41 54
41 55
41 56
41 60
41 63
41 64
41 65
41 70
41 72
41 73
41 75
41 78
41 83
41 86
41 88
41 89
41 90
41 92
41 94
41 96
41 99
41 103
41 104
41 108
41 111
41 118
41 128
41 130
41 131
41 141
41 145
41 149
41 151
41 152
41 166
41 167
41 168
41 173
41 177
41 180
41 184
41 190
41 191
41 192
41 196
41 197
41 198
42 3
42 6
42 14
42 23
42 24
42 28
42 29
42 30
42 36
42 38
42 42
42 44
42 47
42 49
42 51
42 53
42 61
42 66
42 72
42 75
42 77
42 78
42 80
42 81
42 90
42 96
42 99
42 103
42 106
42 108
42 109
42 115
42 120
42 123
42 127
42 134
42 135
42 136
42 139
42 140
42 147
42 151
42 154
42 159
42 161
42 165
42 166
42 169
42 170
42 172
42 175
42 176
42 184
42 185
42 187
42 189
42 190
42 192
42 194
42 197
43 1
43 7
43 8
43 13
43 16
43 21
43 25
43 28
43 32
43 36
43 42
43 44
43 45
43 46
43 50
43 52
43 54
43 60
43 74
43 75
43 77
43 79
43 83
43 86
43 87
43 92
43 93
43 94
43 100
43 103
43 105
43 108
43 111
43 118
43 124
43 125
43 126
43 135
43 139
43 140
43 147
43 153
43 157
43 158
43 159
43 160
43 162
43 166
43 169
43 170
43 172
43 177
43 179
43 181
43 184
43 187
43 188
43 190
43 191
43 195
43 196
43 200
44 1
44 5
44 13
44 14
44 16
44 18
44 21
44 25
44 26
44 31
44 33
44 36
44 37
44 38
44 48
44 51
44 52
44 58
44 59
44 67
44 81
44 82
44 83
44 91
44 92
44 94
44 95
44 96
44 100
44 101
44 111
44 116
44 118
44 119
44 120
44 122
44 124
44 136
44 138
44 142
44 146
44 147
44 152
44 159
44 173
44 180
44 182
44 184
44 189
44 190
44 191
44 192
44 193
44 194
44 195
44 200
45 3
45 5
45 6
45 9
45 11
45 16
45 19
45 25
45 33
45 35
45 37
45 40
45 47
45 49
45 51
45 61
45 66
45 68
45 69
45 70
45 72
45 74
45 76
45 77
45 78
45 79
45 80
45 81
45 85
45 94
45 96
45 100
45 102
45 104
45 105
45 112
45 114
45 119
45 123
45 124
45 126
45 137
45 138
45 139
45 144
45 146
45 152
45 153
45 159
45 161
45 163
45 165
45 166
45 170
45 175
45 178
45 180
45 183
45 185
45 189
45 190
45 196
46 4
46 5
46 6
46 13
46 20
46 25
46 30
46 31
46 35
46 36
46 39
46 41
46 50
46 51
46 53
46 54
46 55
46 60
46 62
46 65
46 67
46 70
46 77
46 79
46 80
46 83
46 84
46 87
46 91
46 93
46 96
46 99
46 102
46 103
46 105
46 114
46 115
46 118
46 119
46 125
46 129
46 137
46 138
46 141
46 142
46 143
46 153
46 154
46 158
46 159
46 162
46 164
46 170
46 172
46 174
46 177
46 180
46 181
46 187
46 188
46 191
46 196
46 197
47 2
47 3
47 4
47 11
47 12
47 13
47 18
47 21
47 22
47 28
47 30
47 31
47 36
47 43
47 44
47 46
47 47
47 49
47 51
47 52
47 53
47 58
47 60
47 64
47 67
47 68
47 72
47 73
47 74
47 76
47 78
47 80
47 85
47 86
47 90
47 94
47 96
47 97
47 103
47 105
47 111
47 117
47 118
47 120
47 121
47 123
47 127
47 128
47 133
47 134
47 137
47 138
47 143
47 147
47 151
47 153
47 155
47 159
47 163
47 168
47 169
47 173
47 174
47 175
47 185
47 192
47 197
48 14
48 15
48 16
48 17
48 23
48 25
48 29
48 33
48 37
48 38
48 43
48 46
48 47
48 49
48 50
48 52
48 55
48 59
48 60
48 63
48 67
48 70
48 71
48 72
48 81
48 82
48 84
48 85
48 86
48 87
48 94
48 98
48 99
48 108
48 110
48 113
48 118
48 119
48 124
48 125
48 129
48 132
48 135
48 136
48 138
48 140
48 148
48 150
48 151
48 152
48 156
48 165
48 169
48 173
48 176
48 177
48 179
48 181
48 185
48 190
48 194
48 197
49 1
49 6
49 9
49 14
49 15
49 17
49 24
49 25
49 27
49 32
49 37
49 40
49 44
49 49
49 53
49 60
49 64
49 68
49 69
49 77
49 80
49 89
49 97
49 108
49 109
49 112
49 113
49 114
49 117
49 121
49 125
49 129
49 131
49 132
49 136
49 148
49 150
49 151
49 152
49 159
49 163
49 165
49 171
49 177
49 185
49 186
49 187
49 189
49 192
49 198
49 199
50 1
50 4
50 9
50 11
50 12
50 19
50 21
50 22
50 25
50 27
50 31
50 36
50 37
50 43
50 46
50 47
50 48
50 49
50 50
50 51
50 57
50 63
50 65
50 70
50 71
50 79
50 80
50 92
50 94
50 95
50 98
50 104
50 105
50 110
50 112
50 114
50 119
50 125
50 130
50 138
50 158
50 164
50 165
50 166
50 167
50 169
50 171
50 172
50 180
50 182
50 194
50 199
50 200
51 5
51 10
51 11
51 13
51 18
51 20
51 21
51 28
51 29
51 31
51 33
51 35
51 42
51 45
51 46
51 47
51 50
51 51
51 52
51 54
51 56
51 61
51 62
51 67
51 71
51 72
51 73
51 75
51 77
51 78
51 79
51 82
51 83
51 85
51 96
51 101
51 102
51 103
51 107
51 109
51 112
51 114
51 115
51 119
51 127
51 134
51 143
51 144
51 145
51 146
51 151
51 156
51 157
51 158
51 165
51 168
51 173
51 179
51 184
51 185
51 186
51 187
51 190
51 191
51 197
51 199
51 200
52 1
52 3
52 5
52 7
52 13
52 28
52 31
52 42
52 50
52 53
52 60
52 63
52 64
52 65
52 66
52 68
52 71
52 72
52 76
52 81
52 82
52 87
52 88
52 97
52 106
52 110
52 120
52 123
52 125
52 126
52 127
52 128
52 129
52 130
52 136
52 141
52 142
52 143
52 145
52 146
52 147
52 148
52 149
52 150
52 154
52 155
52 157
52 161
52 163
52 165
52 169
52 172
52 174
52 177
52 183
52 186
52 189
52 196
52 197
52 199
53 6
53 10
53 13
53 15
53 24
53 27
53 28
53 30
53 31
53 32
53 34
53 36
53 40
53 47
53 48
53 50
53 52
53 56
53 57
53 59
53 68
53 70
53 72
53 77
53 81
53 82
53 89
53 90
53 94
53 95
53 102
53 104
53 105
53 107
53 110
53 116
53 117
53 123
53 127
53 130
53 135
53 139
53 157
53 166
53 168
53 170
53 173
53 175
53 179
53 181
53 182
53 187
53 199
54 3
54 9
54 14
54 15
54 22
54 24
54 26
54 38
54 39
54 41
54 43
54 44
54 48
54 57
54 58
54 65
54 67
54 68
54 69
54 71
54 72
54 77
54 80
54 81
54 87
54 90
54 92
54 93
54 94
54 95
54 96
54 97
54 102
54 105
54 107
54 110
54 112
54 113
54 117
54 118
54 120
54 121
54 122
54 125
54 130
54 136
54 139
54 144
54 146
54 154
54 155
54 156
54 160
54 162
54 164
54 170
54 172
54 181
54 187
54 188
54 190
54 192
54 194
54 198
54 199
54 200
55 2
55 5
55 6
55 7
55 11
55 14
55 21
55 27
55 29
55 34
55 36
55 39
55 41
55 45
55 48
55 52
55 54
55 56
55 60
55 61
55 67
55 70
55 78
55 80
55 82
55 83
55 88
55 93
55 96
55 101
55 107
55 109
55 110
55 113
55 115
55 117
55 119
55 122
55 127
55 137
55 138
55 140
55 141
55 144
55 151
55 152
55 153
55 159
55 163
55 165
55 168
55 170
55 172
55 183
55 184
55 190
55 191
55 194
55 197
56 13
56 17
56 18
56 20
56 27
56 29
56 31
56 40
56 42
56 45
56 46
56 49
56 50
56 51
56 52
56 53
56 58
56 63
56 66
56 68
56 74
56 75
56 77
56 83
56 87
56 93
56 94
56 96
56 97
56 106
56 107
56 109
56 111
56 119
56 124
56 128
56 130
56 136
56 146
56 147
56 150
56 151
56 152
56 154
56 156
56 162
56 165
56 172
56 174
56 182
56 185
56 186
56 187
56 190
56 191
56 200
57 9
57 10
57 13
57 15
57 16
57 18
57 21
57 25
57 28
57 30
57 31
57 33
57 35
57 36
57 38
57 39
57 46
57 47
57 49
57 50
57 51
57 54
57 62
57 63
57 66
57 67
57 70
57 72
57 77
57 80
57 81
57 82
57 83
57 91
57 93
57 94
57 99
57 100
57 101
57 107
57 110
57 116
57 117
57 118
57 121
57 131
57 135
57 137
57 138
57 140
57 142
57 143
57 144
57 145
57 146
57 147
57 157
57 160
57 161
57 162
57 165
57 166
57 167
57 172
57 173
57 179
57 182
57 183
57 184
57 188
57 189
57 190
57 191
57 196
58 3
58 7
58 8
58 10
58 15
58 17
58 18
58 21
58 24
58 28
58 31
58 32
58 33
58 36
58 40
58 44
58 45
58 47
58 50
58 54
58 55
58 57
58 62
58 63
58 64
58 71
58 72
58 75
58 77
58 80
58 85
58 87
58 92
58 97
58 98
58 99
58 106
58 108
58 112
58 116
58 124
58 127
58 128
58 133
58 134
58 141
58 142
58 144
58 145
58 151
58 157
58 162
58 163
58 173
58 174
58 175
58 179
58 181
58 188
58 189
58 192
58 196
58 198
58 200
59 2
59 3
59 4
59 5
59 6
59 16
59 18
59 22
59 25
59 27
59 28
59 34
59 37
59 40
59 43
59 44
59 45
59 46
59 48
59 56
59 64
59 69
59 72
59 76
59 80
59 84
59 86
59 93
59 94
59 98
59 100
59 101
59 103
59 104
59 109
59 111
59 115
59 116
59 125
59 130
59 131
59 134
59 137
59 139
59 140
59 143
59 144
59 145
59 149
59 153
59 155
59 157
59 159
59 160
59 162
59 164
59 165
59 168
59 171
59 172
59 176
59 184
59 186
59 190
59 191
59 193
59 194
59 199
59 200
60 2
60 5
60 6
60 7
60 8
60 11
60 13
60 14
60 16
60 17
60 20
60 26
60 28
60 34
60 38
60 40
60 45
60 49
60 51
60 54
60 68
60 70
60 74
60 77
60 79
60 81
60 82
60 87
60 89
60 92
60 96
60 97
60 98
60 99
60 101
60 104
60 107
60 109
60 110
60 111
60 112
60 114
60 119
60 120
60 121
60 122
60 124
60 127
60 131
60 138
60 141
60 145
60 146
60 147
60 149
60 151
60 154
60 155
60 158
60 159
60 161
60 162
60 163
60 164
60 166
60 172
60 174
60 182
60 184
60 185
60 186
60 189
60 190
60 194
60 196
60 197
60 200
61 1
61 7
61 11
61 23
61 25
61 27
61 32
61 33
61 38
61 40
61 43
61 46
61 49
61 56
61 57
61 60
61 70
61 73
61 80
61 82
61 97
61 100
61 104
61 105
61 106
61 109
61 111
61 112
61 119
61 131
61 136
61 141
61 143
61 144
61 146
61 147
61 151
61 152
61 164
61 175
61 186
61 187
61 190
61 191
61 195
61 196
61 197
61 200
62 1
62 8
62 9
62 17
62 20
62 21
62 22
62 32
62 33
62 44
62 57
62 63
62 64
62 66
62 72
62 75
62 78
62 79
62 84
62 86
62 88
62 93
62 95
62 101
62 102
62 103
62 105
62 106
62 116
62 122
62 123
62 128
62 130
62 132
62 133
62 137
62 140
62 143
62 149
62 150
62 152
62 154
62 155
62 157
62 160
62 162
62 171
62 172
62 175
62 176
62 179
62 180
62 181
62 186
62 189
62 190
62 191
63 1
63 4
63 6
63 17
63 19
63 22
63 23
63 25
63 29
63 30
63 34
63 44
63 47
63 48
63 49
63 55
63 57
63 59
63 63
63 70
63 71
63 74
63 76
63 77
63 82
63 84
63 89
63 97
63 98
63 104
63 105
63 107
63 109
63 110
63 115
63 117
63 124
63 125
63 128
63 135
63 136
63 143
63 144
63 149
63 150
63 156
63 161
63 172
63 176
63 178
63 182
63 187
63 190
63 192
64 6
64 7
64 8
64 12
64 15
64 16
64 20
64 28
64 29
64 32
64 34
64 40
64 44
64 45
64 46
64 47
64 48
64 56
64 57
64 62
64 63
64 65
64 67
64 70
64 71
64 72
64 74
64 75
64 77
64 82
64 84
64 85
64 90
64 91
64 98
64 100
64 102
64 103
64 106
64 107
64 108
64 112
64 115
64 117
64 119
64 121
64 128
64 131
64 134
64 137
64 141
64 142
64 149
64 157
64 160
64 166
64 167
64 170
64 176
64 177
64 187
64 192
64 194
65 2
65 8
65 9
65 14
65 18
65 26
65 27
65 28
65 35
65 41
65 46
65 49
65 51
65 55
65 60
65 61
65 63
65 67
65 68
65 76
65 84
65 86
65 91
65 94
65 95
65 97
65 102
65 103
65 105
65 107
65 108
65 109
65 111
65 112
65 113
65 114
65 119
65 122
65 123
65 127
65 132
65 133
65 137
65 145
65 153
65 155
65 164
65 168
65 177
65 178
65 184
65 187
65 192
65 193
65 199
65 200
66 1
66 2
66 3
66 6
66 7
66 8
66 9
66 11
66 14
66 15
66 22
66 24
66 32
66 33
66 34
66 38
66 45
66 59
66 60
66 67
66 71
66 72
66 73
66 83
66 86
66 87
66 88
66 89
66 90
66 93
66 96
66 99
66 100
66 103
66 118
66 132
66 134
66 135
66 146
66 147
66 148
66 149
66 150
66 151
66 152
66 155
66 157
66 160
66 165
66 170
66 176
66 178
66 179
66 181
66 183
66 185
66 187
66 188
66 190
66 192
66 194
66 200
67 2
67 3
67 4
67 9
67 13
67 14
67 20
67 21
67 23
67 30
67 34
67 35
67 36
67 39
67 41
67 52
67 59
67 63
67 71
67 73
67 75
67 76
67 78
67 81
67 83
67 89
67 93
67 99
67 101
67 105
67 106
67 110
67 116
67 118
67 119
67 120
67 121
67 123
67 127
67 131
67 135
67 146
67 151
67 153
67 160
67 161
67 162
67 168
67 169
67 175
67 181
67 186
67 189
67 190
67 195
67 200
68 1
68 12
68 17
68 22
68 24
68 31
68 32
68 33
68 34
68 38
68 39
68 42
68 47
68 48
68 50
68 51
68 52
68 53
68 57
68 58
68 61
68 67
68 69
68 72
68 77
68 82
68 83
68 85
68 89
68 90
68 91
68 98
68 101
68 113
68 114
68 115
68 121
68 122
68 124
68 132
68 135
68 148
68 153
68 155
68 156
68 158
68 161
68 162
68 171
68 173
68 178
68 181
68 185
68 187
68 188
68 189
68 191
68 194
68 195
68 196
68 197
68 198
69 4
69 6
69 9
69 17
69 21
69 24
69 26
69 27
69 33
69 36
69 42
69 44
69 45
69 46
69 51
69 54
69 58
69 62
69 63
69 70
69 73
69 75
69 82
69 84
69 87
69 88
69 100
69 103
69 107
69 108
69 109
69 110
69 111
69 119
69 121
69 122
69 125
69 128
69 129
69 130
69 137
69 139
69 147
69 152
69 155
69 156
69 162
69 163
69 169
69 171
69 172
69 174
69 175
69 177
69 182
69 186
69 191
69 194
69 200
70 7
70 8
70 12
70 16
70 18
70 21
70 22
70 27
70 29
70 31
70 34
70 35
70 41
70 42
70 56
70 57
70 58
70 61
70 62
70 63
70 75
70 79
70 81
70 83
70 86
70 87
70 91
70 94
70 96
70 98
70 100
70 102
70 109
70 110
70 115
70 119
70 121
70 128
70 135
70 139
70 140
70 141
70 142
70 147
70 151
70 155
70 158
70 161
70 162
70 165
70 167
70 170
70 176
70 177
70 191
70 199
71 3
71 6
71 9
71 10
71 13
71 14
71 16
71 19
71 20
71 26
71 27
71 46
71 50
71 51
71 54
71 55
71 68
71 69
71 79
71 80
71 83
71 86
71 89
71 94
71 98
71 101
71 102
71 103
71 105
71 108
71 118
71 119
71 122
71 125
71 127
71 128
71 131
71 135
71 147
71 150
71 154
71 158
71 160
71 162
71 163
71 165
71 167
71 168
71 177
71 178
71 179
71 180
71 182
71 193
71 198
72 2
72 10
72 12
72 18
72 19
72 24
72 26
72 29
72 43
72 50
72 52
72 54
72 57
72 60
72 61
72 65
72 77
72 80
72 81
72 83
72 87
72 89
72 96
72 98
72 101
72 102
72 105
72 106
72 107
72 108
72 111
72 117
72 118
72 119
72 120
72 121
72 126
72 132
72 133
72 135
72 138
72 143
72 145
72 150
72 154
72 156
72 159
72 160
72 164
72 173
72 177
72 180
72 182
72 184
72 186
72 188
72 194
73 16
73 17
73 19
73 27
73 30
73 31
73 36
73 38
73 45
73 47
73 55
73 59
73 60
73 62
73 63
73 67
73 69
73 73
73 80
73 85
73 88
73 89
73 91
73 95
73 96
73 97
73 107
73 117
73 121
73 122
73 125
73 129
73 130
73 132
73 138
73 139
73 141
73 145
73 146
73 149
73 158
73 160
73 167
73 173
73 174
73 177
73 179
73 181
73 189
73 193
73 197
74 3
74 6
74 12
74 17
74 28
74 31
74 33
74 41
74 43
74 44
74 46
74 47
74 48
74 53
74 55
74 57
74 60
74 61
74 62
74 67
74 70
74 71
74 75
74 76
74 80
74 81
74 83
74 84
74 92
74 95
74 97
74 98
74 101
74 102
74 104
74 108
74 110
74 113
74 115
74 116
74 117
74 132
74 134
74 135
74 142
74 146
74 152
74 161
74 163
74 168
74 172
74 175
74 179
74 181
74 186
74 197
74 200
75 4
75 6
75 7
75 12
75 15
75 21
75 28
75 29
75 30
75 31
75 34
75 45
75 46
75 47
75 53
75 56
75 57
75 59
75 66
75 71
75 72
75 78
75 81
75 83
75 87
75 90
75 91
75 92
75 96
75 104
75 111
75 117
75 128
75 133
75 135
75 136
75 138
75 139
75 142
75 148
75 149
75 150
75 154
75 158
75 164
75 172
75 173
75 175
75 177
75 180
75 182
75 187
75 188
75 198
75 199
76 1
76 3
76 10
76 12
76 15
76 18
76 23
76 28
76 32
76 38
76 40
76 46
76 48
76 50
76 52
76 55
76 56
76 57
76 61
76 62
76 63
76 65
76 70
76 73
76 75
76 77
76 79
76 83
76 85
76 88
76 90
76 93
76 95
76 96
76 99
76 101
76 102
76 105
76 112
76 113
76 115
76 116
76 119
76 123
76 124
76 125
76 130
76 131
76 133
76 135
76 139
76 153
76 155
76 160
76 162
76 163
76 164
76 165
76 167
76 168
76 175
76 179
76 182
76 184
76 186
76 189
76 200
77 7
77 11
77 12
77 16
77 26
77 35
77 43
77 52
77 56
77 58
77 59
77 61
77 63
77 67
77 70
77 73
77 76
77 77
77 84
77 85
77 86
77 89
77 90
77 94
77 98
77 108
77 111
77 112
77 115
77 119
77 126
77 129
77 137
77 138
77 139
77 145
77 149
77 153
77 155
77 157
77 161
77 165
77 173
77 174
77 175
77 178
77 182
77 186
77 187
77 192
77 197
78 4
78 6
78 10
78 11
78 12
78 18
78 20
78 28
78 30
78 39
78 47
78 49
78 54
78 59
78 63
78 66
78 69
78 71
78 74
78 75
78 76
78 80
78 83
78 85
78 88
78 91
78 92
78 95
78 97
78 98
78 100
78 102
78 105
78 106
78 107
78 112
78 115
78 118
78 122
78 123
78 124
78 127
78 129
78 131
78 134
78 135
78 137
78 142
78 143
78 147
78 149
78 153
78 160
78 163
78 166
78 167
78 171
78 178
78 179
78 185
78 195
78 197
79 2
79 5
79 6
79 9
79 10
79 15
79 19
79 22
79 28
79 34
79 42
79 44
79 47
79 50
79 51
79 61
79 62
79 68
79 69
79 71
79 78
79 79
79 91
79 92
79 99
79 103
79 108
79 112
79 113
79 114
79 116
79 117
79 119
79 122
79 124
79 125
79 134
79 135
79 137
79 138
79 139
79 145
79 148
79 149
79 150
79 155
79 159
79 160
79 165
79 168
79 169
79 170
79 173
79 174
79 175
79 182
79 184
79 185
79 192
79 195
79 196
79 197
79 200
80 2
80 4
80 11
80 14
80 15
80 16
80 18
80 20
80 27
80 31
80 39
80 40
80 41
80 43
80 45
80 46
80 54
80 59
80 70
80 71
80 73
80 74
80 75
80 77
80 78
80 82
80 83
80 84
80 86
80 92
80 94
80 100
80 101
80 110
80 111
80 112
80 116
80 122
80 123
80 124
80 126
80 127
80 128
80 130
80 132
80 137
80 139
80 145
80 152
80 156
80 157
80 158
80 162
80 169
80 176
80 177
80 182
80 183
80 185
80 188
80 199
81 1
81 5
81 7
81 10
81 14
81 15
81 18
81 22
81 28
81 29
81 30
81 31
81 39
81 47
81 52
81 53
81 55
81 56
81 66
81 69
81 74
81 76
81 79
81 86
81 87
81 98
81 105
81 117
81 121
81 122
81 125
81 128
81 135
81 138
81 140
81 146
81 150
81 152
81 155
81 159
81 160
81 161
81 164
81 167
81 168
81 169
81 170
81 175
81 178
81 185
81 186
81 190
82 3
82 4
82 6
82 14
82 17
82 23
82 28
82 33
82 35
82 37
82 39
82 43
82 45
82 50
82 59
82 67
82 72
82 83
82 85
82 88
82 92
82 94
82 95
82 98
82 99
82 100
82 101
82 103
82 107
82 108
82 111
82 112
82 114
82 126
82 128
82 129
82 131
82 135
82 136
82 139
82 142
82 144
82 152
82 153
82 156
82 159
82 160
82 161
82 162
82 163
82 165
82 166
82 174
82 175
82 181
82 182
82 185
82 187
82 188
82 193
82 195
82 198
83 5
83 8
83 9
83 12
83 13
83 17
83 19
83 20
83 21
83 26
83 33
83 35
83 39
83 47
83 48
83 50
83 52
83 67
83 69
83 70
83 81
83 84
83 85
83 89
83 98
83 99
83 103
83 105
83 115
83 120
83 127
83 129
83 130
83 131
83 133
83 135
83 138
83 142
83 143
83 146
83 149
83 151
83 158
83 161
83 162
83 165
83 167
83 172
83 177
83 178
83 193
83 194
83 200
84 4
84 8
84 10
84 14
84 15
84 16
84 18
84 22
84 25
84 29
84 32
84 33
84 38
84 39
84 41
84 43
84 49
84 50
84 51
84 55
84 56
84 59
84 62
84 64
84 67
84 68
84 71
84 78
84 82
84 83
84 85
84 86
84 88
84 89
84 97
84 101
84 103
84 104
84 107
84 108
84 116
84 118
84 122
84 125
84 126
84 128
84 133
84 135
84 139
84 149
84 150
84 153
84 154
84 156
84 160
84 162
84 166
84 171
84 175
84 177
84 178
84 187
84 188
84 193
84 200
85 3
85 9
85 11
85 12
85 13
85 15
85 27
85 28
85 40
85 44
85 46
85 49
85 52
85 54
85 57
85 64
85 66
85 73
85 74
85 75
85 76
85 80
85 87
85 91
85 93
85 94
85 101
85 103
85 104
85 106
85 108
85 112
85 116
85 119
85 128
85 129
85 131
85 133
85 136
85 137
85 142
85 146
85 147
85 160
85 162
85 165
85 167
85 169
85 171
85 176
85 178
85 180
85 184
85 190
85 199
86 7
86 12
86 13
86 17
86 26
86 29
86 31
86 33
86 38
86 39
86 43
86 47
86 48
86 49
86 53
86 54
86 62
86 64
86 68
86 69
86 71
86 77
86 78
86 79
86 81
86 85
86 93
86 96
86 99
86 102
86 103
86 104
86 105
86 106
86 107
86 112
86 121
86 124
86 125
86 126
86 127
86 131
86 133
86 136
86 138
86 143
86 147
86 153
86 155
86 161
86 163
86 165
86 169
86 170
86 173
86 175
86 182
86 187
86 188
86 193
86 195
86 198
86 200
87 5
87 6
87 8
87 10
87 11
87 14
87 18
87 21
87 22
87 24
87 26
87 28
87 30
87 34
87 35
87 36
87 37
87 45
87 50
87 51
87 55
87 57
87 58
87 60
87 64
87 65
87 70
87 73
87 77
87 80
87 83
87 85
87 86
87 88
87 91
87 92
87 98
87 114
87 116
87 121
87 127
87 129
87 134
87 136
87 137
87 138
87 140
87 144
87 146
87 147
87 149
87 150
87 155
87 161
87 162
87 172
87 173
87 182
87 187
87 188
87 189
87 190
87 195
87 197
87 198
87 200
88 1
88 6
88 7
88 8
88 10
88 12
88 14
88 22
88 24
88 25
88 29
88 30
88 36
88 37
88 38
88 39
88 41
88 47
88 50
88 51
88 53
88 54
88 57
88 61
88 65
88 71
88 74
88 76
88 82
88 91
88 92
88 97
88 98
88 100
88 104
88 105
88 106
88 110
88 112
88 114
88 116
88 119
88 121
88 123
88 125
88 131
88 138
88 141
88 142
88 143
88 149
88 156
88 165
88 169
88 170
88 171
88 181
88 187
88 188
88 192
88 193
88 194
88 195
88 196
88 197
88 199
89 2
89 9
89 11
89 12
89 13
89 15
89 16
89 17
89 19
89 21
89 26
89 28
89 37
89 41
89 42
89 43
89 44
89 45
89 49
89 53
89 55
89 58
89 59
89 60
89 64
89 73
89 74
89 80
89 85
89 86
89 88
89 89
89 90
89 91
89 97
89 99
89 102
89 113
89 114
89 117
89 121
89 125
89 128
89 129
89 132
89 139
89 146
89 149
89 152
89 153
89 154
89 160
89 162
89 171
89 175
89 176
89 180
89 187
89 188
89 191
89 192
89 195
89 197
89 200
90 1
90 3
90 4
90 6
90 8
90 13
90 17
90 18
90 20
90 21
90 25
90 32
90 37
90 38
90 40
90 41
90 42
90 46
90 54
90 55
90 61
90 63
90 65
90 66
90 68
90 69
90 70
90 72
90 75
90 76
90 89
90 93
90 95
90 109
90 110
90 120
90 121
90 122
90 123
90 125
90 126
90 132
90 133
90 136
90 140
90 141
90 146
90 148
90 149
90 152
90 163
90 164
90 169
90 174
90 185
90 189
90 193
90 195
90 199
90 200
91 1
91 6
91 10
91 11
91 13
91 24
91 29
91 36
91 43
91 45
91 52
91 55
91 58
91 65
91 70
91 73
91 74
91 76
91 80
91 81
91 83
91 89
91 90
91 92
91 93
91 97
91 98
91 101
91 105
91 106
91 112
91 116
91 117
91 118
91 122
91 123
91 125
91 127
91 131
91 135
91 136
91 137
91 138
91 140
91 141
91 142
91 145
91 146
91 149
91 153
91 155
91 158
91 160
91 161
91 164
91 166
91 167
91 168
91 169
91 170
91 177
91 178
91 180
91 191
91 193
91 195
91 196
92 3
92 6
92 7
92 10
92 17
92 19
92 20
92 22
92 23
92 27
92 30
92 34
92 42
92 43
92 44
92 46
92 47
92 57
92 61
92 62
92 67
92 74
92 79
92 83
92 86
92 94
92 96
92 100
92 101
92 104
92 113
92 124
92 127
92 129
92 133
92 145
92 147
92 151
92 156
92 163
92 164
92 171
92 172
92 173
92 176
92 179
92 191
92 194
93 2
93 8
93 14
93 20
93 21
93 24
93 31
93 33
93 36
93 40
93 42
93 43
93 45
93 46
93 49
93 53
93 54
93 58
93 62
93 74
93 81
93 82
93 84
93 91
93 95
93 100
93 101
93 108
93 109
93 115
93 117
93 121
93 123
93 132
93 133
93 134
93 136
93 139
93 145
93 154
93 158
93 162
93 166
93 171
93 172
93 173
93 180
93 181
93 183
93 186
93 190
93 195
93 196
93 198
94 1
94 5
94 9
94 10
94 14
94 15
94 16
94 20
94 23
94 29
94 30
94 35
94 37
94 38
94 40
94 41
94 46
94 47
94 51
94 54
94 57
94 60
94 63
94 64
94 67
94 71
94 73
94 85
94 88
94 89
94 96
94 103
94 104
94 114
94 118
94 120
94 127
94 128
94 129
94 130
94 134
94 136
94 137
94 139
94 141
94 144
94 158
94 162
94 163
94 165
94 168
94 181
94 182
94 184
94 187
94 192
94 197
94 200
95 2
95 3
95 4
95 6
95 8
95 21
95 25
95 30
95 32
95 33
95 36
95 37
95 39
95 43
95 46
95 47
95 49
95 55
95 56
95 58
95 59
95 61
95 63
95 66
95 70
95 71
95 75
95 76
95 83
95 93
95 94
95 95
95 97
95 100
95 105
95 108
95 110
95 111
95 117
95 118
95 128
95 129
95 130
95 133
95 142
95 153
95 154
95 155
95 157
95 166
95 167
95 170
95 171
95 175
95 177
95 181
95 184
95 186
95 197
95 200
96 1
96 5
96 14
96 15
96 17
96 21
96 22
96 26
96 28
96 30
96 32
96 37
96 40
96 43
96 44
96 46
96 48
96 50
96 56
96 57
96 59
96 61
96 63
96 69
96 70
96 71
96 73
96 74
96 75
96 76
96 81
96 91
96 97
96 100
96 103
96 107
96 108
96 114
96 115
96 121
96 124
96 126
96 130
96 132
96 138
96 143
96 145
96 149
96 151
96 152
96 157
96 158
96 160
96 164
96 167
96 174
96 177
96 189
96 191
96 194
96 195
96 197
96 199
97 1
97 2
97 4
97 12
97 14
97 15
97 16
97 18
97 20
97 26
97 29
97 32
97 39
97 41
97 44
97 50
97 51
97 52
97 60
97 61
97 63
97 66
97 68
97 69
97 73
97 74
97 79
97 88
97 93
97 95
97 96
97 102
97 107
97 108
97 116
97 118
97 121
97 126
97 130
97 131
97 133
97 134
97 137
97 142
97 145
97 147
97 149
97 151
97 164
97 165
97 172
97 176
97 179
97 182
97 185
97 187
97 189
97 192
97 193
97 197
97 200
98 2
98 3
98 12
98 13
98 24
98 32
98 35
98 37
98 40
98 45
98 48
98 49
98 58
98 64
98 65
98 67
98 72
98 73
98 77
98 79
98 80
98 84
98 86
98 95
98 100
98 105
98 107
98 114
98 115
98 120
98 125
98 135
98 136
98 141
98 142
98 143
98 147
98 155
98 160
98 162
98 166
98 167
98 170
98 173
98 177
98 184
98 188
98 198
98 200
99 2
99 3
99 4
99 5
99 9
99 15
99 18
99 23
99 27
99 34
99 35
99 43
99 44
99 50
99 55
99 58
99 59
99 61
99 66
99 71
99 81
99 85
99 88
99 97
99 105
99 107
99 108
99 117
99 121
99 124
99 130
99 131
99 137
99 139
99 144
99 146
99 147
99 150
99 151
99 152
99 153
99 156
99 157
99 158
99 159
99 162
99 164
99 168
99 172
99 173
99 176
99 179
99 181
99 187
99 189
99 191
99 192
99 197
99 198
99 200
100 3
100 5
100 9
100 10
100 11
100 12
100 18
100 20
100 25
100 31
100 32
100 33
100 35
100 36
100 41
100 44
100 45
100 52
100 57
100 58
100 65
100 69
100 70
100 71
100 72
100 77
100 79
100 88
100 93
100 97
100 99
100 109
100 116
100 119
100 127
100 135
100 136
100 138
100 141
100 142
100 144
100 145
100 146
100 150
100 156
100 159
100 161
100 164
100 166
100 171
100 172
100 178
100 180
100 191
100 192
100 193
100 194
100 199
100 200
101 2
101 6
101 7
101 10
101 11
101 23
101 34
101 37
101 38
101 40
101 41
101 50
101 54
101 55
101 58
101 59
101 61
101 63
101 66
101 71
101 73
101 75
101 81
101 82
101 84
101 90
101 93
101 96
101 97
101 102
101 104
101 105
101 106
101 109
101 125
101 129
101 130
101 132
101 134
101 135
101 139
101 144
101 145
101 151
101 153
101 155
101 159
101 160
101 162
101 167
101 168
101 170
101 171
101 173
101 176
101 188
101 196
102 2
102 3
102 15
102 23
102 25
102 26
102 28
102 30
102 37
102 41
102 43
102 44
102 46
102 48
102 49
102 52
102 62
102 65
102 69
102 72
102 74
102 90
102 92
102 96
102 98
102 99
102 103
102 109
102 111
102 113
102 119
102 121
102 128
102 134
102 135
102 146
102 151
102 161
102 162
102 165
102 167
102 169
102 170
102 173
102 175
102 178
102 180
102 184
102 188
102 192
102 193
102 195
102 196
102 197
102 198
102 200
103 5
103 7
103 12
103 13
103 20
103 26
103 27
103 30
103 39
103 40
103 41
103 44
103 46
103 47
103 48
103 49
103 50
103 52
103 54
103 55
103 56
103 58
103 63
103 80
103 86
103 91
103 94
103 96
103 99
103 103
103 110
103 113
103 114
103 120
103 121
103 124
103 125
103 128
103 129
103 130
103 131
103 133
103 136
103 138
103 139
103 141
103 142
103 145
103 146
103 153
103 158
103 159
103 162
103 163
103 169
103 171
103 174
103 179
103 182
103 186
103 197
103 200
104 2
104 5
104 6
104 16
104 18
104 19
104 28
104 34
104 39
104 40
104 43
104 44
104 55
104 56
104 59
104 64
104 68
104 78
104 80
104 82
104 84
104 87
104 90
104 91
104 92
104 93
104 96
104 102
104 103
104 104
104 109
104 119
104 122
104 127
104 131
104 132
104 134
104 135
104 139
104 142
104 143
104 144
104 150
104 157
104 158
104 159
104 160
104 161
104 164
104 165
104 170
104 178
104 184
104 195
104 196
104 200
105 1
105 6
105 10
105 12
105 19
105 20
105 22
105 30
105 31
105 33
105 40
105 48
105 49
105 50
105 52
105 56
105 60
105 63
105 65
105 66
105 68
105 71
105 74
105 75
105 80
105 84
105 91
105 93
105 99
105 102
105 104
105 117
105 125
105 127
105 128
105 130
105 132
105 133
105 138
105 143
105 144
105 145
105 155
105 158
105 162
105 163
105 167
105 169
105 170
105 172
105 173
105 175
105 179
105 180
105 181
105 182
105 189
105 190
105 192
105 195
105 196
106 4
106 8
106 14
106 15
106 17
106 18
106 22
106 23
106 24
106 26
106 28
106 30
106 33
106 35
106 43
106 47
106 48
106 54
106 55
106 57
106 59
106 60
106 63
106 64
106 66
106 75
106 81
106 89
106 91
106 92
106 94
106 99
106 101
106 103
106 104
106 108
106 110
106 113
106 114
106 115
106 120
106 125
106 131
106 134
106 136
106 139
106 141
106 142
106 144
106 146
106 147
106 152
106 153
106 159
106 162
106 164
106 170
106 173
106 174
106 178
106 182
106 187
106 188
106 189
106 197
106 200
107 1
107 2
107 3
107 8
107 11
107 14
107 15
107 16
107 18
107 25
107 26
107 32
107 43
107 49
107 50
107 53
107 57
107 58
107 59
107 61
107 64
107 65
107 72
107 78
107 81
107 85
107 93
107 96
107 101
107 104
107 106
107 109
107 111
107 113
107 114
107 118
107 122
107 125
107 127
107 130
107 136
107 137
107 139
107 141
107 142
107 147
107 149
107 160
107 162
107 164
107 166
107 168
107 169
107 172
107 173
107 175
107 180
107 181
107 182
107 183
107 185
107 198
107 199
107 200
108 3
108 5
108 7
108 9
108 14
108 15
108 16
108 17
108 18
108 29
108 33
108 37
108 41
108 42
108 48
108 53
108 55
108 57
108 60
108 63
108 65
108 68
108 70
108 74
108 88
108 89
108 100
108 109
108 114
108 116
108 117
108 118
108 120
108 121
108 124
108 126
108 128
108 133
108 140
108 143
108 145
108 148
108 150
108 154
108 155
108 161
108 163
108 171
108 178
108 179
108 181
108 183
108 184
108 185
108 186
108 188
108 191
108 194
108 200
109 4
109 6
109 7
109 15
109 23
109 24
109 25
109 28
109 31
109 32
109 33
109 41
109 45
109 50
109 53
109 60
109 64
109 69
109 70
109 75
109 76
109 80
109 84
109 85
109 86
109 88
109 92
109 95
109 98
109 110
109 115
109 116
109 118
109 119
109 121
109 122
109 123
109 127
109 133
109 135
109 139
109 140
109 141
109 144
109 145
109 146
109 148
109 149
109 150
109 154
109 155
109 165
109 167
109 168
109 169
109 177
109 181
109 190
109 191
109 193
109 195
110 6
110 8
110 10
110 11
110 13
110 15
110 20
110 30
110 33
110 34
110 42
110 54
110 57
110 67
110 70
110 72
110 76
110 78
110 80
110 81
110 82
110 87
110 91
110 94
110 105
110 106
110 108
110 111
110 112
110 113
110 129
110 130
110 131
110 133
110 135
110 140
110 145
110 151
110 154
110 155
110 156
110 157
110 158
110 159
110 161
110 162
110 163
110 166
110 169
110 170
110 175
110 180
110 181
110 184
110 186
110 187
110 190
110 191
110 194
110 196
110 197
110 198
110 200
111 2
111 15
111 17
111 26
111 27
111 29
111 35
111 44
111 47
111 52
111 56
111 57
111 63
111 65
111 73
111 78
111 89
111 90
111 95
111 100
111 101
111 105
111 106
111 110
111 112
111 114
111 116
111 129
111 132
111 141
111 142
111 143
111 145
111 152
111 153
111 160
111 161
111 164
111 168
111 169
111 173
111 176
111 180
111 182
111 184
111 188
111 189
111 196
111 198
111 200
112 4
112 11
112 15
112 16
112 19
112 21
112 24
112 25
112 26
112 28
112 30
112 36
112 37
112 38
112 43
112 49
112 51
112 54
112 56
112 58
112 60
112 67
112 70
112 74
112 80
112 84
112 89
112 90
112 91
112 92
112 93
112 96
112 97
112 98
112 99
112 102
112 107
112 108
112 114
112 121
112 122
112 133
112 136
112 141
112 151
112 152
112 153
112 154
112 155
112 158
112 161
112 165
112 172
112 181
112 187
112 191
112 192
113 1
113 4
113 11
113 13
113 19
113 32
113 35
113 42
113 44
113 46
113 51
113 52
113 57
113 59
113 63
113 64
113 67
113 68
113 69
113 76
113 82
113 83
113 84
113 85
113 89
113 98
113 99
113 101
113 102
113 119
113 121
113 123
113 124
113 125
113 127
113 128
113 134
113 138
113 140
113 141
113 144
113 145
113 146
113 148
113 157
113 158
113 161
113 167
113 168
113 170
113 172
113 178
113 179
113 184
113 185
113 195
113 196
114 1
114 2
114 8
114 9
114 15
114 16
114 18
114 26
114 28
114 29
114 32
114 35
114 37
114 38
114 44
114 48
114 58
114 62
114 64
114 66
114 67
114 69
114 72
114 74
114 76
114 77
114 82
114 91
114 96
114 98
114 99
114 106
114 107
114 114
114 122
114 124
114 125
114 128
114 132
114 133
114 137
114 142
114 147
114 149
114 150
114 152
114 155
114 156
114 159
114 164
114 165
114 168
114 176
114 178
114 185
114 186
114 190
114 193
114 196
114 197
114 199
114 200
115 6
115 7
115 11
115 12
115 18
115 23
115 26
115 27
115 34
115 35
115 36
115 38
115 42
115 44
115 46
115 50
115 51
115 53
115 57
115 61
115 63
115 64
115 65
115 66
115 67
115 69
115 73
115 75
115 76
115 77
115 80
115 84
115 87
115 91
115 93
115 94
115 99
115 101
115 105
115 107
115 110
115 112
115 118
115 119
115 126
115 132
115 134
115 136
115 138
115 140
115 143
115 145
115 148
115 149
115 151
115 154
115 155
115 161
115 163
115 165
115 166
115 177
115 179
115 181
115 182
115 187
115 189
115 200
116 3
116 4
116 9
116 10
116 11
116 12
116 22
116 24
116 34
116 37
116 43
116 44
116 49
116 52
116 53
116 56
116 57
116 59
116 61
116 62
116 63
116 67
116 69
116 71
116 76
116 77
116 78
116 81
116 82
116 83
116 85
116 87
116 91
116 97
116 99
116 100
116 102
116 103
116 106
116 108
116 110
116 111
116 115
116 117
116 121
116 122
116 124
116 126
116 131
116 132
116 136
116 147
116 150
116 151
116 152
116 161
116 162
116 164
116 166
116 170
116 179
116 180
116 188
116 190
116 191
116 192
116 194
116 197
116 200
117 3
117 8
117 12
117 18
117 23
117 27
117 38
117 39
117 40
117 53
117 54
117 55
117 61
117 62
117 72
117 74
117 75
117 79
117 80
117 84
117 86
117 91
117 92
117 98
117 101
117 102
117 105
117 114
117 120
117 121
117 123
117 124
117 127
117 134
117 138
117 146
117 148
117 149
117 152
117 157
117 159
117 161
117 171
117 173
117 174
117 177
117 178
117 184
117 196
117 200
118 5
118 6
118 7
118 8
118 10
118 11
118 12
118 13
118 16
118 18
118 19
118 20
118 23
118 24
118 25
118 27
118 32
118 34
118 36
118 37
118 44
118 45
118 46
118 48
118 51
118 52
118 55
118 56
118 62
118 71
118 73
118 76
118 79
118 80
118 82
118 84
118 86
118 97
118 103
118 104
118 110
118 113
118 114
118 115
118 119
118 127
118 130
118 131
118 134
118 140
118 149
118 151
118 153
118 155
118 156
118 158
118 161
118 162
118 164
118 165
118 166
118 168
118 171
118 174
118 175
118 177
118 180
118 186
118 187
118 191
118 193
118 194
118 195
118 197
119 1
119 4
119 5
119 11
119 15
119 17
119 18
119 23
119 24
119 27
119 32
119 35
119 37
119 40
119 44
119 48
119 57
119 60
119 64
119 70
119 72
119 73
119 77
119 78
119 79
119 80
119 82
119 87
119 89
119 91
119 92
119 93
119 94
119 97
119 98
119 99
119 103
119 105
119 106
119 108
119 112
119 116
119 117
119 121
119 128
119 129
119 131
119 134
119 137
119 144
119 146
119 147
119 149
119 151
119 153
119 158
119 161
119 162
119 163
119 177
119 184
119 185
119 189
119 191
119 193
119 195
119 196
119 198
119 200
120 1
120 7
120 10
120 14
120 15
120 18
120 21
120 23
120 24
120 29
120 36
120 41
120 44
120 45
120 50
120 51
120 53
120 54
120 56
120 58
120 59
120 69
120 71
120 73
120 75
120 88
120 100
120 102
120 104
120 105
120 116
120 117
120 118
120 121
120 127
120 129
120 130
120 132
120 133
120 135
120 136
120 139
120 140
120 141
120 142
120 148
120 149
120 150
120 153
120 154
120 155
120 156
120 157
120 162
120 163
120 164
120 172
120 173
120 176
120 179
120 184
120 185
120 195
120 200
121 6
121 9
121 11
121 12
121 13
121 15
121 27
121 29
121 30
121 34
121 39
121 41
121 42
121 43
121 44
121 49
121 51
121 55
121 59
121 63
121 70
121 73
121 81
121 82
121 86
121 87
121 95
121 96
121 101
121 103
121 104
121 115
121 116
121 120
121 125
121 126
121 127
121 128
121 132
121 137
121 144
121 145
121 148
121 150
121 152
121 155
121 156
121 157
121 158
121 182
121 185
121 186
121 190
121 192
121 196
122 1
122 3
122 6
122 13
122 16
122 17
122 29
122 30
122 31
122 32
122 35
122 44
122 46
122 48
122 49
122 52
122 53
122 57
122 60
122 66
122 73
122 74
122 79
122 84
122 88
122 89
122 92
122 96
122 99
122 105
122 110
122 113
122 115
122 119
122 121
122 123
122 125
122 131
122 133
122 135
122 136
122 137
122 142
122 143
122 144
122 152
122 153
122 158
122 160
122 162
122 166
122 168
122 171
122 172
122 177
122 181
122 182
122 184
122 185
122 189
122 193
122 195
122 197
123 2
123 4
123 5
123 7
123 17
123 22
123 24
123 30
123 35
123 36
123 38
123 41
123 45
123 47
123 48
123 54
123 57
123 59
123 63
123 66
123 73
123 78
123 79
123 82
123 89
123 90
123 93
123 104
123 105
123 108
123 114
123 121
123 130
123 135
123 148
123 153
123 154
123 157
123 158
123 159
123 163
123 168
123 170
123 178
123 182
123 184
123 185
123 193
123 194
123 196
123 198
124 2
124 8
124 14
124 16
124 17
124 22
124 23
124 24
124 25
124 27
124 30
124 35
124 36
124 41
124 42
124 44
124 45
124 48
124 53
124 55
124 56
124 57
124 58
124 62
124 71
124 72
124 73
124 75
124 76
124 78
124 80
124 82
124 83
124 89
124 91
124 96
124 97
124 99
124 100
124 103
124 105
124 108
124 110
124 111
124 116
124 117
124 120
124 121
124 127
124 128
124 135
124 138
124 145
124 146
124 148
124 155
124 156
124 159
124 161
124 164
124 166
124 170
124 173
124 176
124 178
124 181
124 182
124 185
124 192
124 193
124 194
124 195
124 196
124 199
124 200
125 3
125 4
125 6
125 9
125 11
125 13
125 16
125 18
125 24
125 25
125 32
125 36
125 37
125 38
125 39
125 40
125 43
125 45
125 50
125 51
125 74
125 75
125 77
125 81
125 82
125 83
125 91
125 96
125 103
125 104
125 106
125 107
125 110
125 112
125 113
125 114
125 118
125 119
125 123
125 124
125 131
125 133
125 138
125 141
125 143
125 144
125 146
125 149
125 158
125 162
125 164
125 165
125 168
125 170
125 180
125 182
125 183
125 185
125 186
125 190
125 192
125 193
125 198
126 1
126 6
126 7
126 8
126 10
126 11
126 14
126 20
126 21
126 25
126 28
126 34
126 36
126 38
126 39
126 40
126 42
126 44
126 45
126 49
126 56
126 61
126 63
126 64
126 69
126 75
126 76
126 80
126 82
126 83
126 84
126 85
126 86
126 91
126 96
126 98
126 100
126 101
126 102
126 103
126 109
126 112
126 113
126 114
126 116
126 130
126 131
126 132
126 134
126 135
126 136
126 137
126 139
126 143
126 148
126 151
126 153
126 160
126 161
126 163
126 165
126 168
126 169
126 173
126 179
126 183
126 187
126 188
126 192
126 193
126 195
126 200
127 2
127 3
127 5
127 9
127 11
127 14
127 17
127 18
127 20
127 25
127 32
127 36
127 42
127 47
127 52
127 63
127 65
127 67
127 68
127 74
127 77
127 87
127 88
127 94
127 95
127 96
127 97
127 99
127 100
127 102
127 103
127 109
127 114
127 123
127 124
127 127
127 128
127 134
127 136
127 137
127 140
127 149
127 153
127 154
127 155
127 156
127 158
127 160
127 167
127 169
127 174
127 175
127 177
127 192
127 198
127 199
128 4
128 14
128 15
128 20
128 21
128 22
128 24
128 28
128 35
128 37
128 39
128 41
128 42
128 43
128 45
128 52
128 53
128 59
128 61
128 64
128 73
128 74
128 76
128 77
128 80
128 84
128 86
128 87
128 91
128 95
128 96
128 99
128 100
128 102
128 103
128 111
128 112
128 113
128 121
128 122
128 128
128 133
128 135
128 136
128 139
128 140
128 146
128 149
128 151
128 152
128 155
128 156
128 157
128 161
128 173
128 175
128 176
128 180
128 181
128 183
128 184
128 189
128 190
128 193
128 200
129 1
129 6
129 10
129 17
129 19
129 31
129 32
129 33
129 37
129 39
129 42
129 44
129 48
129 52
129 55
129 61
129 64
129 65
129 67
129 71
129 75
129 85
129 89
129 99
129 106
129 116
129 117
129 119
129 122
129 124
129 126
129 128
129 129
129 132
129 133
129 142
129 148
129 153
129 155
129 156
129 158
129 159
129 162
129 167
129 169
129 171
129 174
129 181
129 185
129 186
129 187
129 188
129 189
129 190
129 192
129 196
129 198
130 6
130 8
130 9
130 10
130 13
130 17
130 22
130 23
130 24
130 27
130 33
130 41
130 43
130 47
130 49
130 50
130 54
130 55
130 58
130 61
130 63
130 64
130 65
130 68
130 69
130 71
130 72
130 77
130 78
130 82
130 87
130 88
130 91
130 94
130 96
130 99
130 104
130 108
130 111
130 113
130 115
130 118
130 119
130 124
130 125
130 128
130 129
130 133
130 138
130 145
130 151
130 152
130 153
130 159
130 163
130 165
130 171
130 179
130 181
130 182
130 186
130 194
130 195
130 199
130 200
131 2
131 3
131 7
131 8
131 15
131 16
131 26
131 29
131 32
131 33
131 34
131 36
131 40
131 41
131 45
131 48
131 55
131 64
131 68
131 70
131 73
131 76
131 86
131 93
131 102
131 104
131 107
131 110
131 111
131 112
131 116
131 118
131 119
131 120
131 121
131 122
131 126
131 130
131 132
131 134
131 135
131 136
131 140
131 144
131 148
131 150
131 151
131 152
131 155
131 168
131 174
131 176
131 177
131 179
131 180
131 181
131 182
131 189
131 192
131 198
131 199
132 1
132 2
132 4
132 13
132 16
132 25
132 29
132 35
132 36
132 37
132 43
132 46
132 48
132 49
132 50
132 51
132 54
132 57
132 63
132 68
132 85
132 86
132 89
132 92
132 93
132 99
132 101
132 106
132 108
132 111
132 112
132 115
132 118
132 119
132 121
132 123
132 124
132 126
132 128
132 129
132 133
132 134
132 135
132 140
132 143
132 146
132 149
132 153
132 159
132 161
132 165
132 169
132 185
132 186
132 190
132 191
132 198
133 1
133 3
133 7
133 12
133 13
133 14
133 16
133 24
133 26
133 34
133 38
133 41
133 42
133 43
133 46
133 47
133 48
133 50
133 55
133 60
133 65
133 68
133 69
133 70
133 72
133 73
133 75
133 79
133 84
133 87
133 89
133 97
133 100
133 103
133 104
133 107
133 110
133 115
133 116
133 119
133 120
133 122
133 124
133 125
133 126
133 128
133 129
133 133
133 137
133 140
133 147
133 150
133 155
133 159
133 160
133 162
133 169
133 172
133 176
133 183
133 192
133 196
133 198
134 1
134 3
134 6
134 10
134 12
134 13
134 18
134 19
134 24
134 42
134 43
134 44
134 46
134 47
134 49
134 50
134 51
134 52
134 53
134 57
134 58
134 61
134 66
134 67
134 73
134 85
134 88
134 90
134 100
134 101
134 102
134 103
134 106
134 107
134 110
134 123
134 125
134 129
134 135
134 136
134 137
134 141
134 142
134 143
134 149
134 150
134 157
134 164
134 165
134 167
134 170
134 172
134 176
134 180
134 181
134 188
134 196
134 199
135 3
135 5
135 9
135 10
135 13
135 16
135 18
135 19
135 20
135 27
135 28
135 30
135 32
135 33
135 34
135 35
135 36
135 37
135 39
135 40
135 43
135 48
135 49
135 52
135 58
135 59
135 70
135 74
135 79
135 82
135 98
135 100
135 103
135 105
135 110
135 111
135 112
135 113
135 114
135 121
135 122
135 125
135 136
135 143
135 144
135 147
135 150
135 153
135 156
135 173
135 174
135 177
135 178
135 179
135 182
135 188
135 190
135 191
136 7
136 9
136 10
136 11
136 13
136 14
136 17
136 21
136 31
136 32
136 33
136 47
136 48
136 50
136 53
136 55
136 58
136 59
136 76
136 79
136 81
136 82
136 90
136 101
136 104
136 109
136 110
136 120
136 122
136 123
136 132
136 133
136 137
136 139
136 141
136 142
136 144
136 145
136 150
136 153
136 156
136 157
136 158
136 160
136 161
136 167
136 169
136 179
136 184
136 185
136 186
136 189
136 199
137 3
137 4
137 5
137 9
137 11
137 14
137 17
137 21
137 23
137 27
137 38
137 39
137 45
137 49
137 53
137 55
137 61
137 62
137 63
137 64
137 68
137 71
137 72
137 73
137 76
137 79
137 82
137 84
137 90
137 91
137 95
137 99
137 105
137 107
137 109
137 112
137 116
137 117
137 119
137 120
137 123
137 124
137 130
137 131
137 133
137 136
137 138
137 144
137 149
137 156
137 159
137 160
137 161
137 165
137 167
137 175
137 183
137 184
137 185
137 187
137 200
138 3
138 4
138 11
138 14
138 17
138 19
138 26
138 32
138 38
138 46
138 49
138 52
138 54
138 56
138 65
138 66
138 75
138 81
138 85
138 97
138 103
138 105
138 111
138 112
138 113
138 115
138 116
138 121
138 123
138 129
138 136
138 143
138 153
138 154
138 159
138 160
138 165
138 168
138 173
138 177
138 178
138 179
138 184
138 187
138 192
138 198
138 199
138 200
139 2
139 9
139 11
139 18
139 23
139 24
139 26
139 29
139 38
139 41
139 43
139 49
139 50
139 52
139 54
139 56
139 61
139 65
139 66
139 68
139 69
139 76
139 85
139 93
139 94
139 96
139 102
139 103
139 105
139 109
139 110
139 113
139 114
139 115
139 119
139 122
139 123
139 124
139 135
139 138
139 141
139 147
139 149
139 151
139 152
139 156
139 162
139 164
139 167
139 179
139 180
139 181
139 186
139 189
139 190
139 191
139 194
139 196
139 197
140 2
140 3
140 8
140 12
140 17
140 23
140 26
140 27
140 32
140 33
140 38
140 42
140 49
140 58
140 60
140 62
140 67
140 74
140 75
140 77
140 79
140 82
140 83
140 85
140 87
140 88
140 91
140 93
140 95
140 97
140 99
140 102
140 117
140 126
140 132
140 136
140 137
140 147
140 148
140 151
140 153
140 154
140 155
140 160
140 172
140 174
140 175
140 177
140 179
140 182
140 183
140 185
140 186
140 187
140 188
140 190
140 197
140 199
140 200
141 1
141 2
141 6
141 10
141 17
141 18
141 23
141 30
141 38
141 39
141 40
141 42
141 47
141 50
141 51
141 52
141 54
141 64
141 72
141 74
141 81
141 83
141 88
141 92
141 96
141 99
141 100
141 103
141 105
141 108
141 120
141 124
141 126
141 128
141 129
141 130
141 134
141 135
141 136
141 138
141 139
141 141
141 142
141 146
141 147
141 151
141 155
141 156
141 158
141 159
141 168
141 169
141 170
141 176
141 177
141 178
141 189
141 191
141 192
141 193
141 195
141 196
142 1
142 3
142 7
142 9
142 11
142 12
142 14
142 21
142 24
142 31
142 35
142 37
142 39
142 41
142 44
142 47
142 49
142 58
142 60
142 63
142 65
142 73
142 79
142 80
142 82
142 83
142 88
142 89
142 95
142 101
142 109
142 110
142 114
142 116
142 117
142 125
142 128
142 138
142 141
142 143
142 148
142 158
142 160
142 162
142 163
142 166
142 167
142 168
142 169
142 172
142 174
142 181
142 182
142 185
142 188
142 192
142 193
142 194
142 195
142 196
142 198
142 199
142 200
143 12
143 14
143 17
143 23
143 25
143 27
143 31
143 32
143 38
143 40
143 42
143 44
143 45
143 46
143 50
143 53
143 55
143 63
143 66
143 72
143 81
143 82
143 86
143 92
143 93
143 96
143 101
143 105
143 107
143 111
143 116
143 117
143 120
143 124
143 128
143 131
143 132
143 134
143 136
143 140
143 141
143 142
143 144
143 151
143 153
143 155
143 156
143 157
143 158
143 161
143 162
143 164
143 166
143 172
143 175
143 178
143 179
143 180
143 189
143 190
143 192
143 197
143 199
144 4
144 5
144 6
144 8
144 13
144 15
144 20
144 46
144 47
144 49
144 57
144 58
144 59
144 60
144 61
144 63
144 71
144 76
144 78
144 79
144 80
144 83
144 91
144 92
144 93
144 97
144 98
144 108
144 111
144 113
144 115
144 121
144 126
144 128
144 129
144 141
144 146
144 148
144 151
144 156
144 158
144 167
144 168
144 171
144 172
144 173
144 177
144 179
144 184
144 188
144 190
144 191
144 193
144 196
144 199
145 1
145 2
145 7
145 9
145 14
145 17
145 18
145 23
145 29
145 32
145 38
145 39
145 41
145 46
145 47
145 49
145 52
145 53
145 54
145 60
145 61
145 66
145 67
145 68
145 69
145 74
145 79
145 82
145 83
145 91
145 94
145 97
145 102
145 112
145 116
145 118
145 123
145 125
145 127
145 128
145 129
145 132
145 137
145 148
145 149
145 150
145 160
145 161
145 165
145 168
145 170
145 171
145 175
145 179
145 181
145 186
145 190
145 191
145 194
145 195
145 197
145 199
146 1
146 2
146 5
146 10
146 14
146 17
146 19
146 22
146 25
146 27
146 28
146 36
146 37
146 40
146 43
146 44
146 48
146 49
146 51
146 55
146 68
146 75
146 80
146 81
146 83
146 89
146 91
146 94
146 96
146 97
146 98
146 101
146 102
146 104
146 107
146 115
146 116
146 119
146 129
146 130
146 133
146 134
146 135
146 154
146 155
146 159
146 160
146 162
146 164
146 171
146 176
146 183
146 184
146 186
146 188
146 191
146 192
146 195
146 196
146 198
146 200
147 4
147 5
147 6
147 12
147 13
147 18
147 21
147 24
147 26
147 27
147 35
147 36
147 37
147 38
147 40
147 47
147 49
147 50
147 54
147 56
147 57
147 64
147 67
147 68
147 71
147 72
147 73
147 78
147 79
147 82
147 83
147 86
147 89
147 91
147 97
147 98
147 106
147 109
147 111
147 112
147 120
147 121
147 123
147 125
147 126
147 127
147 133
147 136
147 137
147 139
147 147
147 151
147 154
147 155
147 161
147 164
147 166
147 170
147 172
147 174
147 175
147 177
147 183
147 185
147 187
147 190
147 191
147 192
147 194
147 196
148 3
148 6
148 8
148 10
148 13
148 14
148 15
148 19
148 23
148 24
148 30
148 34
148 35
148 37
148 40
148 41
148 47
148 50
148 54
148 56
148 57
148 58
148 64
148 68
148 73
148 75
148 77
148 79
148 87
148 88
148 94
148 100
148 101
148 112
148 121
148 123
148 125
148 133
148 135
148 138
148 139
148 140
148 144
148 146
148 147
148 148
148 151
148 154
148 158
148 159
148 163
148 172
148 178
148 180
148 181
148 182
148 185
148 188
148 190
148 194
149 1
149 2
149 5
149 11
149 14
149 24
149 25
149 26
149 30
149 35
149 37
149 39
149 49
149 51
149 53
149 58
149 60
149 62
149 64
149 65
149 67
149 69
149 70
149 71
149 87
149 89
149 93
149 97
149 103
149 105
149 108
149 110
149 118
149 124
149 125
149 127
149 128
149 132
149 139
149 143
149 145
149 149
149 160
149 167
149 169
149 170
149 171
149 176
149 180
149 182
149 185
149 187
149 189
149 190
149 198
150 9
150 13
150 16
150 23
150 24
150 26
150 28
150 33
150 36
150 38
150 41
150 42
150 44
150 45
150 49
150 58
150 60
150 68
150 69
150 70
150 86
150 87
150 88
150 89
150 91
150 93
150 99
150 101
150 103
150 104
150 105
150 107
150 109
150 111
150 112
150 113
150 114
150 115
150 118
150 123
150 124
150 125
150 127
150 135
150 136
150 137
150 140
150 143
150 151
150 156
150 158
150 162
150 165
150 167
150 168
150 172
150 173
150 175
150 189
150 191
150 192
150 193
150 199
151 2
151 3
151 4
151 13
151 19
151 29
151 33
151 36
151 39
151 42
151 45
151 49
151 52
151 58
151 60
151 61
151 67
151 69
151 71
151 76
151 79
151 85
151 93
151 96
151 101
151 104
151 106
151 108
151 109
151 114
151 118
151 119
151 122
151 124
151 127
151 129
151 130
151 131
151 135
151 140
151 142
151 145
151 147
151 154
151 155
151 156
151 157
151 171
151 172
151 179
151 183
151 185
151 195
151 198
151 199
152 1
152 2
152 7
152 9
152 10
152 14
152 15
152 17
152 18
152 19
152 20
152 22
152 25
152 26
152 29
152 30
152 31
152 37
152 38
152 41
152 47
152 49
152 51
152 55
152 58
152 61
152 69
152 70
152 73
152 75
152 81
152 82
152 83
152 85
152 87
152 89
152 91
152 92
152 94
152 96
152 101
152 102
152 105
152 112
152 115
152 119
152 122
152 123
152 128
152 130
152 131
152 133
152 146
152 147
152 150
152 152
152 153
152 155
152 158
152 159
152 163
152 166
152 170
152 172
152 174
152 175
152 180
152 181
152 184
152 187
152 189
152 191
152 192
152 198
152 200
153 1
153 2
153 7
153 11
153 15
153 19
153 20
153 21
153 24
153 34
153 37
153 45
153 54
153 56
153 58
153 62
153 66
153 68
153 75
153 77
153 82
153 83
153 94
153 96
153 97
153 103
153 110
153 124
153 125
153 129
153 131
153 133
153 135
153 139
153 142
153 144
153 145
153 146
153 148
153 158
153 159
153 160
153 161
153 164
153 168
153 170
153 171
153 172
153 175
153 176
153 178
153 182
153 187
153 188
153 189
153 190
153 192
153 193
153 194
154 1
154 6
154 16
154 17
154 18
154 22
154 23
154 34
154 35
154 36
154 39
154 42
154 43
154 45
154 46
154 47
154 52
154 53
154 61
154 69
154 71
154 73
154 74
154 80
154 91
154 105
154 106
154 110
154 113
154 115
154 118
154 120
154 121
154 130
154 134
154 136
154 145
154 146
154 147
154 152
154 154
154 158
154 164
154 166
154 168
154 169
154 176
154 179
154 181
154 190
154 191
154 193
154 195
154 196
154 197
154 200
155 1
155 6
155 12
155 18
155 22
155 24
155 28
155 35
155 37
155 40
155 42
155 47
155 49
155 51
155 52
155 53
155 54
155 60
155 65
155 73
155 75
155 76
155 79
155 82
155 86
155 87
155 94
155 95
155 96
155 108
155 112
155 125
155 127
155 128
155 129
155 131
155 138
155 139
155 148
155 149
155 154
155 157
155 158
155 159
155 163
155 164
155 170
155 173
155 174
155 175
155 177
155 180
155 181
155 182
155 185
155 191
155 197
156 1
156 2
156 8
156 10
156 12
156 13
156 23
156 29
156 32
156 39
156 40
156 42
156 44
156 45
156 54
156 56
156 62
156 65
156 71
156 74
156 75
156 76
156 78
156 81
156 82
156 86
156 93
156 95
156 98
156 101
156 103
156 106
156 107
156 112
156 115
156 126
156 127
156 130
156 132
156 138
156 140
156 144
156 145
156 147
156 156
156 160
156 161
156 165
156 166
156 168
156 181
156 182
156 186
156 187
156 189
156 197
157 1
157 12
157 13
157 15
157 18
157 22
157 23
157 24
157 29
157 30
157 31
157 33
157 38
157 39
157 40
157 42
157 43
157 44
157 45
157 50
157 52
157 68
157 69
157 70
157 72
157 73
157 74
157 77
157 80
157 87
157 88
157 93
157 94
157 100
157 105
157 107
157 108
157 110
157 113
157 115
157 118
157 120
157 125
157 126
157 129
157 131
157 132
157 133
157 135
157 136
157 137
157 141
157 144
157 148
157 149
157 152
157 157
157 158
157 161
157 163
157 171
157 174
157 176
157 179
157 187
157 194
157 200
158 2
158 11
158 13
158 15
158 19
158 27
158 31
158 39
158 41
158 42
158 43
158 54
158 57
158 71
158 74
158 79
158 82
158 91
158 108
158 111
158 113
158 128
158 133
158 143
158 145
158 146
158 147
158 149
158 164
158 166
158 167
158 180
158 184
158 188
158 189
158 191
158 192
158 194
158 197
159 1
159 8
159 9
159 11
159 13
159 17
159 22
159 24
159 25
159 27
159 32
159 35
159 37
159 38
159 40
159 42
159 43
159 44
159 48
159 50
159 53
159 56
159 60
159 62
159 64
159 75
159 76
159 81
159 83
159 84
159 88
159 89
159 93
159 94
159 97
159 98
159 105
159 107
159 110
159 121
159 122
159 124
159 127
159 130
159 134
159 138
159 161
159 168
159 169
159 176
159 177
159 182
159 183
159 185
159 186
159 189
159 192
159 196
159 199
160 1
160 2
160 5
160 6
160 12
160 17
160 20
160 21
160 23
160 27
160 30
160 31
160 33
160 35
160 37
160 39
160 44
160 53
160 56
160 57
160 59
160 61
160 64
160 65
160 73
160 81
160 86
160 89
160 91
160 92
160 95
160 97
160 98
160 102
160 103
160 104
160 106
160 110
160 111
160 113
160 115
160 119
160 123
160 129
160 134
160 138
160 140
160 141
160 144
160 145
160 157
160 159
160 161
160 165
160 166
160 169
160 171
160 172
160 174
160 176
160 179
160 180
160 181
160 184
160 188
160 192
160 193
160 195
160 196
160 200
161 7
161 9
161 12
161 14
161 27
161 29
161 32
161 35
161 40
161 42
161 43
161 47
161 58
161 59
161 61
161 66
161 67
161 76
161 79
161 81
161 86
161 90
161 91
161 99
161 101
161 107
161 108
161 111
161 112
161 129
161 132
161 133
161 134
161 139
161 143
161 146
161 152
161 155
161 156
161 157
161 158
161 166
161 170
161 171
161 178
161 181
161 183
161 184
161 185
161 192
161 193
161 194
161 197
161 198
161 200
162 4
162 9
162 11
162 15
162 17
162 19
162 26
162 27
162 37
162 38
162 39
162 40
162 43
162 44
162 49
162 50
162 51
162 53
162 60
162 62
162 63
162 64
162 70
162 76
162 85
162 86
162 94
162 96
162 98
162 100
162 102
162 106
162 114
162 116
162 119
162 122
162 125
162 135
162 143
162 147
162 150
162 155
162 160
162 164
162 171
162 173
162 176
162 179
162 185
162 187
162 189
162 190
162 192
162 193
162 198
162 200
163 1
163 2
163 16
163 20
163 22
163 26
163 30
163 32
163 35
163 40
163 45
163 46
163 47
163 50
163 53
163 54
163 57
163 65
163 68
163 69
163 70
163 71
163 73
163 74
163 75
163 81
163 85
163 88
163 95
163 103
163 109
163 113
163 115
163 120
163 122
163 123
163 124
163 127
163 133
163 140
163 145
163 146
163 152
163 155
163 163
163 167
163 171
163 175
163 176
163 177
163 185
163 186
163 187
163 192
163 196
163 197
163 199
163 200
164 11
164 17
164 18
164 19
164 20
164 21
164 23
164 30
164 31
164 32
164 36
164 37
164 40
164 46
164 50
164 51
164 56
164 58
164 60
164 61
164 68
164 69
164 71
164 72
164 75
164 81
164 82
164 85
164 90
164 93
164 96
164 97
164 111
164 122
164 123
164 125
164 126
164 127
164 128
164 133
164 138
164 141
164 143
164 153
164 155
164 157
164 161
164 167
164 170
164 173
164 176
164 179
164 182
164 183
164 185
164 191
164 193
164 194
164 195
164 196
164 198
165 2
165 3
165 11
165 12
165 14
165 15
165 20
165 21
165 22
165 26
165 28
165 30
165 33
165 45
165 49
165 54
165 56
165 66
165 69
165 73
165 77
165 78
165 85
165 92
165 94
165 100
165 101
165 105
165 112
165 116
165 118
165 119
165 121
165 124
165 130
165 137
165 138
165 142
165 151
165 153
165 154
165 159
165 161
165 162
165 167
165 168
165 169
165 170
165 178
165 179
165 181
165 182
165 183
165 187
165 190
165 195
165 197
165 200
166 9
166 13
166 14
166 17
166 19
166 25
166 27
166 30
166 32
166 33
166 34
166 35
166 37
166 42
166 48
166 50
166 56
166 57
166 60
166 61
166 62
166 69
166 72
166 78
166 79
166 83
166 91
166 92
166 94
166 99
166 103
166 106
166 107
166 111
166 112
166 113
166 116
166 120
166 121
166 122
166 125
166 131
166 133
166 134
166 137
166 138
166 140
166 142
166 145
166 152
166 157
166 159
166 160
166 166
166 167
166 181
166 190
166 191
166 193
166 196
166 198
167 1
167 2
167 4
167 7
167 11
167 12
167 18
167 19
167 21
167 24
167 26
167 31
167 38
167 39
167 42
167 43
167 44
167 45
167 49
167 51
167 57
167 67
167 72
167 74
167 75
167 78
167 80
167 82
167 85
167 88
167 89
167 91
167 92
167 94
167 95
167 96
167 97
167 98
167 100
167 101
167 106
167 109
167 112
167 115
167 116
167 117
167 121
167 123
167 124
167 130
167 133
167 138
167 140
167 142
167 146
167 150
167 153
167 159
167 161
167 163
167 166
167 172
167 174
167 182
167 185
167 186
167 187
167 192
167 193
167 194
168 3
168 6
168 7
168 9
168 13
168 16
168 26
168 27
168 28
168 30
168 31
168 32
168 33
168 34
168 41
168 45
168 54
168 56
168 62
168 63
168 64
168 66
168 70
168 74
168 76
168 77
168 78
168 85
168 86
168 94
168 95
168 96
168 98
168 100
168 102
168 103
168 105
168 109
168 111
168 112
168 116
168 119
168 121
168 125
168 129
168 132
168 134
168 135
168 136
168 143
168 145
168 149
168 150
168 155
168 156
168 165
168 168
168 169
168 175
168 179
168 185
168 186
168 187
168 191
168 192
168 193
168 198
168 199
169 2
169 6
169 13
169 14
169 15
169 23
169 24
169 27
169 40
169 43
169 44
169 48
169 49
169 53
169 55
169 63
169 66
169 67
169 69
169 73
169 74
169 75
169 77
169 78
169 79
169 84
169 87
169 88
169 93
169 96
169 109
169 112
169 117
169 123
169 124
169 126
169 127
169 134
169 135
169 136
169 143
169 144
169 146
169 148
169 152
169 153
169 155
169 156
169 165
169 167
169 173
169 174
169 181
169 190
169 199
169 200
170 1
170 5
170 9
170 10
170 12
170 14
170 15
170 22
170 31
170 34
170 36
170 38
170 47
170 52
170 58
170 65
170 66
170 67
170 70
170 76
170 79
170 85
170 88
170 90
170 92
170 93
170 95
170 98
170 99
170 101
170 104
170 106
170 107
170 108
170 110
170 111
170 124
170 125
170 127
170 134
170 135
170 136
170 139
170 140
170 149
170 151
170 152
170 155
170 158
170 163
170 169
170 171
170 173
170 179
170 181
170 192
170 199
171 6
171 9
171 10
171 11
171 12
171 13
171 14
171 16
171 22
171 24
171 27
171 29
171 30
171 34
171 39
171 48
171 50
171 54
171 56
171 63
171 78
171 79
171 82
171 83
171 84
171 86
171 88
171 89
171 97
171 99
171 101
171 103
171 104
171 110
171 111
171 116
171 122
171 123
171 128
171 129
171 131
171 137
171 139
171 141
171 144
171 146
171 148
171 150
171 158
171 160
171 163
171 166
171 171
171 182
171 184
171 195
172 3
172 9
172 13
172 15
172 19
172 20
172 28
172 35
172 36
172 40
172 41
172 42
172 45
172 46
172 47
172 50
172 58
172 60
172 61
172 63
172 68
172 71
172 73
172 77
172 78
172 79
172 83
172 84
172 86
172 89
172 96
172 102
172 106
172 108
172 110
172 113
172 118
172 119
172 124
172 138
172 139
172 147
172 150
172 151
172 152
172 155
172 158
172 166
172 167
172 169
172 170
172 171
172 177
172 180
172 181
172 190
172 192
172 200
173 1
173 6
173 8
173 14
173 15
173 24
173 26
173 27
173 36
173 40
173 41
173 44
173 45
173 49
173 51
173 52
173 54
173 56
173 66
173 67
173 70
173 73
173 75
173 81
173 85
173 87
173 89
173 90
173 96
173 98
173 99
173 101
173 112
173 114
173 115
173 120
173 122
173 123
173 124
173 125
173 131
173 134
173 135
173 139
173 144
173 149
173 153
173 155
173 157
173 158
173 160
173 162
173 165
173 166
173 168
173 173
173 174
173 176
173 177
173 180
173 181
173 182
173 184
173 188
173 191
173 192
173 195
173 197
174 6
174 7
174 8
174 9
174 14
174 16
174 19
174 20
174 21
174 24
174 27
174 30
174 31
174 40
174 42
174 43
174 46
174 50
174 53
174 56
174 57
174 72
174 83
174 84
174 89
174 93
174 94
174 96
174 100
174 101
174 102
174 103
174 106
174 113
174 116
174 118
174 123
174 127
174 128
174 131
174 135
174 136
174 139
174 140
174 141
174 143
174 147
174 150
174 151
174 154
174 157
174 159
174 160
174 168
174 172
174 173
174 179
174 183
174 185
174 186
174 188
174 195
174 199
175 2
175 4
175 6
175 10
175 11
175 14
175 16
175 19
175 20
175 23
175 26
175 28
175 29
175 30
175 31
175 32
175 33
175 44
175 45
175 48
175 49
175 51
175 53
175 57
175 58
175 60
175 63
175 65
175 67
175 68
175 78
175 82
175 84
175 85
175 88
175 89
175 91
175 93
175 94
175 97
175 103
175 110
175 111
175 112
175 120
175 124
175 128
175 129
175 137
175 141
175 143
175 144
175 152
175 153
175 157
175 159
175 161
175 164
175 168
175 171
175 173
175 178
175 184
175 185
175 193
175 194
175 197
175 199
176 2
176 8
176 14
176 15
176 16
176 21
176 22
176 23
176 27
176 30
176 32
176 36
176 40
176 43
176 48
176 49
176 50
176 53
176 54
176 55
176 59
176 63
176 64
176 69
176 71
176 75
176 76
176 80
176 83
176 85
176 93
176 97
176 98
176 103
176 106
176 108
176 122
176 127
176 131
176 133
176 137
176 139
176 140
176 146
176 151
176 154
176 155
176 156
176 160
176 161
176 163
176 165
176 172
176 173
176 174
176 180
176 183
176 185
176 190
176 192
176 198
177 2
177 12
177 13
177 17
177 18
177 20
177 22
177 27
177 32
177 33
177 35
177 36
177 39
177 52
177 53
177 57
177 58
177 61
177 63
177 66
177 67
177 69
177 70
177 72
177 75
177 76
177 79
177 80
177 84
177 87
177 88
177 89
177 90
177 95
177 99
177 100
177 102
177 104
177 112
177 114
177 116
177 117
177 123
177 124
177 125
177 130
177 131
177 132
177 133
177 138
177 140
177 142
177 152
177 156
177 158
177 161
177 167
177 169
177 177
177 178
177 180
177 182
177 188
177 193
177 197
178 6
178 9
178 10
178 14
178 23
178 30
178 32
178 34
178 36
178 40
178 47
178 57
178 58
178 69
178 72
178 76
178 78
178 83
178 84
178 88
178 90
178 94
178 100
178 103
178 104
178 105
178 110
178 112
178 118
178 120
178 123
178 127
178 134
178 135
178 140
178 146
178 151
178 152
178 153
178 154
178 159
178 162
178 163
178 166
178 167
178 169
178 175
178 178
178 184
178 186
178 188
178 191
179 1
179 3
179 4
179 8
179 10
179 16
179 18
179 29
179 30
179 33
179 35
179 37
179 38
179 39
179 44
179 45
179 46
179 47
179 52
179 54
179 56
179 57
179 64
179 66
179 69
179 70
179 72
179 74
179 75
179 86
179 104
179 107
179 110
179 112
179 114
179 117
179 118
179 119
179 120
179 122
179 124
179 128
179 129
179 135
179 136
179 138
179 140
179 142
179 151
179 156
179 159
179 160
179 162
179 165
179 167
179 171
179 173
179 174
179 175
179 178
179 179
179 183
179 189
179 191
179 194
180 2
180 3
180 6
180 14
180 24
180 26
180 28
180 34
180 37
180 38
180 41
180 51
180 58
180 59
180 63
180 66
180 68
180 74
180 76
180 77
180 80
180 82
180 89
180 91
180 93
180 94
180 97
180 98
180 99
180 104
180 106
180 108
180 112
180 113
180 118
180 119
180 120
180 121
180 123
180 124
180 127
180 130
180 132
180 142
180 144
180 146
180 149
180 150
180 163
180 164
180 165
180 175
180 176
180 182
180 184
180 189
180 193
180 197
181 3
181 4
181 7
181 10
181 12
181 13
181 15
181 17
181 18
181 20
181 23
181 24
181 28
181 31
181 37
181 39
181 41
181 44
181 49
181 50
181 51
181 53
181 54
181 55
181 56
181 58
181 69
181 78
181 82
181 86
181 89
181 90
181 98
181 100
181 105
181 108
181 112
181 114
181 115
181 123
181 127
181 131
181 135
181 138
181 139
181 148
181 149
181 150
181 152
181 155
181 157
181 163
181 164
181 166
181 167
181 168
181 172
181 177
181 178
181 180
181 184
181 189
181 193
181 199
182 2
182 8
182 9
182 10
182 15
182 17
182 18
182 21
182 22
182 24
182 25
182 26
182 31
182 35
182 43
182 49
182 53
182 55
182 58
182 61
182 62
182 65
182 66
182 72
182 73
182 76
182 77
182 78
182 86
182 87
182 91
182 93
182 94
182 99
182 101
182 102
182 108
182 109
182 112
182 114
182 115
182 125
182 127
182 128
182 131
182 132
182 136
182 146
182 151
182 158
182 159
182 162
182 167
182 169
182 171
182 176
182 178
182 179
182 184
182 188
182 189
182 192
182 195
182 197
182 198
183 1
183 2
183 13
183 14
183 15
183 16
183 22
183 24
183 25
183 38
183 47
183 54
183 56
183 57
183 63
183 65
183 69
183 72
183 77
183 79
183 84
183 88
183 93
183 94
183 99
183 101
183 104
183 107
183 108
183 115
183 118
183 120
183 128
183 131
183 133
183 144
183 145
183 146
183 147
183 148
183 150
183 157
183 159
183 161
183 162
183 163
183 168
183 169
183 170
183 172
183 176
183 181
183 187
183 188
183 192
183 193
183 198
183 200
184 2
184 3
184 4
184 8
184 19
184 20
184 21
184 27
184 31
184 34
184 35
184 36
184 44
184 45
184 51
184 53
184 54
184 57
184 58
184 60
184 61
184 62
184 72
184 75
184 78
184 80
184 84
184 89
184 96
184 97
184 105
184 106
184 110
184 112
184 116
184 126
184 133
184 134
184 135
184 136
184 141
184 144
184 145
184 146
184 147
184 151
184 153
184 154
184 155
184 158
184 159
184 160
184 162
184 164
184 167
184 168
184 171
184 178
184 181
184 182
184 189
184 190
184 200
185 4
185 6
185 10
185 13
185 18
185 20
185 24
185 25
185 27
185 31
185 38
185 40
185 42
185 46
185 48
185 54
185 55
185 57
185 61
185 63
185 65
185 66
185 78
185 79
185 81
185 84
185 86
185 90
185 95
185 99
185 100
185 102
185 103
185 106
185 109
185 114
185 115
185 116
185 126
185 129
185 133
185 139
185 144
185 147
185 148
185 152
185 153
185 161
185 166
185 168
185 172
185 176
185 178
185 182
185 184
185 185
185 191
185 197
185 199
185 200
186 3
186 5
186 6
186 13
186 16
186 17
186 19
186 20
186 24
186 25
186 28
186 29
186 32
186 34
186 48
186 51
186 54
186 59
186 61
186 64
186 77
186 82
186 88
186 89
186 92
186 95
186 97
186 103
186 106
186 107
186 109
186 110
186 111
186 114
186 115
186 118
186 130
186 131
186 132
186 133
186 136
186 137
186 138
186 140
186 142
186 144
186 149
186 150
186 151
186 152
186 153
186 158
186 165
186 167
186 169
186 170
186 172
186 173
186 175
186 179
186 180
186 181
186 183
186 185
186 186
186 187
186 190
186 191
186 192
187 1
187 4
187 5
187 14
187 18
187 19
187 20
187 27
187 32
187 36
187 38
187 39
187 41
187 42
187 45
187 48
187 53
187 56
187 60
187 66
187 74
187 85
187 88
187 92
187 93
187 94
187 100
187 103
187 110
187 111
187 114
187 119
187 121
187 122
187 136
187 137
187 144
187 149
187 152
187 153
187 155
187 158
187 161
187 164
187 170
187 171
187 172
187 174
187 177
187 184
187 189
187 200
188 2
188 4
188 8
188 14
188 15
188 18
188 19
188 27
188 31
188 32
188 33
188 36
188 38
188 40
188 42
188 48
188 55
188 56
188 59
188 69
188 74
188 77
188 84
188 99
188 101
188 105
188 106
188 108
188 111
188 119
188 122
188 123
188 125
188 127
188 128
188 130
188 131
188 134
188 138
188 141
188 145
188 146
188 148
188 154
188 157
188 159
188 161
188 162
188 163
188 169
188 171
188 173
188 177
188 180
188 181
188 189
188 190
188 191
188 192
188 193
188 199
188 200
189 1
189 2
189 5
189 7
189 8
189 10
189 15
189 16
189 17
189 18
189 21
189 27
189 32
189 35
189 37
189 44
189 47
189 48
189 54
189 61
189 62
189 66
189 67
189 78
189 80
189 83
189 84
189 88
189 92
189 97
189 99
189 102
189 104
189 105
189 113
189 116
189 117
189 121
189 126
189 127
189 130
189 138
189 142
189 145
189 147
189 150
189 155
189 156
189 164
189 177
189 178
189 179
189 180
189 186
189 189
189 195
189 200
190 6
190 10
190 20
190 25
190 33
190 38
190 43
190 48
190 53
190 60
190 64
190 65
190 66
190 72
190 75
190 78
190 79
190 81
190 84
190 88
190 90
190 92
190 94
190 99
190 106
190 107
190 112
190 114
190 116
190 118
190 119
190 122
190 123
190 124
190 126
190 127
190 128
190 129
190 133
190 134
190 137
190 144
190 147
190 150
190 151
190 157
190 161
190 164
190 165
190 166
190 172
190 179
190 183
190 186
190 189
190 191
190 193
190 198
191 1
191 2
191 5
191 15
191 18
191 20
191 22
191 23
191 24
191 25
191 36
191 38
191 48
191 54
191 55
191 59
191 71
191 76
191 77
191 78
191 83
191 87
191 93
191 100
191 103
191 108
191 109
191 110
191 116
191 118
191 119
191 123
191 125
191 128
191 130
191 136
191 137
191 139
191 143
191 146
191 153
191 155
191 156
191 157
191 159
191 161
191 162
191 163
191 173
191 175
191 180
191 181
191 187
191 189
191 199
191 200
192 9
192 12
192 16
192 18
192 30
192 31
192 33
192 36
192 42
192 44
192 46
192 47
192 52
192 55
192 56
192 58
192 61
192 63
192 66
192 69
192 70
192 71
192 73
192 76
192 77
192 80
192 84
192 85
192 87
192 88
192 89
192 95
192 117
192 119
192 120
192 125
192 131
192 137
192 138
192 140
192 141
192 142
192 144
192 153
192 161
192 162
192 167
192 173
192 176
192 179
192 183
192 184
192 186
192 198
192 199
193 4
193 9
193 10
193 18
193 20
193 21
193 32
193 33
193 35
193 43
193 44
193 54
193 58
193 59
193 64
193 66
193 71
193 77
193 84
193 85
193 88
193 89
193 91
193 92
193 94
193 97
193 98
193 100
193 101
193 104
193 107
193 109
193 111
193 117
193 119
193 122
193 128
193 133
193 136
193 148
193 150
193 155
193 157
193 160
193 162
193 165
193 168
193 169
193 172
193 173
193 175
193 177
193 179
193 180
193 181
193 185
193 188
193 192
193 194
193 195
194 3
194 6
194 8
194 11
194 13
194 17
194 18
194 19
194 20
194 24
194 27
194 32
194 35
194 38
194 39
194 48
194 49
194 50
194 58
194 61
194 65
194 70
194 79
194 89
194 94
194 102
194 103
194 105
194 110
194 113
194 115
194 117
194 118
194 124
194 125
194 126
194 138
194 141
194 149
194 160
194 162
194 166
194 168
194 177
194 185
194 186
194 196
195 2
195 4
195 5
195 8
195 10
195 11
195 12
195 13
195 14
195 15
195 19
195 20
195 23
195 24
195 28
195 31
195 34
195 35
195 36
195 37
195 43
195 48
195 49
195 56
195 61
195 67
195 68
195 73
195 74
195 75
195 78
195 84
195 90
195 95
195 100
195 102
195 104
195 106
195 110
195 111
195 119
195 125
195 128
195 134
195 135
195 138
195 139
195 142
195 143
195 144
195 145
195 147
195 149
195 152
195 157
195 159
195 166
195 168
195 170
195 171
195 173
195 175
195 180
195 185
195 188
195 191
195 196
195 198
196 1
196 5
196 16
196 17
196 19
196 20
196 22
196 23
196 28
196 32
196 34
196 35
196 36
196 42
196 49
196 54
196 56
196 63
196 65
196 67
196 68
196 70
196 72
196 74
196 76
196 77
196 86
196 87
196 93
196 96
196 97
196 99
196 100
196 103
196 112
196 115
196 119
196 123
196 133
196 135
196 136
196 139
196 140
196 141
196 142
196 146
196 148
196 149
196 150
196 151
196 155
196 156
196 166
196 172
196 173
196 177
196 179
196 185
196 188
196 194
196 196
197 7
197 8
197 13
197 15
197 17
197 22
197 23
197 30
197 37
197 39
197 40
197 47
197 48
197 50
197 51
197 57
197 59
197 64
197 69
197 71
197 73
197 74
197 77
197 78
197 81
197 83
197 84
197 92
197 100
197 104
197 105
197 107
197 114
197 118
197 122
197 125
197 159
197 164
197 168
197 169
197 175
197 179
197 180
197 184
197 186
197 190
197 191
198 4
198 9
198 11
198 12
198 13
198 14
198 15
198 16
198 22
198 24
198 26
198 27
198 32
198 36
198 38
198 39
198 42
198 55
198 56
198 58
198 64
198 70
198 75
198 76
198 80
198 84
198 92
198 96
198 97
198 100
198 103
198 106
198 107
198 112
198 116
198 118
198 119
198 120
198 129
198 135
198 139
198 141
198 142
198 149
198 150
198 152
198 153
198 155
198 156
198 158
198 160
198 162
198 167
198 168
198 172
198 178
198 179
198 183
198 186
198 187
198 189
198 192
198 193
198 197
198 200
199 10
199 12
199 13
199 17
199 21
199 25
199 31
199 32
199 33
199 37
199 39
199 41
199 42
199 44
199 45
199 47
199 48
199 49
199 52
199 53
199 55
199 62
199 68
199 73
199 81
199 86
199 87
199 90
199 94
199 102
199 103
199 106
199 107
199 109
199 113
199 115
199 118
199 121
199 122
199 124
199 126
199 127
199 129
199 130
199 133
199 139
199 143
199 146
199 148
199 152
199 153
199 164
199 167
199 170
199 173
199 177
199 182
199 183
199 188
199 189
199 194
199 196
199 197
199 200
200 3
200 4
200 7
200 8
200 13
200 14
200 16
200 18
200 22
200 23
200 24
200 25
200 26
200 27
200 33
200 34
200 43
200 45
200 46
200 51
200 52
200 56
200 63
200 72
200 73
200 74
200 83
200 87
200 91
200 94
200 97
200 99
200 102
200 108
200 109
200 110
200 112
200 114
200 115
200 117
200 120
200 130
200 133
200 137
200 145
200 150
200 158
200 161
200 162
200 163
200 164
200 165
200 174
200 179
200 180
200 185
200 188
200 189
200 191
200 192
