100
3027
1 1
1 4
1 9
1 11
1 14
1 19
1 21
1 23
1 27
1 28
1 31
1 32
1 38
1 39
1 45
1 47
1 48
1 49
1 59
1 63
1 64
1 70
1 75
1 76
1 81
1 85
1 87
1 88
2 2
2 3
2 6
2 23
2 25
2 27
2 31
2 33
2 35
2 37
2 41
2 42
2 45
2 46
2 47
2 48
2 53
2 55
2 56
2 58
2 60
2 67
2 71
2 75
2 80
2 85
2 87
2 94
3 1
3 13
3 15
3 17
3 19
3 21
3 24
3 32
3 43
3 49
3 51
3 57
3 59
3 64
3 66
3 71
3 74
3 77
3 78
3 79
3 84
3 89
3 90
3 94
3 95
3 99
4 1
4 8
4 12
4 13
4 15
4 17
4 21
4 22
4 24
4 26
4 29
4 34
4 35
4 40
4 45
4 47
4 50
4 57
4 61
4 62
4 63
4 68
4 70
4 71
4 73
4 80
4 82
4 83
4 92
4 96
5 3
5 7
5 13
5 14
5 16
5 19
5 22
5 24
5 29
5 30
5 33
5 35
5 36
5 37
5 39
5 40
5 49
5 51
5 52
5 53
5 54
5 57
5 61
5 68
5 69
5 75
5 81
5 82
5 88
5 93
5 95
6 2
6 4
6 8
6 13
6 14
6 15
6 19
6 20
6 24
6 30
6 52
6 57
6 59
6 65
6 72
6 73
6 74
6 81
6 86
6 92
6 94
6 95
6 96
6 97
6 99
6 100
7 3
7 4
7 5
7 8
7 12
7 16
7 24
7 27
7 28
7 29
7 31
7 34
7 46
7 50
7 57
7 66
7 69
7 78
7 79
7 83
7 84
7 86
7 89
7 90
7 92
7 98
8 1
8 3
8 6
8 7
8 8
8 9
8 11
8 15
8 20
8 24
8 27
8 29
8 30
8 31
8 33
8 35
8 36
8 41
8 45
8 47
8 48
8 49
8 50
8 53
8 57
8 58
8 59
8 62
8 65
8 66
8 73
8 74
8 76
8 80
8 82
8 85
8 86
8 93
8 95
8 96
8 97
8 98
9 2
9 5
9 13
9 15
9 17
9 18
9 24
9 27
9 28
9 36
9 39
9 41
9 44
9 47
9 48
9 49
9 50
9 51
9 61
9 64
9 71
9 75
9 78
9 80
9 82
9 92
9 93
9 95
9 98
10 1
10 2
10 5
10 9
10 10
10 12
10 16
10 17
10 20
10 21
10 23
10 26
10 27
10 29
10 31
10 35
10 37
10 40
10 41
10 42
10 43
10 47
10 54
10 56
10 59
10 62
10 63
10 65
10 67
10 76
10 81
10 82
10 83
10 86
10 87
10 89
10 93
10 97
11 2
11 6
11 11
11 13
11 14
11 16
11 18
11 22
11 23
11 24
11 25
11 26
11 32
11 40
11 45
11 46
11 48
11 49
11 54
11 58
11 59
11 60
11 63
11 68
11 74
11 76
11 90
11 91
11 92
11 98
11 99
12 1
12 2
12 5
12 11
12 22
12 24
12 26
12 30
12 34
12 36
12 41
12 48
12 51
12 62
12 66
12 71
12 72
12 78
12 80
12 82
12 86
12 89
12 94
12 95
12 96
13 1
13 4
13 5
13 6
13 7
13 11
13 13
13 21
13 24
13 25
13 28
13 32
13 34
13 39
13 40
13 41
13 45
13 46
13 47
13 48
13 63
13 66
13 68
13 71
13 72
13 76
13 89
13 92
13 94
14 1
14 5
14 13
14 14
14 21
14 24
14 30
14 43
14 46
14 48
14 52
14 54
14 55
14 58
14 60
14 62
14 64
14 65
14 66
14 67
14 70
14 74
14 75
14 79
14 89
14 94
14 95
14 98
15 10
15 17
15 20
15 22
15 25
15 27
15 28
15 29
15 33
15 34
15 36
15 37
15 41
15 44
15 46
15 48
15 50
15 51
15 54
15 56
15 60
15 61
15 62
15 66
15 68
15 69
15 73
15 74
15 79
15 83
15 90
15 91
15 92
15 93
15 95
16 1
16 9
16 11
16 15
16 31
16 34
16 46
16 50
16 51
16 54
16 64
16 65
16 73
16 82
16 84
16 85
16 90
16 95
16 98
17 2
17 5
17 10
17 14
17 17
17 18
17 21
17 23
17 24
17 25
17 26
17 29
17 31
17 36
17 37
17 45
17 49
17 50
17 53
17 55
17 56
17 61
17 63
17 64
17 75
17 76
17 77
17 82
17 86
17 88
17 94
17 100
18 2
18 6
18 8
18 9
18 12
18 13
18 17
18 22
18 25
18 27
18 28
18 47
18 51
18 57
18 61
18 74
18 75
18 76
18 77
18 78
18 80
18 82
18 87
18 88
18 90
18 92
18 95
18 96
18 99
19 3
19 11
19 12
19 20
19 23
19 24
19 26
19 28
19 32
19 36
19 37
19 41
19 42
19 43
19 44
19 46
19 47
19 48
19 50
19 53
19 59
19 65
19 68
19 71
19 72
19 73
19 75
19 77
19 81
19 83
19 84
19 88
19 97
19 99
20 1
20 2
20 8
20 12
20 15
20 16
20 28
20 33
20 37
20 39
20 44
20 46
20 48
20 50
20 54
20 62
20 69
20 70
20 72
20 76
20 78
20 79
20 83
20 85
20 91
20 96
20 97
21 3
21 13
21 21
21 22
21 24
21 27
21 28
21 35
21 54
21 55
21 60
21 61
21 66
21 79
21 84
21 89
21 91
21 92
21 93
21 95
21 97
21 100
22 3
22 11
22 14
22 15
22 16
22 17
22 18
22 19
22 30
22 35
22 37
22 40
22 42
22 49
22 56
22 59
22 60
22 71
22 74
22 83
22 84
22 87
22 90
22 95
22 96
22 98
23 2
23 4
23 8
23 11
23 17
23 27
23 29
23 31
23 32
23 35
23 37
23 43
23 49
23 52
23 74
23 80
23 82
23 91
23 92
23 99
24 8
24 9
24 16
24 17
24 18
24 28
24 37
24 39
24 49
24 59
24 60
24 62
24 71
24 72
24 73
24 74
24 75
24 78
24 85
25 1
25 2
25 3
25 6
25 8
25 13
25 17
25 19
25 23
25 24
25 25
25 26
25 27
25 33
25 34
25 35
25 37
25 38
25 40
25 42
25 45
25 46
25 47
25 49
25 50
25 52
25 53
25 54
25 58
25 62
25 63
25 68
25 69
25 71
25 74
25 76
25 79
25 81
25 82
25 85
25 86
25 89
25 91
25 92
25 93
25 96
26 2
26 3
26 4
26 5
26 7
26 8
26 9
26 11
26 16
26 17
26 20
26 22
26 30
26 31
26 34
26 37
26 39
26 42
26 57
26 58
26 61
26 63
26 74
26 78
26 79
26 84
26 85
26 88
26 90
26 97
26 98
26 100
27 2
27 4
27 6
27 9
27 14
27 16
27 18
27 23
27 25
27 30
27 34
27 37
27 41
27 42
27 44
27 45
27 46
27 47
27 49
27 50
27 51
27 53
27 55
27 73
27 89
27 94
27 98
27 99
28 6
28 16
28 19
28 23
28 31
28 35
28 37
28 40
28 44
28 48
28 50
28 51
28 56
28 57
28 63
28 64
28 67
28 68
28 71
28 74
28 75
28 79
28 86
28 87
28 93
28 94
28 95
28 96
28 99
28 100
29 1
29 6
29 8
29 13
29 14
29 23
29 26
29 27
29 30
29 32
29 39
29 42
29 53
29 55
29 57
29 61
29 65
29 67
29 68
29 71
29 73
29 77
29 80
29 81
29 83
29 86
29 87
29 93
29 98
29 99
30 2
30 8
30 13
30 14
30 15
30 20
30 23
30 25
30 28
30 30
30 31
30 38
30 41
30 42
30 45
30 46
30 52
30 54
30 56
30 57
30 60
30 62
30 63
30 79
30 83
30 90
30 94
30 97
30 98
31 10
31 14
31 16
31 21
31 22
31 23
31 24
31 25
31 28
31 30
31 32
31 33
31 34
31 38
31 39
31 43
31 46
31 47
31 52
31 58
31 66
31 68
31 69
31 70
31 76
31 78
31 86
31 95
31 100
32 4
32 13
32 14
32 19
32 22
32 23
32 25
32 28
32 39
32 42
32 43
32 44
32 46
32 48
32 49
32 53
32 55
32 58
32 59
32 62
32 63
32 67
32 73
32 76
32 81
32 85
32 87
32 90
32 91
32 95
32 99
33 1
33 7
33 15
33 18
33 21
33 22
33 31
33 38
33 39
33 47
33 48
33 49
33 52
33 56
33 59
33 61
33 63
33 65
33 66
33 68
33 71
33 73
33 76
33 77
33 78
33 82
33 86
33 87
33 88
33 93
33 98
33 99
33 100
34 1
34 2
34 7
34 9
34 10
34 14
34 16
34 20
34 22
34 26
34 28
34 29
34 32
34 34
34 36
34 38
34 42
34 47
34 55
34 60
34 61
34 65
34 66
34 69
34 72
34 75
34 76
34 77
34 83
34 89
34 91
34 98
34 99
35 2
35 5
35 6
35 7
35 10
35 12
35 14
35 18
35 21
35 23
35 24
35 25
35 30
35 33
35 34
35 50
35 55
35 60
35 62
35 64
35 77
35 78
35 79
35 84
35 88
35 93
36 1
36 2
36 3
36 5
36 6
36 7
36 10
36 12
36 13
36 15
36 16
36 29
36 34
36 36
36 49
36 57
36 63
36 66
36 68
36 70
36 71
36 72
36 82
36 85
36 91
36 92
36 94
36 95
36 100
37 4
37 7
37 8
37 12
37 14
37 15
37 18
37 19
37 21
37 22
37 27
37 31
37 35
37 38
37 40
37 41
37 50
37 51
37 57
37 59
37 62
37 63
37 65
37 68
37 71
37 73
37 76
37 78
37 81
37 87
37 90
37 92
37 97
37 98
38 2
38 10
38 11
38 13
38 14
38 16
38 20
38 23
38 25
38 27
38 28
38 30
38 31
38 35
38 37
38 40
38 41
38 43
38 44
38 46
38 48
38 49
38 50
38 51
38 55
38 59
38 70
38 77
38 78
38 85
38 86
38 89
38 93
38 98
38 100
39 5
39 7
39 8
39 10
39 12
39 14
39 15
39 22
39 24
39 28
39 32
39 33
39 35
39 37
39 44
39 45
39 48
39 50
39 52
39 54
39 57
39 60
39 68
39 74
39 79
39 82
39 84
39 89
39 91
39 93
39 97
39 98
40 1
40 3
40 7
40 8
40 12
40 14
40 19
40 22
40 23
40 31
40 38
40 40
40 43
40 58
40 62
40 69
40 78
40 81
40 82
40 83
40 86
40 87
40 89
40 93
40 99
41 2
41 6
41 7
41 8
41 12
41 13
41 18
41 20
41 25
41 27
41 29
41 30
41 31
41 34
41 36
41 38
41 41
41 44
41 46
41 49
41 52
41 54
41 55
41 57
41 59
41 60
41 61
41 62
41 63
41 66
41 76
41 77
41 78
41 79
41 84
41 85
41 86
41 90
41 91
41 97
41 98
41 99
41 100
42 1
42 3
42 4
42 5
42 6
42 8
42 9
42 10
42 14
42 15
42 20
42 21
42 28
42 33
42 38
42 43
42 50
42 55
42 63
42 66
42 67
42 68
42 70
42 71
42 76
42 77
42 79
42 85
42 89
42 91
42 93
42 100
43 1
43 2
43 10
43 16
43 19
43 21
43 22
43 23
43 24
43 27
43 30
43 33
43 38
43 39
43 41
43 44
43 53
43 55
43 63
43 68
43 70
43 71
43 76
43 78
43 79
43 80
43 85
43 86
43 87
43 90
43 92
43 94
44 9
44 12
44 13
44 16
44 17
44 22
44 26
44 34
44 36
44 39
44 44
44 45
44 47
44 49
44 50
44 54
44 55
44 56
44 57
44 64
44 65
44 68
44 74
44 83
44 86
44 88
44 89
44 91
44 92
44 93
44 95
45 1
45 3
45 5
45 9
45 11
45 12
45 13
45 14
45 17
45 18
45 27
45 29
45 30
45 36
45 42
45 45
45 47
45 55
45 57
45 61
45 66
45 69
45 73
45 79
45 80
45 81
45 84
45 85
45 86
45 89
45 90
45 91
45 92
45 96
46 3
46 4
46 6
46 7
46 13
46 17
46 20
46 24
46 25
46 31
46 33
46 35
46 47
46 50
46 52
46 60
46 61
46 64
46 66
46 72
46 76
46 77
46 86
46 90
46 91
46 92
46 93
46 94
46 95
46 98
46 100
47 8
47 10
47 11
47 12
47 13
47 17
47 23
47 25
47 28
47 33
47 42
47 44
47 51
47 59
47 69
47 70
47 72
47 76
47 80
47 81
47 82
47 86
47 89
47 91
47 95
47 96
47 97
48 1
48 8
48 10
48 13
48 20
48 23
48 36
48 37
48 42
48 45
48 48
48 52
48 57
48 61
48 64
48 68
48 71
48 74
48 85
48 86
48 89
48 93
48 95
48 98
48 100
49 4
49 8
49 9
49 12
49 14
49 18
49 21
49 25
49 27
49 28
49 31
49 40
49 43
49 46
49 48
49 60
49 61
49 63
49 64
49 66
49 67
49 68
49 71
49 72
49 74
49 79
49 80
49 81
49 83
49 87
49 90
49 94
50 2
50 11
50 12
50 14
50 20
50 23
50 24
50 28
50 31
50 32
50 33
50 39
50 41
50 43
50 49
50 54
50 62
50 68
50 69
50 70
50 71
50 73
50 76
50 81
50 82
50 87
50 88
50 89
50 90
50 95
50 96
50 98
51 1
51 5
51 6
51 8
51 10
51 13
51 17
51 20
51 25
51 28
51 32
51 33
51 38
51 44
51 47
51 49
51 53
51 59
51 60
51 64
51 65
51 68
51 69
51 70
51 71
51 75
51 80
51 85
51 86
51 88
51 91
51 92
51 96
51 97
51 98
51 99
52 2
52 12
52 13
52 21
52 29
52 35
52 38
52 39
52 43
52 46
52 47
52 48
52 53
52 55
52 57
52 60
52 68
52 71
52 75
52 78
52 80
52 93
52 94
52 95
53 2
53 5
53 14
53 15
53 20
53 25
53 35
53 38
53 43
53 58
53 59
53 64
53 66
53 68
53 71
53 72
53 75
53 78
53 79
53 80
53 81
53 83
53 84
53 85
53 93
54 4
54 17
54 23
54 25
54 26
54 27
54 30
54 35
54 42
54 44
54 48
54 50
54 51
54 52
54 55
54 57
54 61
54 62
54 69
54 71
54 75
54 77
54 78
54 84
54 89
54 93
54 94
54 95
54 99
55 1
55 5
55 6
55 7
55 9
55 11
55 17
55 18
55 21
55 25
55 26
55 32
55 43
55 45
55 51
55 52
55 54
55 57
55 59
55 61
55 63
55 67
55 70
55 71
55 83
55 88
55 89
55 90
55 93
55 100
56 3
56 9
56 16
56 18
56 19
56 22
56 29
56 34
56 36
56 40
56 43
56 48
56 55
56 57
56 63
56 66
56 67
56 68
56 70
56 75
56 79
56 81
56 83
56 87
56 88
56 89
56 90
56 92
56 93
56 94
56 97
57 3
57 5
57 7
57 8
57 14
57 20
57 24
57 28
57 33
57 36
57 46
57 49
57 56
57 62
57 63
57 64
57 65
57 66
57 69
57 71
57 72
57 75
57 80
57 81
57 83
57 86
57 87
57 88
57 93
57 99
58 4
58 6
58 12
58 16
58 17
58 20
58 22
58 24
58 30
58 36
58 37
58 39
58 44
58 46
58 48
58 49
58 50
58 52
58 55
58 58
58 67
58 70
58 73
58 74
58 82
58 87
58 100
59 3
59 7
59 8
59 11
59 12
59 25
59 27
59 28
59 32
59 34
59 40
59 44
59 47
59 49
59 53
59 57
59 59
59 60
59 62
59 65
59 70
59 76
59 79
59 82
59 85
59 87
59 91
60 8
60 10
60 13
60 21
60 23
60 26
60 35
60 36
60 38
60 40
60 44
60 46
60 47
60 51
60 54
60 57
60 58
60 63
60 72
60 76
60 77
60 86
60 87
60 88
60 91
60 95
60 99
61 6
61 11
61 13
61 14
61 17
61 20
61 23
61 28
61 37
61 41
61 43
61 51
61 53
61 59
61 63
61 70
61 71
61 72
61 73
61 78
61 79
61 80
61 81
61 82
61 84
61 85
61 89
61 90
61 93
61 97
61 99
62 1
62 5
62 6
62 17
62 18
62 19
62 20
62 26
62 29
62 30
62 33
62 34
62 35
62 38
62 40
62 42
62 48
62 49
62 50
62 52
62 53
62 56
62 63
62 65
62 66
62 67
62 68
62 72
62 73
62 75
62 78
62 79
62 82
62 85
62 87
62 91
62 93
63 5
63 9
63 10
63 14
63 17
63 20
63 22
63 30
63 52
63 59
63 71
63 78
63 79
63 82
63 84
63 85
63 87
63 91
63 93
63 96
63 98
64 6
64 10
64 11
64 12
64 15
64 16
64 18
64 19
64 20
64 22
64 23
64 26
64 28
64 39
64 40
64 41
64 50
64 56
64 57
64 59
64 63
64 72
64 73
64 75
64 76
64 79
64 81
64 83
64 87
64 96
64 97
64 98
64 100
65 1
65 3
65 9
65 15
65 17
65 33
65 35
65 39
65 43
65 57
65 60
65 64
65 65
65 68
65 69
65 74
65 76
65 81
65 82
65 84
65 92
65 94
65 95
65 97
65 100
66 7
66 14
66 18
66 23
66 24
66 25
66 28
66 34
66 36
66 39
66 42
66 43
66 47
66 53
66 55
66 57
66 58
66 59
66 66
66 67
66 69
66 72
66 81
66 82
66 93
66 94
66 95
66 98
67 3
67 8
67 9
67 12
67 17
67 20
67 23
67 24
67 25
67 28
67 29
67 30
67 34
67 37
67 38
67 41
67 42
67 46
67 49
67 52
67 53
67 55
67 57
67 62
67 63
67 64
67 67
67 70
67 73
67 74
67 85
67 87
67 94
67 96
67 99
68 2
68 4
68 6
68 8
68 14
68 21
68 26
68 28
68 37
68 42
68 43
68 45
68 51
68 53
68 63
68 64
68 65
68 67
68 74
68 75
68 76
68 79
68 82
68 83
68 91
68 94
68 98
69 5
69 7
69 13
69 17
69 18
69 20
69 21
69 26
69 28
69 30
69 32
69 34
69 40
69 41
69 42
69 47
69 49
69 53
69 61
69 62
69 65
69 69
69 71
69 75
69 80
69 82
69 85
69 88
69 89
69 90
69 92
69 98
69 99
70 7
70 10
70 11
70 18
70 19
70 20
70 25
70 29
70 32
70 40
70 43
70 47
70 48
70 55
70 57
70 58
70 64
70 67
70 74
70 77
70 79
70 80
70 84
70 87
70 89
70 90
70 97
71 2
71 4
71 5
71 7
71 13
71 14
71 19
71 23
71 26
71 29
71 37
71 39
71 41
71 42
71 49
71 63
71 70
71 72
71 75
71 86
71 89
71 92
71 97
71 98
72 6
72 8
72 11
72 13
72 18
72 19
72 24
72 33
72 37
72 39
72 44
72 50
72 51
72 53
72 55
72 56
72 58
72 65
72 66
72 68
72 71
72 72
72 84
72 88
72 90
72 92
72 93
72 99
73 5
73 7
73 11
73 16
73 18
73 19
73 24
73 29
73 30
73 32
73 36
73 37
73 38
73 40
73 41
73 43
73 49
73 53
73 55
73 56
73 63
73 65
73 66
73 81
73 82
73 84
73 87
73 93
73 98
73 100
74 1
74 4
74 7
74 12
74 15
74 21
74 24
74 27
74 30
74 31
74 32
74 36
74 39
74 41
74 42
74 43
74 47
74 54
74 56
74 57
74 58
74 62
74 66
74 69
74 71
74 75
74 79
74 84
74 86
74 87
74 91
74 92
74 93
74 98
74 100
75 1
75 2
75 8
75 19
75 23
75 27
75 42
75 44
75 46
75 50
75 51
75 52
75 54
75 56
75 57
75 58
75 60
75 65
75 68
75 70
75 71
75 76
75 78
75 85
75 90
75 91
75 94
75 97
75 99
76 1
76 3
76 4
76 15
76 17
76 19
76 21
76 22
76 25
76 26
76 34
76 39
76 46
76 50
76 51
76 52
76 54
76 58
76 60
76 62
76 67
76 73
76 75
76 77
76 81
76 83
76 84
76 87
76 88
76 90
76 94
76 97
77 2
77 3
77 4
77 9
77 11
77 14
77 19
77 22
77 29
77 31
77 32
77 35
77 38
77 40
77 42
77 43
77 44
77 45
77 50
77 51
77 54
77 58
77 62
77 63
77 65
77 67
77 70
77 75
77 76
77 78
77 83
77 84
77 88
77 95
77 96
77 98
77 100
78 1
78 9
78 11
78 15
78 32
78 37
78 45
78 47
78 48
78 49
78 55
78 58
78 62
78 64
78 67
78 73
78 79
78 81
78 84
78 85
78 86
78 87
78 89
78 91
78 94
79 2
79 4
79 6
79 7
79 8
79 12
79 16
79 21
79 24
79 27
79 30
79 31
79 38
79 39
79 40
79 42
79 45
79 46
79 47
79 48
79 50
79 51
79 59
79 60
79 62
79 66
79 74
79 78
79 80
79 83
79 90
79 93
79 94
80 5
80 12
80 15
80 17
80 25
80 37
80 42
80 44
80 46
80 54
80 55
80 56
80 60
80 63
80 70
80 74
80 76
80 85
80 87
80 88
80 92
80 94
80 97
81 1
81 3
81 4
81 10
81 11
81 16
81 21
81 26
81 27
81 28
81 30
81 35
81 36
81 38
81 41
81 43
81 46
81 50
81 54
81 59
81 61
81 62
81 63
81 64
81 74
81 80
81 83
81 84
81 89
81 91
81 97
82 2
82 3
82 5
82 7
82 8
82 9
82 10
82 12
82 15
82 23
82 24
82 25
82 29
82 31
82 39
82 43
82 47
82 48
82 51
82 53
82 54
82 57
82 58
82 60
82 62
82 64
82 65
82 66
82 67
82 70
82 72
82 76
82 79
82 85
82 87
82 98
82 99
83 4
83 6
83 9
83 10
83 12
83 13
83 16
83 20
83 22
83 25
83 33
83 34
83 35
83 37
83 39
83 41
83 42
83 46
83 48
83 56
83 62
83 65
83 67
83 68
83 70
83 71
83 72
83 73
83 79
83 82
83 84
83 88
83 92
83 100
84 2
84 5
84 10
84 13
84 22
84 25
84 27
84 28
84 36
84 37
84 39
84 41
84 43
84 45
84 47
84 53
84 54
84 57
84 62
84 63
84 65
84 80
84 83
84 88
84 95
84 98
84 99
85 2
85 8
85 14
85 26
85 28
85 29
85 31
85 32
85 41
85 42
85 45
85 46
85 54
85 55
85 56
85 59
85 63
85 66
85 69
85 70
85 74
85 75
85 76
85 78
85 79
85 81
85 83
85 85
85 87
85 88
85 89
85 93
85 96
85 98
86 2
86 4
86 7
86 20
86 21
86 28
86 29
86 30
86 34
86 36
86 40
86 43
86 48
86 50
86 52
86 56
86 57
86 58
86 60
86 61
86 64
86 66
86 69
86 76
86 77
86 81
86 82
86 85
86 90
86 95
86 96
87 3
87 4
87 7
87 10
87 12
87 20
87 24
87 26
87 29
87 37
87 39
87 40
87 41
87 53
87 54
87 55
87 58
87 59
87 73
87 77
87 78
87 79
87 85
87 86
87 87
87 88
87 91
87 92
87 95
87 98
87 100
88 2
88 3
88 8
88 13
88 14
88 16
88 17
88 19
88 20
88 23
88 24
88 26
88 32
88 35
88 38
88 40
88 44
88 45
88 47
88 49
88 50
88 52
88 54
88 56
88 61
88 65
88 74
88 76
88 82
88 83
88 84
88 86
88 88
88 92
88 93
88 100
89 3
89 5
89 7
89 11
89 15
89 16
89 17
89 18
89 21
89 24
89 25
89 26
89 32
89 34
89 39
89 41
89 42
89 44
89 48
89 50
89 51
89 52
89 56
89 58
89 62
89 66
89 68
89 69
89 70
89 72
89 78
89 79
89 86
89 88
89 92
89 95
89 100
90 5
90 9
90 14
90 15
90 19
90 23
90 25
90 30
90 31
90 32
90 38
90 39
90 44
90 46
90 52
90 56
90 57
90 58
90 64
90 73
90 75
90 77
90 81
90 85
90 86
90 98
91 4
91 7
91 9
91 15
91 16
91 20
91 22
91 25
91 26
91 27
91 29
91 31
91 34
91 41
91 42
91 43
91 48
91 51
91 53
91 60
91 61
91 64
91 66
91 71
91 75
91 76
91 78
91 79
91 86
91 92
91 93
91 94
91 98
92 3
92 5
92 8
92 15
92 17
92 21
92 24
92 26
92 33
92 35
92 38
92 39
92 41
92 46
92 50
92 51
92 52
92 55
92 56
92 59
92 60
92 61
92 64
92 65
92 66
92 67
92 69
92 71
92 73
92 74
92 77
92 86
92 87
92 90
92 93
92 94
92 97
93 1
93 2
93 5
93 7
93 8
93 19
93 21
93 24
93 30
93 31
93 33
93 43
93 49
93 55
93 63
93 71
93 74
93 76
93 83
93 84
93 86
93 88
93 92
93 94
93 96
93 97
93 98
93 99
93 100
94 7
94 8
94 15
94 17
94 25
94 34
94 36
94 39
94 47
94 50
94 58
94 66
94 72
94 74
94 78
94 82
94 83
94 86
94 91
94 97
94 100
95 4
95 5
95 8
95 9
95 12
95 15
95 19
95 24
95 25
95 31
95 32
95 34
95 40
95 44
95 50
95 54
95 56
95 60
95 64
95 68
95 71
95 72
95 74
95 76
95 79
95 83
95 91
95 95
95 96
95 98
96 2
96 4
96 5
96 8
96 11
96 15
96 20
96 24
96 26
96 35
96 39
96 40
96 42
96 51
96 52
96 53
96 54
96 55
96 56
96 57
96 58
96 60
96 61
96 67
96 71
96 72
96 74
96 75
96 76
96 77
96 85
96 89
96 90
96 92
96 96
97 2
97 12
97 14
97 15
97 16
97 17
97 20
97 23
97 25
97 27
97 28
97 32
97 34
97 37
97 38
97 41
97 42
97 43
97 48
97 65
97 67
97 71
97 72
97 73
97 74
97 75
97 76
97 77
97 78
97 80
97 81
97 83
97 84
97 86
97 87
97 89
97 93
97 99
98 1
98 4
98 5
98 10
98 15
98 21
98 22
98 23
98 24
98 25
98 29
98 31
98 35
98 37
98 40
98 41
98 42
98 48
98 53
98 61
98 71
98 78
98 79
98 87
98 90
98 91
98 92
98 96
98 99
98 100
99 3
99 6
99 14
99 18
99 19
99 21
99 23
99 25
99 31
99 32
99 33
99 35
99 36
99 37
99 44
99 45
99 54
99 55
99 57
99 59
99 62
99 65
99 66
99 68
99 70
99 75
99 76
99 78
99 80
99 81
99 87
99 92
99 94
99 100
100 4
100 5
100 7
100 17
100 25
100 27
100 28
100 29
100 30
100 31
100 32
100 36
100 37
100 41
100 44
100 45
100 48
100 49
100 51
100 54
100 55
100 56
100 58
100 60
100 61
100 62
100 64
100 65
100 67
100 68
100 72
100 77
100 86
100 90
100 95
100 98
