250
6382
1 7
1 18
1 26
1 31
1 41
1 42
1 45
1 56
1 66
1 71
1 83
1 84
1 85
1 102
1 105
1 107
1 120
1 124
1 125
1 129
1 132
1 134
1 143
1 155
1 162
1 166
1 178
1 185
1 206
1 213
1 220
1 221
1 224
1 231
1 239
1 243
2 5
2 6
2 36
2 45
2 48
2 55
2 78
2 87
2 109
2 110
2 121
2 139
2 157
2 196
2 214
2 222
2 230
2 232
2 236
2 248
2 249
2 250
3 10
3 14
3 36
3 53
3 58
3 78
3 138
3 167
3 171
3 185
3 195
3 202
3 215
3 217
3 227
3 232
4 23
4 34
4 47
4 48
4 77
4 78
4 95
4 101
4 104
4 115
4 118
4 128
4 131
4 142
4 150
4 154
4 161
4 164
4 175
4 191
4 197
4 208
4 220
4 229
4 243
5 3
5 4
5 9
5 16
5 20
5 21
5 41
5 44
5 61
5 68
5 72
5 77
5 78
5 81
5 82
5 91
5 94
5 99
5 103
5 113
5 119
5 128
5 133
5 134
5 137
5 159
5 164
5 175
5 182
5 189
5 190
5 203
5 207
5 230
5 240
5 244
6 21
6 39
6 50
6 51
6 56
6 63
6 65
6 72
6 78
6 85
6 92
6 108
6 110
6 114
6 122
6 128
6 159
6 164
6 168
6 169
6 172
6 184
6 192
6 195
6 196
6 217
6 242
6 244
7 6
7 7
7 10
7 14
7 26
7 34
7 40
7 49
7 51
7 53
7 54
7 55
7 56
7 60
7 70
7 84
7 89
7 101
7 116
7 139
7 155
7 161
7 172
7 178
7 181
7 199
7 217
7 225
7 231
7 241
7 249
8 14
8 16
8 38
8 57
8 63
8 64
8 75
8 81
8 96
8 104
8 117
8 127
8 128
8 132
8 133
8 136
8 160
8 162
8 175
8 183
8 193
8 225
8 240
9 15
9 24
9 27
9 41
9 53
9 57
9 71
9 73
9 74
9 94
9 108
9 118
9 123
9 154
9 157
9 158
9 172
9 184
9 188
9 189
9 193
9 206
9 211
9 214
10 2
10 16
10 21
10 28
10 50
10 60
10 61
10 71
10 81
10 99
10 118
10 120
10 123
10 126
10 135
10 139
10 141
10 143
10 146
10 151
10 184
10 193
10 198
10 211
10 231
10 234
10 235
11 3
11 41
11 43
11 45
11 48
11 57
11 58
11 67
11 70
11 75
11 92
11 97
11 102
11 121
11 135
11 143
11 196
11 207
11 209
11 210
11 218
11 233
11 234
11 235
11 240
11 242
11 245
12 12
12 24
12 25
12 41
12 42
12 44
12 54
12 83
12 86
12 87
12 94
12 109
12 115
12 134
12 137
12 144
12 155
12 160
12 178
12 194
12 197
12 213
12 228
12 229
12 231
12 248
13 2
13 5
13 8
13 11
13 13
13 24
13 30
13 40
13 107
13 123
13 126
13 132
13 148
13 156
13 161
13 168
13 174
13 214
13 224
14 4
14 9
14 19
14 46
14 66
14 78
14 87
14 93
14 94
14 108
14 117
14 122
14 126
14 138
14 144
14 165
14 170
14 171
14 185
14 208
14 229
14 237
14 246
15 39
15 62
15 63
15 74
15 75
15 89
15 111
15 132
15 134
15 155
15 157
15 158
15 166
15 177
15 180
15 182
15 189
15 202
15 203
15 204
15 241
15 250
16 6
16 23
16 29
16 30
16 31
16 42
16 47
16 64
16 65
16 76
16 78
16 94
16 100
16 105
16 121
16 127
16 136
16 149
16 161
16 164
16 169
16 170
16 185
16 189
16 205
16 222
16 230
16 239
16 245
16 250
17 4
17 8
17 19
17 33
17 45
17 47
17 52
17 72
17 73
17 93
17 99
17 103
17 104
17 126
17 131
17 138
17 140
17 153
17 157
17 158
17 179
17 194
17 205
17 209
17 210
17 214
17 227
17 228
17 234
17 241
18 6
18 7
18 9
18 18
18 19
18 25
18 29
18 30
18 35
18 39
18 54
18 59
18 80
18 81
18 85
18 86
18 112
18 131
18 162
18 163
18 164
18 165
18 169
18 174
18 224
18 236
19 4
19 5
19 17
19 19
19 30
19 50
19 58
19 74
19 94
19 99
19 122
19 128
19 171
19 175
19 182
19 189
19 197
19 208
19 209
19 223
19 232
19 239
19 244
19 248
19 249
20 29
20 33
20 36
20 37
20 47
20 53
20 58
20 67
20 81
20 92
20 97
20 99
20 124
20 152
20 166
20 188
20 193
20 194
20 202
20 213
20 232
21 10
21 19
21 26
21 37
21 40
21 54
21 55
21 70
21 77
21 78
21 89
21 90
21 104
21 120
21 123
21 149
21 152
21 160
21 170
21 173
21 175
21 181
21 190
21 245
22 32
22 33
22 83
22 94
22 102
22 122
22 128
22 130
22 134
22 165
22 170
22 187
22 197
22 198
22 219
22 220
22 239
23 25
23 28
23 33
23 39
23 42
23 63
23 73
23 79
23 80
23 94
23 119
23 122
23 132
23 135
23 138
23 148
23 167
23 169
23 173
23 180
23 186
23 206
23 216
23 231
23 239
23 241
23 250
24 3
24 6
24 25
24 29
24 36
24 53
24 71
24 72
24 81
24 83
24 85
24 104
24 124
24 144
24 145
24 146
24 167
24 184
24 190
24 202
24 209
24 222
24 236
25 1
25 2
25 6
25 16
25 19
25 21
25 22
25 40
25 48
25 61
25 69
25 72
25 93
25 98
25 101
25 107
25 117
25 136
25 146
25 147
25 148
25 164
25 172
25 176
25 191
25 199
25 218
25 220
25 244
26 22
26 23
26 27
26 30
26 34
26 46
26 54
26 62
26 64
26 78
26 91
26 112
26 140
26 162
26 166
26 171
26 189
26 190
26 200
26 228
26 237
27 23
27 35
27 38
27 44
27 68
27 95
27 109
27 116
27 132
27 154
27 156
27 172
27 195
27 203
27 216
27 223
27 237
28 2
28 5
28 6
28 7
28 10
28 11
28 12
28 13
28 43
28 61
28 62
28 66
28 68
28 90
28 95
28 112
28 134
28 137
28 141
28 156
28 165
28 172
28 175
28 192
28 196
28 204
28 218
28 225
28 235
28 246
29 10
29 30
29 34
29 76
29 92
29 115
29 125
29 146
29 152
29 157
29 177
29 179
29 184
29 186
29 187
29 191
29 199
29 221
29 227
29 228
29 231
29 249
30 9
30 20
30 25
30 30
30 44
30 49
30 51
30 53
30 57
30 67
30 68
30 86
30 93
30 98
30 100
30 115
30 119
30 123
30 126
30 128
30 138
30 147
30 154
30 158
30 168
30 187
30 209
30 218
30 230
30 241
30 245
30 249
31 2
31 3
31 5
31 18
31 19
31 21
31 32
31 65
31 71
31 91
31 109
31 119
31 139
31 159
31 166
31 170
31 186
31 193
31 209
31 213
31 231
31 232
31 238
31 246
31 248
32 7
32 13
32 14
32 18
32 66
32 69
32 74
32 79
32 87
32 109
32 110
32 143
32 165
32 167
32 174
32 192
32 196
32 203
32 205
32 211
32 227
32 228
32 243
33 39
33 47
33 49
33 50
33 51
33 53
33 63
33 82
33 118
33 124
33 138
33 143
33 156
33 161
33 162
33 187
33 189
33 193
33 207
33 232
33 234
34 1
34 8
34 30
34 44
34 87
34 94
34 95
34 101
34 113
34 115
34 118
34 144
34 148
34 155
34 156
34 163
34 171
34 188
34 193
34 200
34 248
35 2
35 12
35 14
35 15
35 33
35 68
35 69
35 73
35 88
35 101
35 110
35 123
35 138
35 147
35 200
35 209
35 213
35 214
35 219
35 229
35 242
35 247
36 5
36 6
36 18
36 21
36 24
36 31
36 35
36 68
36 73
36 75
36 88
36 91
36 92
36 95
36 96
36 98
36 128
36 135
36 141
36 155
36 156
36 158
36 166
36 181
36 182
36 195
36 219
36 222
36 223
36 228
36 248
37 9
37 11
37 18
37 21
37 41
37 47
37 62
37 74
37 76
37 80
37 96
37 114
37 116
37 119
37 136
37 141
37 143
37 148
37 152
37 182
37 183
37 187
37 211
37 213
37 217
37 235
38 23
38 44
38 47
38 55
38 57
38 62
38 69
38 91
38 95
38 112
38 115
38 120
38 121
38 125
38 126
38 129
38 131
38 141
38 160
38 162
38 166
38 176
38 187
38 192
38 215
38 224
38 235
38 236
39 1
39 3
39 11
39 15
39 21
39 31
39 51
39 59
39 79
39 90
39 98
39 101
39 105
39 113
39 128
39 151
39 152
39 153
39 171
39 216
39 232
39 239
39 249
40 4
40 14
40 28
40 42
40 51
40 67
40 71
40 122
40 136
40 138
40 142
40 145
40 162
40 174
40 191
40 201
40 232
40 244
40 246
41 2
41 24
41 57
41 61
41 81
41 87
41 101
41 108
41 114
41 120
41 131
41 135
41 139
41 151
41 162
41 173
41 174
41 175
41 177
41 178
41 179
41 186
41 192
41 195
41 196
41 225
41 229
41 237
41 248
42 3
42 11
42 13
42 16
42 33
42 46
42 47
42 51
42 56
42 59
42 67
42 69
42 71
42 73
42 78
42 82
42 97
42 104
42 114
42 127
42 156
42 162
42 164
42 169
42 184
42 186
42 203
42 225
43 9
43 10
43 11
43 12
43 16
43 23
43 24
43 27
43 29
43 34
43 39
43 44
43 55
43 74
43 75
43 77
43 79
43 106
43 110
43 112
43 135
43 144
43 159
43 193
43 194
43 198
43 216
43 219
43 234
43 236
43 246
44 26
44 28
44 43
44 45
44 46
44 55
44 60
44 71
44 73
44 75
44 84
44 87
44 92
44 108
44 128
44 145
44 164
44 168
44 170
44 173
44 182
44 185
44 200
44 203
44 212
44 240
44 243
44 244
44 247
45 5
45 13
45 14
45 18
45 23
45 48
45 52
45 64
45 76
45 90
45 91
45 98
45 104
45 116
45 124
45 132
45 135
45 173
45 204
45 206
45 210
45 218
45 244
46 10
46 35
46 37
46 53
46 59
46 77
46 109
46 119
46 127
46 151
46 163
46 173
46 177
46 193
46 197
46 201
46 213
46 215
46 225
46 226
46 230
47 5
47 8
47 14
47 20
47 25
47 42
47 44
47 56
47 80
47 81
47 97
47 100
47 104
47 108
47 109
47 121
47 126
47 144
47 145
47 149
47 153
47 168
47 185
47 186
47 192
47 193
47 212
47 217
47 223
47 224
47 239
47 240
48 4
48 12
48 15
48 17
48 18
48 35
48 66
48 71
48 94
48 101
48 102
48 105
48 111
48 113
48 132
48 138
48 156
48 170
48 177
48 184
48 187
48 194
48 215
48 220
48 233
48 241
48 250
49 10
49 21
49 29
49 33
49 56
49 57
49 59
49 66
49 74
49 80
49 82
49 91
49 99
49 154
49 158
49 160
49 185
49 204
49 205
49 223
49 224
49 242
50 1
50 13
50 38
50 47
50 56
50 65
50 81
50 87
50 93
50 104
50 109
50 111
50 119
50 123
50 129
50 130
50 151
50 158
50 161
50 165
50 171
50 174
50 189
50 197
50 208
50 210
50 223
50 241
50 249
51 8
51 27
51 46
51 51
51 66
51 87
51 92
51 96
51 99
51 101
51 106
51 119
51 122
51 134
51 149
51 153
51 154
51 156
51 164
51 167
51 169
51 186
51 210
51 218
51 224
51 232
51 241
52 4
52 8
52 25
52 26
52 27
52 33
52 41
52 44
52 55
52 65
52 87
52 116
52 122
52 129
52 135
52 136
52 138
52 142
52 146
52 161
52 178
52 180
52 181
52 192
52 194
52 198
52 202
52 206
52 211
52 217
52 220
52 236
52 238
52 244
52 246
53 11
53 22
53 36
53 37
53 50
53 78
53 94
53 156
53 160
53 176
53 182
53 187
53 188
53 195
53 196
53 204
53 212
53 227
53 231
54 12
54 18
54 23
54 24
54 36
54 48
54 68
54 75
54 76
54 83
54 93
54 104
54 105
54 134
54 136
54 140
54 152
54 163
54 179
54 180
54 181
54 188
54 190
54 199
54 212
54 244
55 23
55 29
55 39
55 40
55 51
55 53
55 63
55 73
55 88
55 103
55 108
55 109
55 116
55 120
55 140
55 144
55 175
55 199
55 222
55 230
55 235
55 237
55 241
55 249
56 1
56 2
56 3
56 38
56 51
56 67
56 87
56 90
56 91
56 99
56 103
56 114
56 125
56 145
56 153
56 160
56 161
56 168
56 177
56 196
56 210
56 217
56 218
56 221
56 230
56 248
57 18
57 24
57 26
57 29
57 33
57 35
57 39
57 77
57 78
57 80
57 83
57 84
57 88
57 99
57 117
57 119
57 132
57 137
57 154
57 165
57 173
57 177
57 181
57 203
57 207
57 209
57 225
57 232
57 242
58 1
58 5
58 16
58 22
58 29
58 58
58 62
58 68
58 70
58 89
58 96
58 103
58 108
58 111
58 121
58 150
58 161
58 184
58 188
58 191
58 195
58 201
58 222
58 229
59 2
59 6
59 7
59 54
59 59
59 60
59 64
59 92
59 109
59 110
59 112
59 114
59 126
59 129
59 170
59 187
59 205
59 206
59 210
59 212
59 214
59 230
59 242
59 244
59 247
60 8
60 20
60 22
60 40
60 41
60 47
60 53
60 58
60 65
60 99
60 116
60 126
60 129
60 152
60 168
60 169
60 186
60 218
60 225
60 227
60 228
60 237
60 243
61 27
61 35
61 39
61 46
61 49
61 56
61 70
61 84
61 113
61 129
61 139
61 147
61 164
61 179
61 187
61 199
61 222
61 233
61 237
61 245
61 248
62 7
62 15
62 18
62 23
62 46
62 67
62 71
62 77
62 136
62 148
62 181
62 194
62 209
62 213
62 221
62 234
63 20
63 25
63 45
63 60
63 62
63 98
63 118
63 121
63 126
63 141
63 146
63 151
63 170
63 177
63 181
63 184
63 204
63 220
63 224
63 237
63 243
63 248
64 29
64 36
64 70
64 80
64 85
64 93
64 121
64 123
64 153
64 158
64 185
64 202
64 214
64 229
64 234
64 238
64 241
64 247
65 6
65 8
65 12
65 25
65 40
65 41
65 42
65 50
65 59
65 62
65 81
65 90
65 115
65 118
65 125
65 145
65 151
65 159
65 164
65 176
65 191
65 193
65 204
65 215
65 225
65 229
65 243
66 37
66 42
66 48
66 49
66 58
66 66
66 68
66 80
66 124
66 151
66 165
66 182
66 196
66 227
66 238
66 242
66 245
67 7
67 14
67 15
67 42
67 45
67 62
67 78
67 82
67 88
67 101
67 105
67 111
67 121
67 133
67 135
67 144
67 153
67 168
67 172
67 176
67 185
67 189
67 197
67 213
68 21
68 24
68 27
68 30
68 31
68 59
68 61
68 85
68 104
68 114
68 129
68 130
68 132
68 140
68 153
68 162
68 169
68 186
68 203
68 235
69 24
69 25
69 38
69 46
69 52
69 57
69 66
69 69
69 80
69 84
69 100
69 116
69 120
69 123
69 126
69 136
69 146
69 147
69 162
69 164
69 181
69 188
69 204
69 205
69 210
69 228
69 239
69 241
69 242
69 244
70 9
70 21
70 23
70 30
70 31
70 52
70 63
70 64
70 79
70 85
70 91
70 99
70 108
70 121
70 124
70 126
70 153
70 155
70 159
70 178
70 181
70 192
70 197
70 203
70 208
70 218
70 229
70 236
71 14
71 21
71 50
71 52
71 55
71 59
71 62
71 79
71 83
71 86
71 95
71 100
71 144
71 157
71 162
71 163
71 168
71 172
71 195
71 198
71 217
71 240
71 241
72 2
72 7
72 10
72 32
72 52
72 58
72 71
72 79
72 97
72 101
72 103
72 105
72 108
72 127
72 130
72 133
72 134
72 138
72 161
72 171
72 176
72 190
72 196
72 197
72 202
72 207
72 210
72 211
72 226
72 233
72 245
73 2
73 24
73 33
73 43
73 53
73 62
73 68
73 73
73 86
73 88
73 118
73 125
73 128
73 185
73 191
73 198
74 3
74 6
74 12
74 18
74 22
74 36
74 45
74 68
74 71
74 77
74 82
74 85
74 98
74 111
74 118
74 122
74 130
74 145
74 146
74 153
74 163
74 175
74 185
74 186
74 190
74 193
74 216
74 231
74 236
74 237
75 13
75 23
75 42
75 50
75 51
75 56
75 59
75 61
75 64
75 72
75 73
75 84
75 107
75 129
75 148
75 149
75 160
75 175
75 184
75 205
75 213
75 214
75 219
75 236
75 243
75 244
76 17
76 23
76 25
76 26
76 38
76 62
76 144
76 170
76 174
76 192
76 211
76 214
76 220
76 224
76 232
76 235
76 239
76 241
76 245
76 250
77 1
77 2
77 4
77 14
77 16
77 18
77 23
77 27
77 40
77 58
77 70
77 72
77 95
77 97
77 114
77 123
77 129
77 142
77 143
77 146
77 147
77 189
77 195
77 218
77 230
77 241
78 7
78 9
78 15
78 16
78 20
78 29
78 32
78 39
78 43
78 47
78 51
78 54
78 58
78 63
78 74
78 92
78 110
78 120
78 130
78 134
78 142
78 145
78 154
78 179
78 183
78 195
78 220
78 231
78 242
78 249
79 7
79 8
79 33
79 35
79 49
79 54
79 80
79 93
79 109
79 115
79 125
79 129
79 145
79 158
79 159
79 160
79 163
79 165
79 169
79 186
79 235
79 236
80 9
80 21
80 36
80 39
80 41
80 49
80 63
80 81
80 98
80 101
80 104
80 109
80 119
80 144
80 152
80 155
80 175
80 181
80 186
80 194
80 247
81 11
81 15
81 23
81 27
81 32
81 59
81 65
81 71
81 78
81 80
81 90
81 102
81 112
81 117
81 146
81 148
81 152
81 179
81 184
81 248
82 10
82 26
82 28
82 51
82 54
82 71
82 79
82 94
82 100
82 138
82 139
82 144
82 145
82 182
82 188
82 196
82 214
83 14
83 15
83 30
83 43
83 44
83 72
83 82
83 83
83 89
83 90
83 97
83 112
83 129
83 142
83 156
83 166
83 174
83 199
83 207
83 243
83 244
84 7
84 16
84 19
84 20
84 22
84 41
84 47
84 61
84 64
84 65
84 79
84 90
84 97
84 103
84 113
84 114
84 121
84 133
84 148
84 149
84 165
84 169
84 185
84 194
84 208
84 215
84 217
84 225
85 14
85 58
85 59
85 64
85 67
85 76
85 82
85 91
85 98
85 99
85 101
85 109
85 134
85 159
85 160
85 180
85 197
85 205
85 212
85 218
85 219
85 224
85 227
85 229
86 2
86 7
86 16
86 17
86 21
86 46
86 47
86 53
86 54
86 59
86 65
86 66
86 77
86 88
86 100
86 126
86 151
86 164
86 181
86 183
86 187
86 206
86 207
86 215
86 230
86 234
86 247
87 8
87 16
87 22
87 24
87 41
87 57
87 63
87 75
87 77
87 88
87 112
87 135
87 149
87 152
87 156
87 163
87 190
87 200
87 206
87 213
87 216
87 232
88 4
88 16
88 18
88 22
88 32
88 46
88 48
88 58
88 61
88 65
88 76
88 97
88 105
88 119
88 127
88 135
88 144
88 163
88 167
88 168
88 180
88 183
88 201
89 8
89 23
89 37
89 46
89 50
89 59
89 61
89 71
89 77
89 83
89 90
89 94
89 107
89 110
89 121
89 129
89 135
89 136
89 145
89 146
89 181
89 184
89 187
89 206
89 214
89 225
89 238
89 240
90 49
90 52
90 83
90 103
90 119
90 132
90 145
90 148
90 153
90 168
90 174
90 192
90 209
90 228
90 236
90 243
91 16
91 25
91 26
91 34
91 40
91 49
91 67
91 88
91 113
91 126
91 128
91 145
91 151
91 155
91 162
91 171
91 176
91 187
91 201
91 216
91 219
91 220
91 227
91 236
91 242
91 249
92 5
92 7
92 21
92 25
92 32
92 39
92 46
92 48
92 54
92 60
92 62
92 81
92 86
92 96
92 104
92 107
92 118
92 153
92 154
92 155
92 159
92 168
92 169
92 170
92 184
92 197
92 199
92 201
92 211
92 225
92 231
92 235
92 236
93 10
93 18
93 27
93 28
93 41
93 44
93 59
93 60
93 66
93 74
93 91
93 104
93 106
93 124
93 185
93 193
93 195
93 207
93 219
93 236
93 240
93 245
94 18
94 34
94 43
94 45
94 53
94 59
94 62
94 64
94 81
94 83
94 124
94 128
94 134
94 149
94 155
94 161
94 162
94 178
94 199
94 215
94 238
94 244
94 246
95 8
95 15
95 43
95 46
95 57
95 59
95 64
95 65
95 74
95 76
95 87
95 96
95 100
95 108
95 128
95 144
95 156
95 163
95 164
95 166
95 168
95 169
95 170
95 173
95 174
95 199
95 249
96 4
96 29
96 58
96 63
96 85
96 107
96 114
96 135
96 136
96 141
96 151
96 168
96 171
96 173
96 186
96 187
96 189
96 195
96 210
96 212
96 222
96 224
96 227
96 228
96 231
96 239
96 240
96 243
96 246
97 11
97 16
97 18
97 27
97 28
97 42
97 60
97 64
97 67
97 76
97 80
97 98
97 119
97 126
97 136
97 138
97 146
97 150
97 177
97 186
97 189
97 223
97 245
98 3
98 30
98 42
98 62
98 67
98 78
98 99
98 108
98 118
98 121
98 122
98 157
98 161
98 162
98 163
98 167
98 170
98 173
98 176
98 182
98 196
98 211
98 218
98 238
98 246
98 247
99 14
99 26
99 37
99 44
99 82
99 88
99 108
99 119
99 125
99 141
99 143
99 144
99 145
99 161
99 166
99 174
99 188
99 197
99 198
99 199
99 200
99 204
99 211
99 239
99 240
99 242
100 28
100 35
100 46
100 76
100 77
100 78
100 79
100 80
100 82
100 83
100 87
100 95
100 108
100 109
100 119
100 123
100 128
100 129
100 139
100 143
100 144
100 146
100 158
100 186
100 218
100 220
100 227
100 231
100 232
101 32
101 34
101 55
101 63
101 91
101 95
101 100
101 113
101 115
101 121
101 125
101 139
101 151
101 156
101 159
101 169
101 180
101 184
101 196
101 198
101 210
101 211
101 222
101 226
101 248
102 5
102 9
102 12
102 14
102 16
102 24
102 34
102 37
102 41
102 54
102 66
102 71
102 77
102 91
102 105
102 141
102 142
102 146
102 162
102 168
102 182
102 187
102 189
102 203
102 206
102 221
102 236
102 244
103 5
103 9
103 64
103 79
103 90
103 92
103 107
103 110
103 119
103 126
103 138
103 142
103 148
103 149
103 159
103 168
103 171
103 178
103 180
103 184
103 186
103 189
103 210
103 211
103 231
103 235
103 242
103 247
103 248
104 10
104 17
104 18
104 44
104 56
104 81
104 86
104 88
104 98
104 99
104 104
104 109
104 123
104 125
104 126
104 135
104 139
104 145
104 150
104 151
104 156
104 159
104 162
104 171
104 189
104 203
104 210
104 213
104 233
104 237
104 240
104 243
104 249
105 2
105 4
105 5
105 18
105 31
105 35
105 37
105 47
105 56
105 70
105 72
105 73
105 78
105 104
105 110
105 111
105 112
105 123
105 153
105 154
105 163
105 173
105 174
105 200
105 202
105 205
105 211
105 215
105 217
105 223
105 227
105 233
105 243
106 2
106 5
106 13
106 18
106 28
106 39
106 53
106 64
106 81
106 88
106 100
106 102
106 111
106 122
106 134
106 161
106 194
106 204
106 209
106 212
106 214
106 219
106 233
107 10
107 15
107 23
107 34
107 41
107 42
107 51
107 78
107 82
107 85
107 92
107 126
107 128
107 135
107 138
107 151
107 155
107 197
107 211
107 220
107 222
107 239
107 240
107 242
107 248
108 5
108 17
108 22
108 30
108 39
108 44
108 49
108 67
108 69
108 84
108 109
108 131
108 136
108 137
108 139
108 152
108 166
108 182
108 188
108 194
108 197
108 206
108 225
108 243
108 244
108 246
109 4
109 7
109 13
109 23
109 42
109 54
109 56
109 59
109 80
109 83
109 89
109 109
109 117
109 125
109 130
109 134
109 147
109 148
109 169
109 181
109 193
109 194
109 200
109 206
109 211
109 217
109 220
109 236
110 6
110 8
110 15
110 17
110 18
110 25
110 49
110 52
110 55
110 62
110 66
110 73
110 86
110 106
110 109
110 129
110 145
110 155
110 161
110 169
110 173
110 199
110 209
110 210
110 218
110 226
110 235
110 241
111 2
111 5
111 34
111 36
111 56
111 81
111 85
111 99
111 100
111 104
111 112
111 125
111 126
111 130
111 144
111 148
111 166
111 171
111 173
111 179
111 181
111 207
111 222
111 232
111 244
111 249
112 1
112 6
112 11
112 14
112 42
112 51
112 52
112 61
112 78
112 89
112 103
112 108
112 123
112 125
112 148
112 194
112 199
112 204
112 207
112 215
112 235
112 239
112 244
112 248
113 1
113 2
113 7
113 16
113 20
113 25
113 26
113 51
113 82
113 83
113 86
113 94
113 118
113 144
113 146
113 165
113 167
113 177
113 186
113 190
113 197
113 204
113 206
113 230
113 243
113 246
114 11
114 16
114 17
114 26
114 44
114 56
114 70
114 71
114 94
114 99
114 108
114 114
114 118
114 121
114 123
114 132
114 135
114 138
114 139
114 165
114 200
114 205
114 207
114 217
114 221
114 237
114 238
114 239
115 3
115 4
115 8
115 9
115 20
115 22
115 33
115 36
115 39
115 43
115 69
115 77
115 101
115 102
115 104
115 108
115 133
115 138
115 164
115 171
115 176
115 183
115 184
115 206
115 207
115 217
115 239
116 1
116 3
116 14
116 18
116 29
116 44
116 62
116 72
116 74
116 94
116 151
116 152
116 162
116 179
116 192
116 195
116 207
116 210
116 216
116 232
117 9
117 14
117 19
117 30
117 34
117 35
117 49
117 56
117 57
117 58
117 63
117 67
117 87
117 104
117 106
117 124
117 126
117 143
117 156
117 157
117 159
117 160
117 182
117 220
117 228
117 230
117 235
118 4
118 55
118 64
118 68
118 72
118 75
118 85
118 87
118 93
118 124
118 125
118 132
118 143
118 146
118 165
118 166
118 170
118 172
118 184
118 186
118 200
118 205
118 210
118 216
118 237
118 243
119 1
119 2
119 24
119 77
119 87
119 98
119 125
119 132
119 176
119 195
119 211
119 233
119 239
119 241
119 250
120 3
120 14
120 30
120 33
120 40
120 50
120 56
120 67
120 73
120 86
120 106
120 119
120 143
120 153
120 171
120 175
120 189
120 192
120 194
120 207
120 216
120 222
120 234
120 235
120 242
120 244
120 245
121 14
121 24
121 28
121 43
121 49
121 52
121 58
121 62
121 78
121 88
121 89
121 101
121 111
121 135
121 161
121 162
121 163
121 166
121 176
121 212
122 1
122 4
122 7
122 33
122 44
122 108
122 124
122 129
122 135
122 137
122 138
122 139
122 144
122 149
122 158
122 163
122 167
122 168
122 170
122 173
122 174
122 205
122 212
122 214
122 217
122 221
122 230
122 242
123 2
123 21
123 24
123 59
123 61
123 69
123 71
123 74
123 103
123 137
123 143
123 152
123 183
123 198
123 199
123 203
123 210
123 217
123 232
124 13
124 15
124 21
124 43
124 50
124 66
124 103
124 111
124 113
124 134
124 139
124 148
124 151
124 152
124 178
124 187
124 188
124 191
124 195
124 223
124 240
124 241
124 247
124 248
125 24
125 34
125 39
125 45
125 56
125 60
125 88
125 91
125 98
125 107
125 115
125 125
125 129
125 133
125 137
125 148
125 169
125 170
125 183
125 195
125 197
125 199
125 218
125 232
125 233
126 8
126 15
126 36
126 37
126 49
126 64
126 67
126 68
126 72
126 77
126 82
126 86
126 95
126 100
126 102
126 118
126 119
126 127
126 131
126 132
126 133
126 137
126 138
126 141
126 169
126 173
126 180
126 210
126 216
126 218
126 220
126 228
126 235
126 240
126 241
126 248
126 250
127 5
127 12
127 15
127 59
127 60
127 71
127 77
127 80
127 89
127 91
127 104
127 106
127 107
127 114
127 115
127 118
127 120
127 132
127 138
127 142
127 155
127 160
127 162
127 165
127 166
127 175
127 177
127 187
127 218
127 222
127 243
127 245
128 11
128 19
128 20
128 27
128 30
128 38
128 44
128 46
128 68
128 69
128 73
128 74
128 135
128 140
128 143
128 147
128 149
128 153
128 175
128 182
128 183
128 213
128 220
128 225
128 229
129 13
129 23
129 44
129 46
129 49
129 52
129 55
129 57
129 64
129 68
129 74
129 78
129 80
129 102
129 106
129 110
129 112
129 117
129 127
129 154
129 158
129 167
129 176
129 188
129 201
129 214
129 216
129 238
129 244
129 246
130 3
130 4
130 5
130 7
130 12
130 43
130 47
130 50
130 84
130 88
130 90
130 94
130 98
130 109
130 115
130 148
130 150
130 151
130 163
130 167
130 174
130 177
130 184
130 197
130 215
130 219
130 221
130 231
130 234
130 241
131 13
131 14
131 18
131 24
131 32
131 34
131 35
131 47
131 60
131 62
131 65
131 69
131 79
131 90
131 100
131 102
131 104
131 120
131 140
131 141
131 142
131 143
131 152
131 156
131 190
131 193
131 194
131 203
131 218
132 11
132 14
132 15
132 31
132 37
132 44
132 48
132 60
132 65
132 72
132 73
132 79
132 81
132 88
132 95
132 97
132 103
132 116
132 126
132 131
132 144
132 151
132 155
132 157
132 159
132 161
132 177
132 178
132 180
132 204
132 217
132 221
132 232
132 234
132 243
132 247
133 31
133 35
133 37
133 60
133 61
133 67
133 77
133 81
133 98
133 115
133 120
133 139
133 178
133 189
133 195
133 201
133 219
133 224
133 243
134 13
134 38
134 43
134 47
134 48
134 57
134 66
134 78
134 86
134 90
134 93
134 106
134 117
134 126
134 140
134 142
134 147
134 150
134 157
134 164
134 177
134 178
134 182
134 188
134 192
134 196
134 201
134 250
135 12
135 21
135 45
135 49
135 50
135 71
135 72
135 76
135 92
135 97
135 120
135 133
135 144
135 152
135 167
135 177
135 194
135 216
135 219
135 234
135 242
136 24
136 32
136 33
136 44
136 51
136 52
136 66
136 75
136 81
136 85
136 86
136 117
136 119
136 129
136 140
136 141
136 152
136 165
136 168
136 178
136 181
136 189
136 195
136 198
136 213
136 214
136 235
136 237
136 239
136 240
137 3
137 7
137 14
137 20
137 27
137 29
137 34
137 40
137 55
137 63
137 67
137 81
137 94
137 98
137 102
137 104
137 105
137 111
137 126
137 129
137 131
137 132
137 137
137 145
137 150
137 169
137 170
137 173
137 177
137 192
137 199
137 203
137 207
137 212
137 222
137 225
137 234
137 242
138 4
138 13
138 36
138 62
138 89
138 92
138 93
138 98
138 103
138 114
138 120
138 121
138 124
138 126
138 133
138 139
138 140
138 141
138 150
138 160
138 196
138 202
138 207
138 223
138 224
138 226
138 228
138 230
139 5
139 8
139 9
139 19
139 25
139 32
139 37
139 42
139 48
139 50
139 54
139 55
139 61
139 66
139 67
139 103
139 109
139 119
139 124
139 127
139 138
139 153
139 157
139 162
139 175
139 176
139 193
139 201
139 209
139 218
139 235
139 246
140 10
140 19
140 28
140 29
140 33
140 94
140 102
140 109
140 118
140 131
140 134
140 142
140 149
140 150
140 152
140 160
140 162
140 163
140 185
140 198
140 219
140 226
140 244
140 247
141 2
141 18
141 37
141 39
141 40
141 55
141 73
141 80
141 85
141 89
141 106
141 120
141 129
141 130
141 144
141 157
141 158
141 162
141 175
141 178
141 181
141 230
141 238
141 245
141 246
142 17
142 19
142 34
142 46
142 47
142 63
142 68
142 70
142 72
142 83
142 91
142 92
142 118
142 123
142 129
142 130
142 131
142 137
142 143
142 151
142 154
142 170
142 178
142 190
142 199
142 205
142 207
142 209
142 210
142 216
142 234
142 245
143 8
143 15
143 21
143 41
143 49
143 51
143 85
143 91
143 104
143 106
143 113
143 126
143 129
143 155
143 158
143 178
143 197
143 204
143 206
144 6
144 15
144 17
144 36
144 61
144 62
144 73
144 80
144 84
144 94
144 104
144 118
144 122
144 180
144 181
144 182
144 200
144 207
145 2
145 7
145 13
145 25
145 37
145 94
145 103
145 110
145 131
145 137
145 138
145 157
145 161
145 172
145 175
145 190
145 191
145 195
145 200
145 203
145 211
145 229
145 238
145 244
146 7
146 21
146 26
146 27
146 39
146 62
146 78
146 79
146 81
146 88
146 92
146 98
146 125
146 128
146 135
146 160
146 162
146 164
146 174
146 190
146 198
146 206
146 210
146 213
146 217
146 221
146 224
146 225
146 226
146 227
147 41
147 44
147 53
147 54
147 56
147 58
147 81
147 83
147 91
147 96
147 101
147 104
147 111
147 131
147 138
147 139
147 144
147 153
147 158
147 168
147 180
147 184
147 191
147 200
147 212
147 222
147 226
147 227
147 246
148 2
148 4
148 12
148 27
148 29
148 36
148 38
148 40
148 43
148 55
148 56
148 66
148 68
148 80
148 102
148 104
148 114
148 118
148 121
148 124
148 150
148 161
148 177
148 191
148 201
148 202
148 205
148 213
148 217
148 228
148 235
148 247
148 250
149 3
149 15
149 20
149 37
149 52
149 55
149 64
149 75
149 82
149 86
149 115
149 119
149 127
149 144
149 147
149 156
149 167
149 181
149 220
149 235
149 243
149 247
150 42
150 52
150 54
150 57
150 71
150 72
150 93
150 98
150 104
150 121
150 129
150 132
150 172
150 173
150 182
150 212
150 219
150 220
150 226
150 228
150 229
150 244
151 2
151 24
151 26
151 27
151 29
151 66
151 82
151 95
151 102
151 104
151 112
151 120
151 121
151 123
151 139
151 156
151 187
151 188
151 210
151 236
151 240
152 23
152 25
152 32
152 63
152 73
152 83
152 85
152 117
152 124
152 134
152 143
152 150
152 162
152 164
152 181
152 188
152 218
152 224
152 227
152 231
152 232
152 239
152 247
153 15
153 20
153 23
153 29
153 32
153 50
153 86
153 88
153 93
153 112
153 118
153 120
153 138
153 183
153 184
153 191
153 196
153 220
153 221
153 223
153 227
153 228
153 240
153 245
153 249
154 2
154 7
154 14
154 26
154 49
154 88
154 92
154 125
154 126
154 127
154 132
154 146
154 151
154 156
154 158
154 162
154 164
154 174
154 189
154 211
154 217
154 218
154 230
154 231
154 238
154 250
155 13
155 21
155 26
155 38
155 54
155 58
155 59
155 60
155 61
155 77
155 92
155 105
155 126
155 140
155 150
155 152
155 181
155 189
155 192
155 202
155 210
156 22
156 44
156 94
156 122
156 125
156 134
156 149
156 160
156 182
156 195
156 209
156 213
156 222
156 241
157 7
157 17
157 43
157 44
157 45
157 54
157 64
157 80
157 85
157 118
157 135
157 145
157 147
157 154
157 162
157 179
157 212
157 225
157 231
157 233
157 244
157 248
158 4
158 5
158 17
158 20
158 37
158 44
158 49
158 60
158 68
158 69
158 92
158 101
158 121
158 133
158 149
158 156
158 157
158 166
158 171
158 180
158 184
158 185
158 189
158 214
158 222
158 227
159 10
159 17
159 26
159 35
159 58
159 61
159 84
159 104
159 108
159 123
159 125
159 139
159 152
159 154
159 163
159 169
159 172
159 189
159 192
159 250
160 3
160 15
160 23
160 24
160 25
160 35
160 39
160 41
160 72
160 73
160 83
160 95
160 106
160 112
160 132
160 150
160 158
160 163
160 189
160 190
160 192
160 199
160 200
160 201
160 223
160 243
160 246
160 250
161 2
161 22
161 40
161 42
161 47
161 52
161 57
161 61
161 64
161 66
161 74
161 91
161 109
161 116
161 124
161 135
161 143
161 148
161 169
161 177
161 210
161 215
162 29
162 30
162 46
162 72
162 85
162 86
162 108
162 112
162 120
162 148
162 159
162 163
162 199
162 216
162 224
162 226
162 228
162 229
162 231
162 244
163 8
163 30
163 33
163 49
163 50
163 60
163 69
163 71
163 81
163 98
163 100
163 115
163 136
163 151
163 154
163 176
163 179
163 182
163 184
163 185
163 203
163 204
163 205
163 206
163 241
163 242
163 243
163 247
164 1
164 14
164 41
164 42
164 56
164 64
164 74
164 77
164 89
164 94
164 105
164 107
164 109
164 110
164 127
164 131
164 132
164 178
164 184
164 186
164 192
164 193
164 195
164 204
164 209
164 211
164 214
164 219
164 226
164 242
165 16
165 49
165 56
165 57
165 83
165 106
165 125
165 139
165 164
165 174
165 177
165 184
165 185
165 213
165 222
165 229
165 234
165 243
165 246
166 4
166 11
166 15
166 17
166 45
166 56
166 59
166 67
166 71
166 77
166 79
166 109
166 123
166 140
166 144
166 151
166 173
166 179
166 187
166 198
166 201
166 216
166 248
167 6
167 23
167 31
167 39
167 43
167 52
167 53
167 62
167 65
167 70
167 85
167 88
167 89
167 91
167 128
167 130
167 139
167 197
167 198
167 202
167 207
167 231
167 232
167 241
167 246
168 15
168 19
168 22
168 30
168 48
168 53
168 54
168 81
168 82
168 89
168 105
168 120
168 130
168 135
168 140
168 146
168 147
168 159
168 173
168 198
168 199
168 201
168 202
168 211
168 226
168 229
168 232
168 242
168 249
169 21
169 24
169 26
169 40
169 45
169 49
169 50
169 56
169 60
169 61
169 78
169 108
169 113
169 129
169 131
169 132
169 133
169 142
169 147
169 148
169 162
169 188
169 191
169 192
169 196
169 206
169 224
169 250
170 40
170 48
170 53
170 62
170 75
170 78
170 82
170 91
170 93
170 97
170 103
170 105
170 117
170 124
170 128
170 130
170 159
170 162
170 167
170 172
170 183
170 203
170 209
170 211
170 218
171 5
171 22
171 25
171 37
171 39
171 48
171 49
171 56
171 71
171 72
171 73
171 93
171 96
171 111
171 135
171 173
171 186
171 193
171 197
171 205
171 207
171 220
171 226
171 240
171 245
172 8
172 11
172 14
172 22
172 23
172 37
172 62
172 74
172 93
172 98
172 120
172 132
172 147
172 171
172 174
172 176
172 177
172 182
172 183
172 186
172 199
172 200
172 201
172 203
172 205
172 219
172 224
172 227
172 230
172 238
172 240
172 247
172 248
173 18
173 32
173 61
173 87
173 96
173 99
173 100
173 103
173 105
173 107
173 117
173 124
173 135
173 143
173 144
173 159
173 170
173 180
173 199
173 216
173 218
173 229
173 237
173 242
173 248
174 1
174 21
174 43
174 55
174 65
174 72
174 91
174 110
174 145
174 148
174 151
174 169
174 184
174 194
174 203
174 223
174 225
174 230
174 238
174 241
174 244
175 2
175 5
175 8
175 13
175 16
175 19
175 21
175 35
175 49
175 70
175 71
175 77
175 86
175 87
175 93
175 101
175 105
175 108
175 120
175 124
175 143
175 150
175 155
175 156
175 157
175 159
175 160
175 165
175 182
175 183
175 201
175 219
175 220
175 231
176 8
176 10
176 21
176 31
176 35
176 38
176 48
176 54
176 56
176 57
176 58
176 64
176 82
176 84
176 89
176 90
176 96
176 98
176 100
176 110
176 117
176 122
176 123
176 126
176 166
176 193
176 200
176 207
176 217
176 229
176 234
176 244
176 246
177 5
177 10
177 11
177 38
177 48
177 88
177 93
177 97
177 99
177 101
177 105
177 111
177 118
177 149
177 169
177 174
177 194
177 205
177 216
177 221
177 247
178 3
178 13
178 30
178 39
178 41
178 45
178 46
178 48
178 54
178 91
178 106
178 112
178 123
178 130
178 134
178 150
178 185
178 199
178 208
178 209
178 221
178 222
178 230
178 231
178 237
178 238
178 245
178 248
179 4
179 6
179 10
179 32
179 33
179 36
179 54
179 69
179 80
179 83
179 92
179 96
179 111
179 128
179 130
179 139
179 154
179 155
179 160
179 168
179 194
179 195
179 210
179 214
179 246
179 249
180 2
180 5
180 7
180 9
180 17
180 26
180 29
180 33
180 39
180 47
180 50
180 53
180 60
180 66
180 73
180 84
180 104
180 107
180 123
180 126
180 159
180 163
180 170
180 182
180 187
180 193
180 204
180 205
180 216
180 217
180 227
180 228
180 229
180 244
181 6
181 13
181 18
181 19
181 23
181 24
181 26
181 29
181 30
181 32
181 61
181 62
181 74
181 101
181 106
181 116
181 122
181 127
181 139
181 145
181 160
181 168
181 177
181 179
181 188
181 193
181 208
181 216
181 225
181 226
181 242
181 248
182 6
182 13
182 18
182 36
182 39
182 45
182 47
182 50
182 55
182 64
182 87
182 99
182 114
182 123
182 139
182 140
182 148
182 157
182 169
182 178
182 183
182 184
182 187
182 189
182 192
182 198
182 203
182 214
182 222
182 235
182 238
182 241
182 246
182 247
182 249
182 250
183 15
183 20
183 21
183 22
183 23
183 49
183 66
183 85
183 88
183 94
183 111
183 128
183 132
183 141
183 156
183 172
183 180
183 189
183 206
183 215
183 219
183 250
184 3
184 9
184 12
184 21
184 46
184 64
184 95
184 103
184 105
184 106
184 148
184 151
184 158
184 175
184 202
184 204
184 216
184 226
184 240
185 4
185 7
185 8
185 23
185 32
185 33
185 44
185 45
185 64
185 65
185 74
185 85
185 106
185 120
185 122
185 135
185 153
185 155
185 158
185 176
185 178
185 179
185 192
185 200
185 225
185 236
185 238
185 240
185 245
186 9
186 10
186 20
186 28
186 29
186 32
186 36
186 43
186 45
186 46
186 52
186 64
186 68
186 82
186 93
186 104
186 108
186 110
186 112
186 126
186 127
186 129
186 133
186 138
186 142
186 149
186 153
186 167
186 177
186 218
186 225
186 227
186 233
186 235
186 243
187 13
187 17
187 25
187 28
187 29
187 36
187 63
187 69
187 72
187 81
187 88
187 95
187 103
187 116
187 118
187 130
187 159
187 161
187 162
187 164
187 167
187 188
187 203
187 210
187 212
187 213
187 226
187 236
188 5
188 12
188 15
188 22
188 32
188 46
188 47
188 65
188 74
188 102
188 104
188 105
188 115
188 117
188 122
188 148
188 157
188 165
188 186
188 188
188 191
188 192
188 222
188 231
188 239
189 11
189 16
189 19
189 28
189 43
189 49
189 53
189 57
189 60
189 66
189 113
189 114
189 125
189 130
189 133
189 148
189 167
189 190
189 193
189 208
189 209
189 218
189 227
189 232
189 245
189 250
190 10
190 30
190 51
190 54
190 63
190 71
190 73
190 84
190 90
190 98
190 103
190 124
190 147
190 152
190 158
190 159
190 175
190 181
190 184
190 187
190 192
190 200
190 205
190 224
190 226
190 235
190 243
190 248
191 1
191 9
191 19
191 20
191 41
191 44
191 60
191 62
191 74
191 87
191 95
191 111
191 117
191 118
191 120
191 128
191 145
191 153
191 164
191 171
191 186
191 195
191 226
191 229
191 236
192 22
192 30
192 49
192 50
192 59
192 67
192 90
192 100
192 109
192 110
192 143
192 155
192 158
192 161
192 193
192 201
192 223
192 235
192 241
192 247
193 18
193 31
193 42
193 73
193 77
193 90
193 102
193 107
193 121
193 137
193 138
193 139
193 147
193 157
193 169
193 170
193 172
193 174
193 182
193 195
193 208
193 220
193 234
193 237
193 238
193 250
194 17
194 22
194 24
194 37
194 55
194 65
194 72
194 83
194 90
194 100
194 102
194 110
194 112
194 116
194 125
194 134
194 137
194 148
194 186
194 190
194 203
194 209
194 219
194 223
194 225
194 234
194 240
195 5
195 10
195 11
195 16
195 28
195 30
195 31
195 36
195 46
195 56
195 66
195 104
195 110
195 127
195 135
195 138
195 169
195 178
195 181
195 194
195 198
195 210
195 214
195 226
195 233
195 237
195 241
195 243
195 250
196 6
196 25
196 31
196 45
196 52
196 60
196 76
196 111
196 118
196 130
196 131
196 136
196 144
196 146
196 164
196 169
196 170
196 174
196 187
196 188
196 195
196 210
196 214
196 219
196 223
196 249
197 6
197 19
197 22
197 42
197 43
197 47
197 61
197 64
197 71
197 77
197 80
197 89
197 90
197 96
197 108
197 126
197 127
197 133
197 149
197 163
197 191
197 238
198 20
198 60
198 78
198 80
198 86
198 97
198 106
198 112
198 113
198 115
198 124
198 138
198 151
198 162
198 171
198 195
198 197
198 200
198 224
199 12
199 18
199 29
199 30
199 47
199 50
199 58
199 71
199 77
199 88
199 95
199 96
199 101
199 113
199 120
199 122
199 132
199 139
199 155
199 163
199 180
199 184
199 193
199 201
199 207
199 209
199 221
199 223
199 244
200 2
200 20
200 24
200 27
200 37
200 38
200 39
200 50
200 66
200 67
200 70
200 75
200 86
200 93
200 102
200 129
200 131
200 141
200 145
200 155
200 160
200 169
200 188
200 193
200 200
200 205
200 210
200 218
200 221
200 242
200 245
201 5
201 12
201 14
201 26
201 35
201 82
201 93
201 94
201 113
201 132
201 139
201 145
201 146
201 151
201 157
201 163
201 164
201 166
201 167
201 171
201 189
201 190
201 200
201 209
201 215
201 225
201 231
201 241
201 244
202 8
202 11
202 15
202 18
202 19
202 21
202 22
202 35
202 43
202 52
202 55
202 60
202 69
202 80
202 84
202 87
202 93
202 120
202 122
202 127
202 140
202 141
202 150
202 156
202 167
202 196
202 198
202 205
202 207
202 218
202 226
202 228
202 230
202 234
202 237
202 246
203 15
203 22
203 28
203 29
203 30
203 54
203 62
203 67
203 74
203 93
203 105
203 125
203 131
203 174
203 176
203 204
203 216
203 220
203 241
204 8
204 15
204 21
204 24
204 26
204 41
204 48
204 74
204 75
204 82
204 84
204 98
204 125
204 160
204 167
204 180
204 189
204 195
204 210
204 213
204 217
205 3
205 17
205 34
205 47
205 54
205 58
205 60
205 71
205 79
205 89
205 90
205 111
205 127
205 128
205 144
205 175
205 182
205 184
205 187
205 188
205 197
205 205
205 208
205 210
205 212
205 238
205 245
206 13
206 21
206 34
206 45
206 48
206 75
206 77
206 98
206 104
206 108
206 118
206 132
206 144
206 154
206 155
206 164
206 171
206 175
206 185
206 186
206 188
206 222
206 230
207 1
207 29
207 38
207 57
207 78
207 84
207 85
207 86
207 89
207 90
207 126
207 128
207 156
207 174
207 190
207 223
207 230
207 235
207 245
208 18
208 19
208 24
208 25
208 38
208 39
208 46
208 53
208 76
208 81
208 85
208 92
208 95
208 99
208 101
208 114
208 115
208 118
208 155
208 156
208 167
208 184
208 186
208 198
208 219
208 224
208 237
209 12
209 18
209 19
209 51
209 59
209 68
209 72
209 91
209 92
209 100
209 102
209 114
209 115
209 124
209 127
209 130
209 138
209 148
209 155
209 160
209 161
209 166
209 171
209 176
209 218
209 234
209 243
209 246
210 9
210 10
210 13
210 19
210 20
210 22
210 23
210 28
210 38
210 42
210 47
210 52
210 53
210 76
210 104
210 123
210 138
210 147
210 157
210 159
210 185
210 200
210 224
210 232
211 12
211 33
211 40
211 46
211 50
211 52
211 62
211 69
211 71
211 87
211 100
211 110
211 115
211 118
211 123
211 137
211 138
211 149
211 153
211 163
211 175
211 190
211 195
211 208
211 217
211 220
211 232
211 243
211 249
212 19
212 30
212 44
212 45
212 47
212 64
212 70
212 75
212 79
212 98
212 108
212 132
212 133
212 143
212 144
212 154
212 165
212 172
212 187
212 196
212 205
212 207
212 227
212 238
212 248
213 11
213 13
213 22
213 32
213 36
213 41
213 61
213 64
213 70
213 81
213 83
213 93
213 96
213 102
213 104
213 113
213 183
213 185
213 188
213 212
213 220
213 233
213 242
213 247
214 2
214 14
214 16
214 36
214 37
214 49
214 50
214 60
214 76
214 80
214 86
214 90
214 91
214 110
214 112
214 120
214 122
214 148
214 161
214 169
214 181
214 184
214 194
214 206
214 214
214 221
214 223
214 230
214 235
215 5
215 15
215 18
215 24
215 33
215 35
215 39
215 40
215 70
215 72
215 77
215 82
215 88
215 98
215 114
215 115
215 120
215 124
215 143
215 147
215 167
215 193
215 194
215 198
215 203
215 206
215 211
215 219
215 222
215 227
215 229
215 248
216 18
216 19
216 34
216 48
216 67
216 72
216 88
216 93
216 94
216 112
216 114
216 127
216 145
216 189
216 191
216 194
216 212
216 224
216 226
216 230
216 239
216 249
217 7
217 25
217 41
217 59
217 61
217 62
217 69
217 92
217 93
217 95
217 99
217 102
217 108
217 131
217 135
217 152
217 158
217 198
217 213
217 217
218 28
218 33
218 34
218 42
218 46
218 48
218 51
218 63
218 102
218 106
218 108
218 112
218 115
218 134
218 159
218 160
218 163
218 164
218 167
218 172
218 174
218 184
218 185
218 195
218 204
218 227
218 247
219 7
219 13
219 24
219 25
219 28
219 35
219 62
219 90
219 110
219 116
219 135
219 144
219 147
219 155
219 171
219 172
219 194
219 200
219 201
219 203
219 206
219 219
219 220
219 227
219 241
219 244
220 5
220 12
220 30
220 32
220 57
220 62
220 64
220 115
220 123
220 129
220 132
220 142
220 143
220 158
220 159
220 173
220 174
220 194
220 204
220 207
220 214
220 241
221 18
221 37
221 46
221 66
221 96
221 97
221 99
221 107
221 111
221 137
221 146
221 157
221 164
221 165
221 169
221 170
221 173
221 178
221 180
221 181
221 209
221 216
221 236
221 240
221 243
221 246
222 12
222 29
222 37
222 55
222 57
222 61
222 73
222 81
222 82
222 91
222 100
222 106
222 111
222 114
222 115
222 118
222 119
222 130
222 135
222 153
222 208
222 229
222 236
222 237
222 248
223 8
223 21
223 34
223 50
223 64
223 72
223 78
223 94
223 99
223 101
223 123
223 131
223 139
223 141
223 146
223 157
223 160
223 192
223 204
223 205
223 206
223 210
223 244
223 248
223 250
224 1
224 9
224 31
224 32
224 36
224 38
224 48
224 49
224 55
224 62
224 74
224 90
224 101
224 104
224 109
224 114
224 121
224 126
224 142
224 147
224 148
224 159
224 173
224 174
224 175
224 178
224 180
224 184
224 185
224 201
224 209
224 221
224 230
224 235
224 237
225 3
225 18
225 31
225 35
225 39
225 48
225 51
225 67
225 85
225 111
225 116
225 131
225 132
225 141
225 146
225 148
225 156
225 162
225 165
225 173
225 188
225 194
225 195
225 202
225 213
225 215
225 218
226 1
226 28
226 47
226 48
226 53
226 59
226 68
226 69
226 83
226 88
226 111
226 113
226 116
226 117
226 119
226 132
226 135
226 138
226 155
226 166
226 175
226 182
226 193
226 211
226 228
226 241
227 5
227 6
227 17
227 22
227 25
227 42
227 59
227 61
227 78
227 82
227 84
227 98
227 111
227 151
227 157
227 169
227 182
227 204
227 237
227 240
227 242
227 246
228 5
228 9
228 14
228 15
228 25
228 34
228 44
228 46
228 49
228 53
228 65
228 101
228 109
228 121
228 129
228 133
228 137
228 138
228 148
228 149
228 155
228 172
228 174
228 179
228 198
228 206
228 221
228 230
228 235
228 250
229 3
229 7
229 8
229 21
229 24
229 29
229 30
229 40
229 42
229 49
229 62
229 63
229 69
229 72
229 76
229 81
229 102
229 104
229 114
229 126
229 127
229 136
229 155
229 157
229 181
229 184
229 185
229 188
230 3
230 6
230 9
230 25
230 31
230 40
230 45
230 46
230 47
230 49
230 90
230 93
230 99
230 103
230 108
230 114
230 132
230 147
230 158
230 169
230 205
230 212
230 220
230 226
231 26
231 29
231 42
231 44
231 61
231 62
231 64
231 71
231 75
231 88
231 92
231 94
231 101
231 118
231 120
231 153
231 160
231 162
231 173
231 175
231 204
231 229
231 236
232 24
232 26
232 29
232 36
232 40
232 47
232 56
232 71
232 110
232 118
232 157
232 185
232 193
232 196
232 203
232 215
232 221
232 229
232 240
233 17
233 24
233 26
233 35
233 50
233 73
233 100
233 111
233 137
233 142
233 155
233 180
233 206
233 210
233 248
234 36
234 38
234 41
234 42
234 59
234 61
234 67
234 85
234 87
234 90
234 101
234 113
234 115
234 117
234 119
234 122
234 128
234 147
234 148
234 151
234 161
234 197
234 199
234 202
234 226
235 12
235 18
235 39
235 65
235 66
235 84
235 88
235 90
235 95
235 104
235 108
235 115
235 116
235 117
235 127
235 130
235 147
235 161
235 171
235 180
235 191
235 194
235 202
235 215
235 239
235 242
236 13
236 30
236 42
236 50
236 53
236 61
236 65
236 72
236 73
236 97
236 107
236 108
236 115
236 122
236 140
236 158
236 164
236 178
236 182
236 187
236 204
236 208
236 212
236 214
236 238
236 244
237 22
237 38
237 41
237 49
237 51
237 56
237 68
237 87
237 88
237 104
237 113
237 115
237 139
237 141
237 177
237 183
237 186
237 189
237 199
237 203
237 225
237 228
237 229
237 246
238 2
238 6
238 18
238 28
238 37
238 43
238 69
238 96
238 100
238 110
238 112
238 118
238 120
238 129
238 137
238 147
238 154
238 160
238 166
238 179
238 202
238 216
238 220
239 4
239 8
239 16
239 51
239 61
239 84
239 109
239 110
239 118
239 122
239 136
239 142
239 143
239 152
239 157
239 170
239 190
239 226
239 233
239 236
240 4
240 10
240 18
240 19
240 23
240 30
240 34
240 39
240 49
240 83
240 87
240 92
240 98
240 99
240 125
240 135
240 136
240 140
240 145
240 151
240 171
240 193
240 208
240 232
240 236
240 247
241 23
241 27
241 28
241 48
241 52
241 58
241 59
241 62
241 74
241 79
241 87
241 104
241 114
241 117
241 128
241 135
241 138
241 145
241 163
241 185
241 211
241 212
241 215
241 223
241 226
241 236
241 239
241 240
242 7
242 10
242 15
242 25
242 30
242 42
242 54
242 95
242 108
242 130
242 136
242 158
242 162
242 166
242 167
242 191
242 203
242 207
242 221
242 222
242 230
242 240
242 242
242 244
243 4
243 25
243 28
243 37
243 42
243 58
243 66
243 71
243 77
243 98
243 108
243 115
243 118
243 120
243 124
243 128
243 130
243 143
243 147
243 154
243 193
243 199
243 200
243 212
243 217
243 236
243 245
244 5
244 6
244 10
244 25
244 38
244 39
244 63
244 81
244 96
244 105
244 127
244 129
244 159
244 167
244 175
244 180
244 184
244 193
244 204
244 220
244 222
244 225
244 232
244 233
244 235
244 241
244 245
245 6
245 9
245 11
245 27
245 47
245 48
245 59
245 74
245 77
245 78
245 88
245 104
245 118
245 119
245 122
245 124
245 149
245 162
245 166
245 172
245 179
245 181
245 209
245 228
245 229
245 236
245 246
246 1
246 2
246 8
246 11
246 16
246 20
246 22
246 33
246 48
246 49
246 54
246 71
246 72
246 89
246 90
246 93
246 96
246 98
246 113
246 132
246 133
246 146
246 178
246 186
246 203
246 212
246 216
246 232
246 234
246 247
247 5
247 7
247 20
247 21
247 25
247 30
247 33
247 45
247 56
247 59
247 83
247 98
247 107
247 111
247 144
247 148
247 155
247 163
247 168
247 172
247 182
247 186
247 197
247 207
247 213
247 236
247 244
247 249
248 4
248 15
248 23
248 28
248 30
248 60
248 63
248 75
248 77
248 84
248 90
248 96
248 100
248 114
248 119
248 129
248 144
248 166
248 168
248 189
248 190
248 191
248 197
248 213
248 216
248 219
248 224
248 230
248 235
248 236
248 242
249 28
249 32
249 34
249 48
249 59
249 60
249 66
249 71
249 77
249 82
249 83
249 98
249 122
249 135
249 169
249 171
249 192
249 194
249 204
249 206
249 212
249 213
249 227
249 231
249 240
249 248
250 9
250 18
250 22
250 23
250 26
250 29
250 33
250 39
250 57
250 61
250 72
250 78
250 84
250 87
250 101
250 110
250 130
250 135
250 138
250 145
250 154
250 176
250 223
