200
7971
1 9
1 12
1 13
1 17
1 18
1 24
1 27
1 31
1 38
1 39
1 43
1 48
1 57
1 62
1 65
1 71
1 74
1 78
1 112
1 113
1 118
1 123
1 129
1 131
1 133
1 134
1 138
1 139
1 145
1 162
1 171
1 174
1 176
1 177
1 179
1 182
1 183
1 184
1 188
1 191
1 195
1 197
1 200
2 3
2 4
2 8
2 11
2 17
2 20
2 23
2 29
2 30
2 44
2 46
2 56
2 57
2 59
2 65
2 69
2 77
2 84
2 89
2 109
2 110
2 118
2 122
2 132
2 133
2 142
2 152
2 155
2 157
2 158
2 163
2 171
2 179
2 180
2 185
2 186
2 192
2 193
2 195
3 6
3 10
3 13
3 14
3 18
3 24
3 26
3 31
3 32
3 33
3 42
3 48
3 49
3 59
3 61
3 62
3 64
3 65
3 69
3 73
3 75
3 76
3 78
3 80
3 81
3 91
3 97
3 98
3 103
3 105
3 107
3 114
3 122
3 127
3 133
3 137
3 140
3 141
3 142
3 152
3 157
3 163
3 168
3 171
3 175
3 197
3 198
3 199
3 200
4 2
4 8
4 9
4 12
4 24
4 28
4 33
4 34
4 41
4 43
4 44
4 50
4 51
4 55
4 57
4 59
4 67
4 74
4 84
4 96
4 97
4 100
4 117
4 121
4 126
4 128
4 129
4 133
4 135
4 144
4 151
4 155
4 156
4 159
4 161
4 169
4 170
4 172
4 175
4 179
4 183
4 184
4 188
4 192
4 196
5 6
5 15
5 23
5 33
5 36
5 41
5 44
5 46
5 51
5 53
5 60
5 66
5 68
5 76
5 80
5 81
5 90
5 102
5 108
5 114
5 117
5 118
5 119
5 120
5 121
5 128
5 130
5 139
5 146
5 149
5 155
5 156
5 161
5 163
5 187
5 188
5 190
5 193
5 199
6 2
6 5
6 6
6 11
6 13
6 16
6 17
6 25
6 28
6 29
6 31
6 33
6 47
6 59
6 68
6 72
6 80
6 83
6 84
6 88
6 92
6 101
6 105
6 111
6 129
6 135
6 136
6 143
6 146
6 152
6 156
6 158
6 159
6 160
6 164
6 172
6 174
6 178
6 187
6 189
6 190
7 1
7 3
7 6
7 14
7 28
7 30
7 34
7 48
7 55
7 59
7 63
7 66
7 80
7 81
7 82
7 86
7 95
7 97
7 101
7 109
7 112
7 113
7 117
7 130
7 134
7 135
7 136
7 137
7 140
7 143
7 144
7 145
7 147
7 149
7 151
7 153
7 160
7 171
7 174
7 184
7 186
7 187
7 190
7 191
7 194
8 5
8 7
8 10
8 19
8 20
8 22
8 30
8 34
8 39
8 50
8 59
8 60
8 62
8 65
8 86
8 88
8 97
8 100
8 101
8 118
8 121
8 133
8 134
8 137
8 143
8 149
8 150
8 151
8 159
8 161
8 162
8 165
8 180
8 184
8 187
8 197
9 1
9 9
9 19
9 33
9 35
9 47
9 49
9 50
9 58
9 62
9 71
9 73
9 80
9 83
9 84
9 85
9 91
9 109
9 110
9 113
9 115
9 121
9 129
9 133
9 143
9 151
9 153
9 165
9 174
9 175
9 176
9 177
9 178
9 179
9 195
10 1
10 2
10 4
10 6
10 26
10 31
10 32
10 39
10 49
10 51
10 59
10 61
10 66
10 68
10 88
10 90
10 94
10 95
10 100
10 101
10 108
10 111
10 125
10 131
10 134
10 135
10 138
10 149
10 152
10 165
10 169
10 170
10 178
10 180
10 181
10 185
10 186
10 190
10 194
11 7
11 10
11 21
11 24
11 35
11 36
11 47
11 49
11 50
11 54
11 57
11 63
11 65
11 79
11 80
11 84
11 85
11 92
11 94
11 96
11 98
11 102
11 107
11 114
11 119
11 124
11 125
11 128
11 129
11 130
11 134
11 140
11 142
11 152
11 163
11 166
11 167
11 176
11 181
11 182
11 185
11 186
11 188
11 197
12 6
12 16
12 23
12 25
12 42
12 46
12 52
12 54
12 66
12 69
12 86
12 101
12 103
12 106
12 113
12 115
12 119
12 122
12 123
12 136
12 137
12 142
12 147
12 155
12 168
12 170
12 176
12 179
12 183
12 190
12 191
12 199
12 200
13 2
13 24
13 26
13 27
13 30
13 31
13 33
13 35
13 41
13 45
13 46
13 49
13 54
13 55
13 57
13 59
13 60
13 63
13 72
13 82
13 84
13 92
13 97
13 102
13 104
13 107
13 113
13 116
13 117
13 118
13 123
13 132
13 133
13 134
13 136
13 140
13 145
13 160
13 164
13 165
13 168
13 173
13 175
13 177
13 188
13 189
13 195
13 197
14 2
14 4
14 5
14 9
14 10
14 12
14 14
14 24
14 33
14 35
14 41
14 55
14 56
14 61
14 62
14 63
14 65
14 70
14 72
14 74
14 80
14 83
14 86
14 90
14 94
14 98
14 102
14 110
14 113
14 117
14 118
14 121
14 125
14 142
14 144
14 146
14 148
14 149
14 154
14 164
14 170
14 175
14 180
14 183
14 185
14 195
14 199
15 3
15 8
15 9
15 15
15 18
15 29
15 32
15 35
15 44
15 49
15 51
15 52
15 57
15 59
15 61
15 64
15 72
15 81
15 83
15 90
15 92
15 93
15 97
15 101
15 105
15 109
15 113
15 114
15 119
15 120
15 121
15 131
15 138
15 142
15 157
15 158
15 161
15 162
15 163
15 172
15 179
15 181
15 182
15 191
15 195
15 196
15 197
15 200
16 1
16 3
16 4
16 6
16 8
16 11
16 22
16 24
16 39
16 44
16 45
16 48
16 57
16 58
16 59
16 64
16 66
16 74
16 79
16 85
16 88
16 91
16 93
16 94
16 96
16 100
16 103
16 107
16 126
16 128
16 130
16 135
16 136
16 147
16 149
16 152
16 154
16 157
16 169
16 172
16 175
16 179
16 192
16 194
16 196
16 198
17 4
17 9
17 32
17 33
17 35
17 36
17 46
17 48
17 49
17 64
17 69
17 72
17 76
17 79
17 80
17 82
17 92
17 95
17 99
17 106
17 108
17 109
17 118
17 129
17 132
17 133
17 138
17 140
17 146
17 148
17 150
17 155
17 171
17 175
17 182
17 187
17 190
17 193
18 2
18 14
18 15
18 16
18 27
18 40
18 42
18 50
18 55
18 59
18 60
18 62
18 64
18 67
18 69
18 70
18 72
18 76
18 92
18 94
18 118
18 119
18 122
18 131
18 142
18 146
18 150
18 165
18 175
18 177
18 185
18 195
18 196
19 8
19 14
19 17
19 24
19 33
19 42
19 48
19 51
19 58
19 63
19 66
19 72
19 85
19 87
19 93
19 95
19 103
19 104
19 107
19 115
19 122
19 123
19 126
19 128
19 130
19 132
19 138
19 147
19 149
19 151
19 153
19 155
19 166
19 172
19 183
19 184
19 189
19 197
20 7
20 8
20 14
20 18
20 20
20 22
20 27
20 30
20 45
20 49
20 50
20 51
20 63
20 64
20 68
20 69
20 70
20 74
20 79
20 87
20 105
20 108
20 115
20 119
20 126
20 135
20 138
20 139
20 140
20 141
20 150
20 151
20 152
20 159
20 160
20 173
20 177
20 179
20 180
20 184
20 186
20 193
20 195
21 11
21 20
21 21
21 22
21 35
21 42
21 43
21 57
21 70
21 76
21 80
21 82
21 93
21 99
21 125
21 128
21 129
21 130
21 140
21 141
21 150
21 154
21 155
21 156
21 168
21 172
21 176
21 180
21 192
21 199
22 17
22 20
22 25
22 28
22 30
22 37
22 42
22 48
22 51
22 52
22 60
22 67
22 70
22 72
22 75
22 80
22 81
22 82
22 85
22 101
22 102
22 107
22 110
22 118
22 119
22 120
22 122
22 127
22 129
22 134
22 165
22 171
22 173
22 178
22 185
22 192
22 196
22 199
22 200
23 7
23 12
23 13
23 18
23 24
23 25
23 37
23 44
23 54
23 57
23 58
23 69
23 70
23 73
23 77
23 79
23 80
23 83
23 85
23 88
23 89
23 100
23 112
23 118
23 125
23 132
23 137
23 139
23 148
23 151
23 166
23 167
23 173
23 178
23 183
23 185
23 186
23 193
23 196
23 199
23 200
24 5
24 8
24 15
24 16
24 19
24 22
24 24
24 30
24 36
24 39
24 42
24 52
24 53
24 54
24 56
24 58
24 67
24 68
24 71
24 76
24 82
24 83
24 85
24 92
24 94
24 97
24 98
24 99
24 100
24 102
24 110
24 122
24 126
24 129
24 137
24 139
24 145
24 149
24 151
24 154
24 161
24 168
24 174
24 180
24 186
24 188
24 194
24 195
24 196
25 1
25 2
25 3
25 10
25 13
25 27
25 39
25 41
25 49
25 53
25 63
25 64
25 68
25 81
25 84
25 102
25 114
25 117
25 119
25 120
25 127
25 129
25 135
25 138
25 156
25 157
25 167
25 186
25 190
25 195
26 4
26 10
26 16
26 18
26 23
26 24
26 35
26 40
26 48
26 55
26 62
26 64
26 65
26 71
26 76
26 77
26 79
26 80
26 85
26 88
26 98
26 107
26 108
26 112
26 114
26 119
26 121
26 133
26 137
26 139
26 141
26 169
26 170
26 171
26 173
26 174
26 175
26 176
26 179
26 184
26 191
26 196
27 4
27 7
27 14
27 17
27 27
27 32
27 66
27 80
27 81
27 83
27 88
27 93
27 100
27 101
27 102
27 106
27 107
27 110
27 116
27 121
27 125
27 136
27 140
27 141
27 143
27 145
27 149
27 155
27 163
27 167
27 171
27 180
27 181
27 192
27 193
27 194
28 3
28 4
28 10
28 11
28 17
28 22
28 23
28 24
28 30
28 58
28 76
28 77
28 80
28 83
28 86
28 97
28 107
28 110
28 112
28 119
28 128
28 130
28 137
28 142
28 143
28 145
28 146
28 147
28 153
28 154
28 158
28 159
28 166
28 167
28 173
28 174
28 176
28 184
28 199
29 10
29 13
29 14
29 17
29 18
29 24
29 32
29 37
29 38
29 58
29 59
29 66
29 67
29 72
29 81
29 83
29 87
29 89
29 90
29 92
29 94
29 96
29 103
29 105
29 109
29 112
29 113
29 114
29 117
29 122
29 131
29 133
29 134
29 136
29 155
29 169
29 171
29 173
29 175
29 177
29 180
29 186
30 3
30 5
30 16
30 21
30 29
30 30
30 37
30 44
30 57
30 59
30 60
30 61
30 62
30 67
30 69
30 78
30 84
30 89
30 96
30 98
30 103
30 104
30 108
30 111
30 115
30 133
30 135
30 152
30 154
30 161
30 165
30 168
30 173
30 177
30 184
30 189
30 191
30 195
30 196
30 197
30 198
31 1
31 2
31 7
31 8
31 10
31 20
31 26
31 34
31 36
31 40
31 60
31 63
31 69
31 94
31 100
31 108
31 115
31 120
31 123
31 124
31 152
31 157
31 158
31 164
31 166
31 168
31 173
31 176
31 183
31 190
31 192
31 199
32 2
32 3
32 6
32 9
32 11
32 18
32 21
32 22
32 23
32 24
32 29
32 34
32 35
32 44
32 51
32 55
32 63
32 65
32 71
32 83
32 104
32 109
32 110
32 112
32 115
32 121
32 130
32 131
32 141
32 146
32 149
32 150
32 154
32 162
32 163
32 164
32 168
32 176
32 177
32 180
32 187
32 190
32 194
32 196
33 4
33 7
33 10
33 12
33 13
33 18
33 30
33 32
33 49
33 55
33 56
33 65
33 66
33 67
33 74
33 82
33 83
33 95
33 96
33 97
33 102
33 104
33 106
33 109
33 110
33 130
33 131
33 132
33 138
33 140
33 141
33 144
33 146
33 150
33 151
33 169
33 176
33 185
34 1
34 5
34 23
34 27
34 32
34 38
34 49
34 50
34 57
34 63
34 64
34 66
34 68
34 73
34 89
34 92
34 99
34 100
34 101
34 109
34 111
34 114
34 117
34 120
34 123
34 124
34 128
34 129
34 132
34 137
34 140
34 147
34 148
34 159
34 161
34 164
34 185
34 193
34 195
34 196
35 2
35 3
35 7
35 8
35 13
35 14
35 29
35 30
35 34
35 42
35 43
35 44
35 50
35 54
35 62
35 67
35 82
35 84
35 88
35 89
35 98
35 102
35 103
35 107
35 112
35 119
35 120
35 142
35 145
35 155
35 162
35 164
35 165
35 167
35 170
35 177
35 180
35 190
36 1
36 9
36 15
36 18
36 25
36 31
36 35
36 37
36 45
36 49
36 55
36 56
36 61
36 72
36 74
36 82
36 84
36 86
36 87
36 91
36 98
36 101
36 112
36 123
36 134
36 142
36 146
36 147
36 154
36 155
36 156
36 167
36 176
36 178
36 185
36 190
36 193
36 198
37 5
37 6
37 16
37 17
37 28
37 30
37 35
37 39
37 43
37 44
37 49
37 54
37 56
37 69
37 71
37 73
37 74
37 79
37 86
37 95
37 97
37 104
37 108
37 111
37 120
37 123
37 128
37 142
37 143
37 145
37 162
37 178
37 188
37 191
37 195
37 196
37 197
37 199
38 18
38 23
38 26
38 31
38 39
38 40
38 42
38 43
38 44
38 58
38 62
38 64
38 66
38 71
38 80
38 86
38 88
38 90
38 91
38 98
38 100
38 102
38 112
38 115
38 117
38 118
38 126
38 134
38 135
38 136
38 141
38 154
38 155
38 158
38 164
38 169
38 172
38 173
38 174
38 179
38 183
38 188
39 15
39 18
39 22
39 26
39 30
39 31
39 42
39 49
39 54
39 55
39 58
39 61
39 63
39 66
39 72
39 78
39 80
39 86
39 90
39 99
39 103
39 106
39 107
39 108
39 113
39 119
39 121
39 123
39 130
39 133
39 146
39 167
39 169
39 185
39 188
39 199
39 200
40 10
40 11
40 13
40 14
40 17
40 31
40 33
40 35
40 42
40 44
40 47
40 48
40 68
40 71
40 72
40 76
40 86
40 92
40 95
40 96
40 101
40 102
40 107
40 112
40 117
40 122
40 132
40 134
40 138
40 139
40 141
40 147
40 150
40 158
40 159
40 166
40 176
40 177
40 178
40 185
40 186
40 189
40 200
41 1
41 4
41 6
41 8
41 16
41 17
41 18
41 21
41 28
41 31
41 34
41 36
41 41
41 49
41 51
41 52
41 58
41 62
41 65
41 70
41 71
41 72
41 79
41 80
41 81
41 84
41 85
41 93
41 97
41 118
41 126
41 129
41 133
41 145
41 174
41 182
41 184
41 185
41 190
41 194
41 196
42 1
42 6
42 9
42 14
42 17
42 20
42 21
42 23
42 26
42 29
42 30
42 46
42 49
42 57
42 58
42 60
42 63
42 64
42 81
42 82
42 83
42 84
42 88
42 98
42 113
42 128
42 139
42 149
42 150
42 154
42 155
42 165
42 173
42 176
42 180
42 195
42 197
42 199
43 4
43 5
43 8
43 15
43 24
43 28
43 30
43 32
43 40
43 46
43 60
43 64
43 74
43 86
43 88
43 90
43 92
43 97
43 98
43 107
43 120
43 126
43 129
43 130
43 131
43 139
43 140
43 145
43 168
43 171
43 172
43 174
43 177
43 180
43 188
43 191
43 194
43 198
44 4
44 9
44 13
44 21
44 28
44 29
44 40
44 41
44 48
44 56
44 57
44 59
44 62
44 70
44 73
44 76
44 81
44 102
44 105
44 106
44 116
44 118
44 122
44 128
44 134
44 137
44 138
44 139
44 147
44 154
44 156
44 157
44 159
44 164
44 166
44 171
44 180
44 183
44 185
44 187
44 190
44 198
45 3
45 15
45 19
45 20
45 25
45 35
45 42
45 46
45 53
45 69
45 74
45 79
45 81
45 83
45 94
45 97
45 111
45 118
45 129
45 132
45 133
45 139
45 143
45 158
45 160
45 166
45 172
45 173
45 174
45 176
45 182
45 188
45 190
45 191
45 194
45 195
46 2
46 8
46 18
46 22
46 25
46 28
46 32
46 34
46 35
46 45
46 47
46 50
46 53
46 54
46 55
46 58
46 60
46 65
46 69
46 74
46 80
46 85
46 86
46 87
46 89
46 98
46 99
46 119
46 120
46 123
46 133
46 137
46 139
46 143
46 145
46 146
46 167
46 169
46 171
46 174
46 177
46 179
46 182
46 191
46 194
47 1
47 7
47 8
47 11
47 13
47 18
47 21
47 28
47 31
47 40
47 52
47 62
47 66
47 67
47 69
47 70
47 72
47 77
47 79
47 80
47 84
47 85
47 91
47 99
47 100
47 102
47 105
47 113
47 128
47 142
47 151
47 153
47 171
47 172
47 184
47 193
47 197
47 200
48 5
48 7
48 21
48 28
48 36
48 37
48 38
48 41
48 46
48 47
48 51
48 52
48 55
48 56
48 61
48 62
48 71
48 73
48 79
48 82
48 86
48 87
48 100
48 101
48 103
48 109
48 116
48 117
48 118
48 122
48 123
48 124
48 127
48 161
48 165
48 174
48 179
48 180
48 182
48 183
48 185
48 186
48 189
48 191
49 2
49 3
49 6
49 13
49 16
49 21
49 28
49 39
49 43
49 48
49 60
49 65
49 114
49 123
49 131
49 138
49 140
49 148
49 154
49 156
49 166
49 177
49 184
49 188
49 198
49 199
50 12
50 13
50 16
50 22
50 23
50 29
50 30
50 33
50 39
50 45
50 53
50 55
50 57
50 60
50 70
50 74
50 75
50 86
50 88
50 95
50 98
50 103
50 110
50 118
50 122
50 123
50 124
50 127
50 128
50 130
50 136
50 144
50 146
50 162
50 176
50 181
50 187
50 193
51 3
51 10
51 12
51 14
51 15
51 16
51 17
51 22
51 30
51 35
51 36
51 37
51 38
51 39
51 40
51 41
51 50
51 51
51 53
51 54
51 60
51 63
51 68
51 76
51 85
51 105
51 109
51 117
51 120
51 121
51 124
51 125
51 141
51 150
51 155
51 163
51 167
51 173
51 178
51 190
51 195
51 200
52 4
52 9
52 15
52 18
52 19
52 20
52 21
52 22
52 23
52 24
52 25
52 27
52 37
52 47
52 50
52 53
52 58
52 62
52 66
52 74
52 77
52 80
52 83
52 90
52 91
52 96
52 113
52 121
52 124
52 128
52 133
52 145
52 149
52 151
52 154
52 156
52 162
52 163
52 170
52 173
52 179
52 199
53 9
53 12
53 13
53 22
53 37
53 43
53 52
53 55
53 60
53 64
53 76
53 79
53 93
53 94
53 98
53 104
53 106
53 108
53 109
53 117
53 122
53 124
53 134
53 135
53 138
53 139
53 143
53 156
53 158
53 166
53 171
53 172
53 175
53 178
53 187
53 189
53 191
53 194
54 2
54 3
54 6
54 28
54 32
54 33
54 38
54 46
54 50
54 59
54 66
54 71
54 73
54 80
54 90
54 95
54 104
54 106
54 119
54 129
54 131
54 132
54 135
54 136
54 137
54 141
54 146
54 147
54 149
54 156
54 157
54 158
54 161
54 164
54 167
54 174
54 177
54 187
54 193
54 194
55 5
55 6
55 8
55 12
55 18
55 19
55 21
55 22
55 30
55 38
55 39
55 41
55 44
55 46
55 53
55 57
55 59
55 64
55 66
55 75
55 81
55 83
55 84
55 87
55 106
55 111
55 112
55 114
55 116
55 120
55 123
55 129
55 136
55 139
55 142
55 145
55 146
55 148
55 153
55 161
55 162
55 173
55 174
55 175
55 177
55 179
55 182
55 186
55 187
55 189
55 190
55 193
55 198
56 1
56 2
56 4
56 10
56 11
56 21
56 22
56 24
56 30
56 33
56 34
56 40
56 47
56 52
56 67
56 70
56 75
56 80
56 86
56 89
56 90
56 92
56 94
56 95
56 107
56 108
56 120
56 128
56 129
56 131
56 137
56 142
56 145
56 146
56 151
56 158
56 161
56 175
56 181
56 184
56 185
56 186
56 188
56 190
56 191
56 196
57 3
57 4
57 5
57 12
57 13
57 14
57 21
57 31
57 32
57 33
57 34
57 37
57 48
57 50
57 52
57 56
57 59
57 60
57 66
57 70
57 80
57 81
57 86
57 88
57 94
57 100
57 102
57 106
57 109
57 113
57 118
57 125
57 126
57 135
57 143
57 150
57 157
57 161
57 173
57 174
57 178
57 179
57 184
58 4
58 6
58 22
58 26
58 30
58 35
58 39
58 45
58 48
58 49
58 52
58 58
58 63
58 67
58 77
58 81
58 82
58 84
58 86
58 87
58 90
58 99
58 105
58 109
58 118
58 121
58 137
58 138
58 141
58 143
58 148
58 150
58 156
58 161
58 163
58 164
58 166
58 174
58 177
58 178
58 179
58 181
58 182
58 186
59 6
59 8
59 9
59 11
59 12
59 15
59 22
59 23
59 25
59 29
59 31
59 36
59 38
59 39
59 41
59 43
59 49
59 52
59 58
59 61
59 66
59 73
59 74
59 81
59 82
59 83
59 88
59 89
59 97
59 99
59 100
59 104
59 110
59 123
59 133
59 141
59 147
59 150
59 154
59 159
59 166
59 168
59 172
59 178
59 183
59 184
59 186
59 187
59 189
59 190
59 199
60 9
60 13
60 14
60 20
60 26
60 28
60 30
60 37
60 47
60 49
60 53
60 54
60 59
60 61
60 69
60 70
60 75
60 83
60 89
60 96
60 104
60 109
60 118
60 126
60 131
60 135
60 139
60 140
60 147
60 154
60 156
60 168
60 177
60 184
60 189
60 190
60 191
61 3
61 4
61 7
61 27
61 35
61 38
61 39
61 41
61 42
61 48
61 60
61 63
61 70
61 83
61 90
61 106
61 107
61 110
61 112
61 119
61 126
61 127
61 131
61 140
61 148
61 150
61 155
61 164
61 169
61 173
61 175
61 177
61 178
61 185
61 188
61 198
62 4
62 5
62 6
62 12
62 13
62 17
62 20
62 21
62 28
62 29
62 30
62 31
62 48
62 50
62 51
62 55
62 57
62 59
62 121
62 124
62 143
62 147
62 148
62 152
62 158
62 163
62 168
62 170
62 174
62 178
62 187
62 193
62 196
63 5
63 13
63 16
63 20
63 21
63 23
63 27
63 30
63 34
63 35
63 37
63 44
63 47
63 49
63 70
63 71
63 75
63 77
63 78
63 85
63 96
63 97
63 99
63 108
63 113
63 116
63 120
63 127
63 151
63 152
63 153
63 155
63 157
63 164
63 168
63 169
63 178
63 185
63 187
63 191
64 2
64 3
64 6
64 9
64 12
64 16
64 20
64 37
64 41
64 45
64 48
64 65
64 69
64 74
64 84
64 90
64 94
64 95
64 107
64 108
64 116
64 133
64 145
64 155
64 162
64 169
64 171
64 174
64 175
64 180
64 183
64 184
64 185
65 4
65 6
65 10
65 11
65 25
65 26
65 33
65 37
65 39
65 40
65 43
65 49
65 55
65 70
65 72
65 74
65 75
65 78
65 87
65 96
65 100
65 101
65 104
65 105
65 112
65 115
65 124
65 136
65 138
65 142
65 147
65 148
65 149
65 151
65 153
65 161
65 183
65 184
65 188
65 200
66 9
66 24
66 25
66 40
66 43
66 46
66 47
66 53
66 59
66 64
66 65
66 80
66 93
66 95
66 104
66 105
66 109
66 117
66 129
66 136
66 153
66 157
66 159
66 160
66 163
66 165
66 172
66 182
66 183
66 186
66 193
66 194
66 200
67 2
67 6
67 11
67 15
67 22
67 25
67 28
67 29
67 34
67 36
67 41
67 44
67 45
67 48
67 49
67 50
67 55
67 59
67 64
67 66
67 88
67 94
67 107
67 111
67 119
67 122
67 125
67 129
67 130
67 135
67 137
67 144
67 145
67 149
67 151
67 155
67 168
67 172
67 182
67 184
67 193
67 199
68 3
68 4
68 13
68 16
68 27
68 32
68 45
68 56
68 61
68 62
68 65
68 66
68 71
68 78
68 80
68 86
68 93
68 94
68 101
68 107
68 108
68 112
68 116
68 118
68 120
68 122
68 123
68 128
68 133
68 134
68 136
68 137
68 139
68 145
68 149
68 152
68 167
68 175
68 176
68 188
68 190
69 1
69 2
69 3
69 6
69 11
69 21
69 27
69 37
69 48
69 49
69 52
69 80
69 85
69 92
69 95
69 96
69 98
69 99
69 101
69 104
69 108
69 112
69 114
69 116
69 123
69 134
69 139
69 140
69 145
69 147
69 154
69 161
69 163
69 167
69 169
69 178
69 185
69 191
69 198
70 2
70 6
70 9
70 22
70 32
70 40
70 41
70 43
70 50
70 59
70 79
70 81
70 83
70 93
70 95
70 97
70 99
70 100
70 107
70 118
70 129
70 137
70 142
70 150
70 158
70 159
70 161
70 170
70 172
70 176
70 185
70 189
70 196
71 4
71 6
71 7
71 22
71 28
71 35
71 44
71 48
71 50
71 52
71 57
71 60
71 72
71 75
71 78
71 89
71 91
71 92
71 105
71 107
71 114
71 116
71 119
71 120
71 126
71 134
71 143
71 149
71 150
71 156
71 158
71 171
71 175
71 176
71 186
71 189
71 192
72 21
72 22
72 36
72 38
72 48
72 52
72 57
72 59
72 69
72 73
72 76
72 79
72 83
72 92
72 95
72 99
72 102
72 105
72 120
72 123
72 128
72 129
72 131
72 132
72 134
72 135
72 144
72 157
72 159
72 163
72 167
72 175
72 182
72 184
72 198
73 9
73 17
73 27
73 31
73 32
73 44
73 54
73 57
73 75
73 82
73 86
73 98
73 100
73 101
73 105
73 108
73 111
73 112
73 121
73 125
73 148
73 150
73 162
73 163
73 170
73 172
73 178
73 180
73 181
73 184
73 185
73 193
73 200
74 4
74 5
74 8
74 9
74 14
74 16
74 20
74 25
74 27
74 30
74 31
74 40
74 41
74 42
74 43
74 52
74 58
74 60
74 64
74 66
74 70
74 71
74 74
74 82
74 91
74 97
74 104
74 105
74 108
74 109
74 112
74 114
74 116
74 117
74 122
74 123
74 125
74 126
74 129
74 134
74 136
74 138
74 143
74 146
74 147
74 158
74 162
74 169
74 183
74 187
74 195
74 200
75 6
75 7
75 8
75 15
75 16
75 22
75 23
75 34
75 35
75 37
75 48
75 51
75 52
75 63
75 64
75 71
75 77
75 80
75 87
75 90
75 98
75 99
75 100
75 103
75 105
75 107
75 110
75 114
75 117
75 124
75 127
75 130
75 131
75 132
75 135
75 143
75 154
75 157
75 160
75 161
75 168
75 169
75 176
75 177
75 178
75 184
75 188
75 194
76 2
76 6
76 19
76 20
76 23
76 24
76 30
76 45
76 46
76 50
76 51
76 53
76 55
76 57
76 58
76 61
76 62
76 69
76 73
76 78
76 79
76 93
76 100
76 101
76 117
76 119
76 127
76 131
76 146
76 148
76 151
76 153
76 161
76 167
76 170
76 175
76 179
76 180
76 183
76 186
77 13
77 16
77 19
77 32
77 33
77 37
77 39
77 47
77 57
77 60
77 68
77 72
77 73
77 78
77 85
77 87
77 88
77 91
77 109
77 111
77 113
77 124
77 125
77 126
77 134
77 137
77 148
77 150
77 157
77 162
77 163
77 171
77 177
77 182
77 186
77 188
77 196
78 6
78 11
78 13
78 19
78 20
78 28
78 31
78 34
78 36
78 45
78 47
78 50
78 55
78 57
78 76
78 88
78 89
78 98
78 99
78 109
78 112
78 115
78 127
78 129
78 130
78 133
78 143
78 151
78 154
78 155
78 167
78 178
78 200
79 1
79 4
79 6
79 11
79 14
79 16
79 22
79 23
79 24
79 25
79 26
79 29
79 36
79 40
79 42
79 44
79 48
79 50
79 52
79 56
79 60
79 67
79 68
79 73
79 79
79 87
79 110
79 127
79 133
79 143
79 150
79 153
79 156
79 157
79 161
79 170
79 172
79 184
79 188
79 191
79 194
79 197
80 3
80 4
80 18
80 24
80 25
80 26
80 32
80 36
80 47
80 49
80 50
80 52
80 66
80 70
80 79
80 80
80 83
80 97
80 98
80 100
80 102
80 103
80 104
80 106
80 108
80 110
80 111
80 120
80 122
80 123
80 124
80 133
80 138
80 142
80 145
80 151
80 154
80 161
80 167
80 168
80 174
80 191
80 192
81 1
81 3
81 14
81 22
81 23
81 31
81 36
81 40
81 53
81 58
81 63
81 64
81 65
81 77
81 78
81 98
81 103
81 108
81 111
81 115
81 119
81 120
81 124
81 125
81 129
81 131
81 137
81 149
81 150
81 152
81 167
81 170
81 173
81 174
81 175
81 176
81 183
81 187
81 191
82 1
82 9
82 11
82 17
82 19
82 22
82 23
82 28
82 30
82 31
82 33
82 35
82 36
82 44
82 45
82 50
82 54
82 55
82 63
82 69
82 70
82 71
82 72
82 84
82 86
82 88
82 90
82 91
82 93
82 97
82 98
82 101
82 102
82 107
82 109
82 123
82 124
82 129
82 139
82 153
82 158
82 163
82 164
82 191
82 196
83 6
83 8
83 9
83 10
83 13
83 20
83 21
83 23
83 27
83 29
83 33
83 41
83 45
83 46
83 59
83 64
83 65
83 73
83 82
83 83
83 85
83 97
83 101
83 102
83 104
83 111
83 114
83 115
83 117
83 119
83 138
83 139
83 149
83 152
83 160
83 165
83 175
83 187
83 190
83 191
83 197
83 198
84 1
84 6
84 7
84 11
84 13
84 15
84 17
84 19
84 20
84 29
84 36
84 42
84 46
84 53
84 55
84 58
84 62
84 63
84 71
84 81
84 84
84 87
84 107
84 121
84 129
84 142
84 144
84 145
84 158
84 160
84 164
84 165
84 167
84 172
84 173
84 175
84 181
84 182
84 183
84 186
84 192
84 194
84 197
85 5
85 8
85 9
85 13
85 22
85 30
85 34
85 35
85 54
85 57
85 64
85 75
85 90
85 94
85 102
85 108
85 113
85 116
85 132
85 133
85 136
85 143
85 146
85 152
85 155
85 162
85 166
85 180
85 186
85 189
85 190
85 192
86 6
86 14
86 16
86 19
86 22
86 29
86 37
86 42
86 44
86 47
86 51
86 55
86 59
86 60
86 62
86 66
86 68
86 73
86 74
86 76
86 80
86 81
86 83
86 85
86 91
86 94
86 102
86 103
86 110
86 113
86 117
86 127
86 131
86 145
86 151
86 156
86 168
86 175
86 176
86 177
86 181
86 182
86 183
86 185
86 189
86 193
86 194
86 198
86 200
87 8
87 25
87 26
87 37
87 44
87 47
87 48
87 49
87 56
87 60
87 63
87 71
87 77
87 81
87 88
87 94
87 98
87 108
87 113
87 124
87 130
87 142
87 144
87 145
87 166
87 168
87 173
87 175
87 177
87 181
87 182
87 190
87 194
87 196
88 11
88 12
88 13
88 16
88 22
88 24
88 25
88 27
88 38
88 46
88 49
88 56
88 60
88 62
88 64
88 70
88 72
88 83
88 84
88 98
88 102
88 116
88 118
88 130
88 137
88 144
88 145
88 153
88 154
88 174
88 179
88 193
88 197
88 199
89 2
89 15
89 22
89 26
89 27
89 35
89 37
89 41
89 42
89 52
89 56
89 58
89 64
89 66
89 67
89 78
89 81
89 88
89 93
89 101
89 102
89 105
89 113
89 115
89 116
89 121
89 124
89 140
89 141
89 144
89 147
89 158
89 160
89 166
89 174
89 193
89 197
89 199
90 1
90 4
90 7
90 12
90 17
90 19
90 24
90 28
90 39
90 45
90 64
90 71
90 77
90 80
90 82
90 86
90 89
90 99
90 112
90 116
90 122
90 124
90 133
90 137
90 139
90 146
90 148
90 151
90 155
90 172
90 174
90 176
90 178
90 179
90 186
90 187
90 188
91 5
91 8
91 20
91 26
91 39
91 41
91 47
91 59
91 68
91 71
91 72
91 77
91 78
91 81
91 93
91 99
91 106
91 107
91 111
91 115
91 117
91 122
91 127
91 128
91 134
91 147
91 149
91 150
91 152
91 153
91 155
91 159
91 166
91 177
91 178
91 181
91 182
91 183
91 186
91 195
91 200
92 1
92 14
92 20
92 28
92 29
92 30
92 33
92 38
92 47
92 48
92 53
92 76
92 77
92 78
92 80
92 81
92 92
92 104
92 105
92 107
92 111
92 115
92 125
92 128
92 135
92 139
92 140
92 143
92 145
92 151
92 156
92 171
92 174
92 182
92 185
93 2
93 5
93 10
93 11
93 12
93 17
93 23
93 28
93 31
93 34
93 35
93 36
93 39
93 45
93 52
93 56
93 57
93 63
93 64
93 67
93 69
93 70
93 75
93 81
93 86
93 92
93 99
93 104
93 105
93 118
93 119
93 123
93 124
93 126
93 132
93 133
93 138
93 140
93 141
93 142
93 146
93 148
93 159
93 160
93 162
93 168
93 169
93 170
93 178
93 187
93 188
93 189
93 194
93 199
94 2
94 3
94 6
94 7
94 8
94 14
94 19
94 29
94 31
94 35
94 38
94 44
94 47
94 57
94 59
94 65
94 75
94 77
94 78
94 85
94 88
94 90
94 94
94 96
94 106
94 107
94 112
94 113
94 121
94 139
94 141
94 145
94 157
94 168
94 174
94 176
94 189
95 2
95 7
95 9
95 10
95 11
95 25
95 29
95 33
95 41
95 46
95 47
95 50
95 53
95 65
95 66
95 69
95 72
95 87
95 89
95 101
95 103
95 106
95 123
95 135
95 136
95 139
95 141
95 150
95 151
95 154
95 159
95 163
95 170
95 174
95 177
95 192
95 197
96 1
96 6
96 10
96 20
96 33
96 35
96 36
96 38
96 40
96 42
96 49
96 52
96 62
96 71
96 85
96 95
96 97
96 99
96 101
96 107
96 121
96 122
96 125
96 140
96 154
96 172
96 194
96 195
96 200
97 1
97 13
97 25
97 28
97 32
97 37
97 41
97 42
97 43
97 46
97 56
97 58
97 59
97 64
97 70
97 74
97 77
97 80
97 83
97 86
97 93
97 100
97 101
97 102
97 103
97 108
97 110
97 112
97 127
97 128
97 132
97 135
97 136
97 143
97 145
97 148
97 154
97 157
97 159
97 161
97 162
97 168
97 169
97 176
97 181
97 190
97 194
97 197
98 3
98 10
98 19
98 27
98 28
98 33
98 36
98 39
98 40
98 48
98 54
98 55
98 61
98 63
98 66
98 84
98 95
98 102
98 103
98 105
98 106
98 107
98 110
98 115
98 116
98 117
98 124
98 129
98 135
98 138
98 143
98 155
98 156
98 165
98 167
98 168
98 181
98 182
98 183
98 188
98 190
98 194
98 200
99 17
99 63
99 66
99 71
99 73
99 75
99 79
99 80
99 98
99 103
99 107
99 111
99 116
99 119
99 124
99 134
99 145
99 147
99 148
99 150
99 154
99 160
99 167
99 170
99 176
99 186
99 187
100 1
100 3
100 4
100 7
100 8
100 13
100 21
100 28
100 29
100 33
100 34
100 36
100 38
100 39
100 49
100 57
100 58
100 62
100 67
100 68
100 69
100 72
100 74
100 80
100 81
100 83
100 84
100 85
100 86
100 91
100 93
100 95
100 102
100 103
100 104
100 111
100 115
100 123
100 131
100 135
100 136
100 146
100 147
100 151
100 156
100 161
100 162
100 163
100 165
100 169
100 175
100 180
100 183
100 185
100 189
100 193
101 9
101 10
101 15
101 25
101 31
101 40
101 50
101 54
101 55
101 57
101 72
101 79
101 96
101 100
101 107
101 113
101 119
101 120
101 122
101 124
101 136
101 138
101 141
101 144
101 146
101 149
101 159
101 163
101 170
101 178
101 179
101 187
101 194
101 196
101 198
102 9
102 12
102 15
102 20
102 21
102 46
102 48
102 50
102 52
102 54
102 56
102 62
102 66
102 69
102 71
102 79
102 81
102 87
102 88
102 91
102 92
102 93
102 95
102 96
102 98
102 102
102 105
102 110
102 116
102 117
102 127
102 130
102 132
102 140
102 142
102 149
102 163
102 169
102 187
102 188
102 193
102 196
102 197
102 199
103 1
103 3
103 6
103 14
103 22
103 25
103 31
103 35
103 37
103 38
103 51
103 58
103 63
103 64
103 70
103 72
103 73
103 79
103 87
103 89
103 90
103 106
103 116
103 119
103 120
103 123
103 128
103 131
103 133
103 139
103 143
103 144
103 146
103 150
103 151
103 153
103 164
103 176
103 178
103 181
103 183
103 191
103 194
104 8
104 18
104 23
104 35
104 40
104 43
104 47
104 48
104 51
104 57
104 59
104 65
104 67
104 75
104 79
104 85
104 98
104 99
104 107
104 117
104 119
104 127
104 133
104 135
104 144
104 147
104 149
104 153
104 156
104 179
104 185
104 194
105 8
105 10
105 12
105 15
105 21
105 27
105 36
105 42
105 43
105 46
105 50
105 55
105 61
105 67
105 73
105 78
105 94
105 95
105 101
105 108
105 109
105 127
105 128
105 141
105 142
105 161
105 174
105 178
105 187
105 192
105 194
105 200
106 8
106 13
106 27
106 31
106 34
106 41
106 42
106 44
106 52
106 53
106 54
106 57
106 60
106 64
106 66
106 70
106 71
106 74
106 75
106 81
106 85
106 92
106 94
106 95
106 97
106 99
106 101
106 103
106 104
106 106
106 109
106 110
106 114
106 125
106 126
106 129
106 131
106 134
106 135
106 137
106 141
106 150
106 153
106 155
106 166
106 177
106 183
106 185
107 8
107 9
107 10
107 11
107 12
107 15
107 20
107 22
107 26
107 37
107 39
107 42
107 49
107 58
107 59
107 61
107 73
107 79
107 82
107 84
107 92
107 95
107 96
107 99
107 106
107 114
107 118
107 121
107 123
107 124
107 133
107 137
107 148
107 165
107 169
107 170
107 187
107 191
107 195
107 198
108 2
108 3
108 15
108 17
108 25
108 28
108 31
108 34
108 37
108 38
108 39
108 40
108 45
108 48
108 50
108 53
108 55
108 60
108 63
108 67
108 68
108 73
108 74
108 96
108 98
108 105
108 111
108 116
108 130
108 131
108 137
108 140
108 148
108 153
108 155
108 159
108 166
108 171
108 178
108 179
108 182
108 185
108 190
109 17
109 21
109 32
109 37
109 39
109 44
109 45
109 46
109 49
109 75
109 81
109 85
109 86
109 87
109 90
109 94
109 100
109 101
109 106
109 113
109 122
109 126
109 147
109 148
109 156
109 158
109 161
109 168
109 172
109 175
109 182
109 185
109 186
109 189
109 197
110 1
110 4
110 6
110 7
110 11
110 17
110 21
110 22
110 27
110 30
110 31
110 47
110 51
110 57
110 59
110 61
110 62
110 64
110 65
110 69
110 80
110 87
110 91
110 106
110 112
110 118
110 127
110 129
110 131
110 133
110 137
110 138
110 139
110 144
110 146
110 154
110 158
110 164
110 173
110 175
110 187
110 190
110 193
110 195
110 198
110 199
111 4
111 8
111 12
111 13
111 14
111 16
111 28
111 30
111 41
111 48
111 51
111 54
111 56
111 70
111 71
111 74
111 80
111 92
111 93
111 95
111 115
111 121
111 122
111 124
111 125
111 126
111 140
111 148
111 150
111 165
111 166
111 167
111 169
111 174
111 178
111 179
111 180
111 199
112 2
112 4
112 13
112 35
112 42
112 45
112 46
112 49
112 54
112 67
112 69
112 73
112 75
112 77
112 79
112 81
112 84
112 97
112 106
112 107
112 109
112 116
112 117
112 118
112 120
112 125
112 128
112 137
112 138
112 145
112 153
112 170
112 173
112 176
112 181
112 182
112 185
112 187
112 193
112 194
112 199
112 200
113 5
113 11
113 13
113 15
113 18
113 25
113 29
113 43
113 45
113 57
113 62
113 65
113 69
113 70
113 75
113 78
113 84
113 91
113 111
113 116
113 130
113 136
113 138
113 148
113 150
113 152
113 158
113 162
113 164
113 166
113 170
113 174
113 176
113 180
113 183
113 188
113 189
113 191
113 194
113 196
113 197
114 1
114 3
114 5
114 12
114 13
114 18
114 22
114 33
114 34
114 35
114 48
114 62
114 74
114 90
114 94
114 96
114 106
114 113
114 119
114 125
114 130
114 134
114 137
114 139
114 143
114 147
114 157
114 160
114 171
114 180
114 187
114 197
114 199
115 4
115 12
115 18
115 22
115 23
115 26
115 28
115 31
115 37
115 42
115 43
115 49
115 51
115 53
115 55
115 58
115 60
115 65
115 70
115 71
115 73
115 86
115 89
115 90
115 91
115 95
115 96
115 99
115 103
115 107
115 117
115 118
115 120
115 121
115 128
115 129
115 131
115 140
115 142
115 148
115 153
115 160
115 161
115 166
115 171
115 172
115 188
115 196
115 197
115 200
116 3
116 10
116 15
116 26
116 27
116 30
116 35
116 37
116 41
116 45
116 51
116 54
116 56
116 61
116 62
116 63
116 90
116 105
116 109
116 111
116 113
116 114
116 121
116 140
116 141
116 143
116 144
116 146
116 151
116 161
116 163
116 166
116 169
116 185
116 196
116 197
117 1
117 5
117 7
117 11
117 17
117 19
117 21
117 22
117 23
117 28
117 29
117 32
117 35
117 39
117 42
117 46
117 47
117 51
117 52
117 63
117 73
117 77
117 78
117 79
117 82
117 84
117 89
117 92
117 96
117 109
117 113
117 114
117 124
117 129
117 130
117 137
117 138
117 140
117 143
117 150
117 152
117 164
117 174
117 177
117 196
118 5
118 9
118 14
118 19
118 20
118 30
118 36
118 37
118 50
118 51
118 59
118 60
118 61
118 67
118 68
118 69
118 73
118 77
118 80
118 83
118 86
118 88
118 93
118 95
118 96
118 98
118 99
118 103
118 107
118 130
118 137
118 139
118 146
118 156
118 162
118 170
118 188
118 191
118 195
118 196
118 200
119 1
119 4
119 7
119 9
119 10
119 13
119 23
119 32
119 33
119 45
119 46
119 49
119 50
119 52
119 55
119 63
119 64
119 66
119 68
119 74
119 82
119 84
119 86
119 88
119 94
119 98
119 99
119 103
119 107
119 109
119 110
119 113
119 114
119 117
119 120
119 123
119 127
119 130
119 133
119 136
119 139
119 141
119 148
119 149
119 153
119 155
119 162
119 171
119 173
119 178
119 184
119 191
119 193
119 196
119 199
120 1
120 5
120 8
120 20
120 24
120 32
120 35
120 40
120 41
120 43
120 45
120 49
120 50
120 51
120 56
120 58
120 60
120 63
120 64
120 67
120 74
120 76
120 92
120 96
120 99
120 101
120 107
120 109
120 111
120 114
120 116
120 122
120 128
120 130
120 153
120 154
120 157
120 177
120 178
120 180
120 185
120 200
121 6
121 10
121 13
121 17
121 27
121 51
121 61
121 67
121 72
121 75
121 82
121 83
121 93
121 95
121 98
121 100
121 103
121 106
121 109
121 125
121 128
121 133
121 136
121 138
121 139
121 144
121 154
121 155
121 158
121 165
121 171
121 174
121 181
121 193
121 194
121 199
121 200
122 10
122 13
122 16
122 19
122 28
122 29
122 31
122 34
122 42
122 43
122 44
122 46
122 50
122 54
122 58
122 61
122 68
122 69
122 70
122 74
122 82
122 87
122 91
122 92
122 97
122 104
122 105
122 110
122 111
122 118
122 125
122 136
122 143
122 145
122 146
122 151
122 157
122 159
122 167
122 170
122 178
122 188
122 190
122 191
122 196
122 198
122 200
123 1
123 3
123 5
123 7
123 15
123 23
123 26
123 36
123 39
123 40
123 41
123 54
123 78
123 93
123 101
123 104
123 111
123 114
123 128
123 133
123 143
123 147
123 150
123 151
123 152
123 158
123 161
123 165
123 169
123 172
123 174
123 175
123 186
123 195
124 2
124 3
124 9
124 12
124 18
124 25
124 26
124 29
124 32
124 33
124 38
124 40
124 47
124 55
124 61
124 72
124 73
124 81
124 82
124 94
124 96
124 98
124 110
124 112
124 123
124 124
124 140
124 141
124 156
124 174
124 185
124 190
125 14
125 16
125 24
125 26
125 30
125 31
125 53
125 59
125 60
125 61
125 62
125 63
125 65
125 70
125 77
125 86
125 90
125 91
125 93
125 95
125 97
125 102
125 104
125 134
125 135
125 144
125 145
125 153
125 159
125 161
125 165
125 170
125 173
125 175
125 179
125 188
125 189
125 197
126 4
126 12
126 14
126 17
126 18
126 21
126 28
126 31
126 39
126 42
126 49
126 51
126 65
126 66
126 68
126 69
126 71
126 72
126 81
126 84
126 88
126 89
126 91
126 94
126 99
126 106
126 107
126 112
126 116
126 118
126 126
126 130
126 134
126 146
126 149
126 153
126 159
126 163
126 169
126 170
126 172
126 175
126 191
126 199
126 200
127 9
127 10
127 20
127 23
127 34
127 35
127 50
127 57
127 58
127 62
127 77
127 82
127 90
127 95
127 103
127 105
127 121
127 123
127 124
127 131
127 143
127 148
127 157
127 161
127 163
127 167
127 169
127 185
128 2
128 16
128 21
128 26
128 30
128 31
128 35
128 36
128 42
128 48
128 49
128 51
128 59
128 67
128 75
128 79
128 83
128 88
128 95
128 97
128 109
128 110
128 111
128 113
128 120
128 131
128 132
128 134
128 138
128 142
128 145
128 149
128 150
128 151
128 159
128 168
128 178
128 183
128 184
128 189
128 197
129 2
129 6
129 14
129 20
129 24
129 27
129 29
129 31
129 32
129 34
129 43
129 44
129 51
129 54
129 66
129 69
129 74
129 80
129 89
129 90
129 106
129 117
129 119
129 123
129 129
129 131
129 152
129 157
129 158
129 170
129 174
129 181
129 183
129 189
129 191
129 197
129 198
130 11
130 15
130 20
130 34
130 38
130 41
130 42
130 47
130 50
130 63
130 66
130 67
130 68
130 70
130 80
130 81
130 85
130 88
130 89
130 96
130 101
130 103
130 107
130 108
130 116
130 120
130 133
130 134
130 143
130 149
130 157
130 166
130 168
130 176
130 180
130 183
130 186
130 189
130 191
130 196
130 197
130 200
131 7
131 14
131 17
131 36
131 37
131 40
131 42
131 55
131 66
131 70
131 72
131 87
131 90
131 101
131 102
131 106
131 107
131 110
131 115
131 124
131 126
131 132
131 139
131 142
131 146
131 155
131 157
131 173
131 177
131 186
131 188
132 9
132 11
132 12
132 21
132 27
132 35
132 38
132 47
132 52
132 53
132 62
132 78
132 82
132 86
132 88
132 94
132 98
132 105
132 110
132 126
132 135
132 136
132 143
132 145
132 147
132 156
132 163
132 165
132 171
132 179
132 190
133 6
133 12
133 15
133 18
133 28
133 33
133 34
133 44
133 68
133 93
133 94
133 105
133 109
133 111
133 112
133 113
133 121
133 129
133 133
133 142
133 152
133 153
133 158
133 159
133 162
133 167
133 169
133 183
133 185
133 188
133 195
133 198
133 199
133 200
134 10
134 12
134 16
134 18
134 35
134 36
134 52
134 55
134 71
134 73
134 75
134 77
134 110
134 113
134 119
134 121
134 123
134 130
134 132
134 143
134 150
134 152
134 153
134 157
134 158
134 162
134 168
134 169
134 171
134 182
134 185
134 186
134 192
135 22
135 23
135 24
135 26
135 37
135 39
135 48
135 56
135 60
135 65
135 69
135 73
135 75
135 83
135 86
135 87
135 99
135 101
135 102
135 103
135 117
135 121
135 124
135 127
135 133
135 135
135 139
135 141
135 149
135 163
135 164
135 165
135 173
135 176
135 184
135 186
135 193
135 197
135 200
136 2
136 9
136 16
136 19
136 20
136 22
136 23
136 27
136 28
136 40
136 41
136 42
136 43
136 48
136 54
136 56
136 63
136 64
136 80
136 85
136 96
136 97
136 102
136 105
136 119
136 125
136 127
136 134
136 141
136 148
136 149
136 151
136 153
136 154
136 162
136 179
136 183
136 187
136 199
137 5
137 6
137 7
137 13
137 17
137 18
137 24
137 31
137 35
137 43
137 44
137 58
137 59
137 63
137 65
137 73
137 91
137 103
137 105
137 106
137 121
137 122
137 134
137 156
137 167
137 180
137 189
137 194
137 198
138 4
138 9
138 11
138 14
138 19
138 24
138 25
138 31
138 32
138 34
138 38
138 50
138 53
138 61
138 67
138 69
138 74
138 80
138 81
138 82
138 85
138 89
138 90
138 100
138 106
138 110
138 113
138 121
138 133
138 138
138 143
138 144
138 145
138 147
138 165
138 167
138 172
138 185
138 193
138 195
139 11
139 15
139 20
139 21
139 22
139 33
139 41
139 63
139 66
139 68
139 77
139 80
139 86
139 93
139 99
139 109
139 111
139 112
139 117
139 118
139 124
139 126
139 129
139 134
139 140
139 144
139 150
139 151
139 152
139 166
139 174
139 178
139 180
139 190
139 197
139 198
140 6
140 13
140 16
140 18
140 26
140 46
140 56
140 57
140 69
140 71
140 74
140 82
140 90
140 96
140 102
140 108
140 124
140 127
140 131
140 137
140 140
140 145
140 151
140 157
140 164
140 171
140 177
140 180
140 190
141 7
141 10
141 11
141 14
141 15
141 24
141 37
141 39
141 46
141 50
141 53
141 64
141 65
141 69
141 70
141 71
141 78
141 90
141 92
141 94
141 96
141 112
141 121
141 126
141 128
141 131
141 140
141 141
141 146
141 147
141 155
141 161
141 172
141 199
141 200
142 5
142 18
142 22
142 41
142 51
142 53
142 56
142 60
142 65
142 75
142 77
142 87
142 90
142 100
142 102
142 107
142 108
142 120
142 123
142 126
142 128
142 131
142 137
142 139
142 144
142 149
142 150
142 152
142 153
142 162
142 163
142 166
142 171
142 176
142 187
142 189
142 195
142 196
143 1
143 9
143 12
143 16
143 19
143 22
143 23
143 24
143 34
143 35
143 38
143 41
143 58
143 68
143 76
143 93
143 101
143 111
143 113
143 121
143 122
143 130
143 135
143 145
143 150
143 155
143 156
143 157
143 161
143 162
143 163
143 168
143 170
143 172
143 174
143 176
143 188
144 3
144 7
144 9
144 10
144 11
144 18
144 19
144 27
144 35
144 36
144 46
144 48
144 49
144 51
144 60
144 62
144 63
144 72
144 77
144 87
144 93
144 94
144 96
144 97
144 98
144 101
144 104
144 107
144 110
144 118
144 121
144 127
144 134
144 150
144 151
144 155
144 157
144 158
144 165
144 170
144 185
144 190
144 191
145 9
145 10
145 19
145 20
145 21
145 32
145 39
145 48
145 49
145 62
145 66
145 67
145 71
145 75
145 82
145 87
145 89
145 92
145 95
145 97
145 98
145 99
145 103
145 104
145 105
145 112
145 115
145 116
145 124
145 127
145 128
145 132
145 135
145 138
145 140
145 142
145 145
145 150
145 153
145 155
145 157
145 166
145 169
145 174
145 177
145 182
145 184
145 187
145 197
145 198
146 2
146 11
146 33
146 34
146 37
146 40
146 42
146 43
146 54
146 58
146 59
146 69
146 74
146 75
146 82
146 91
146 93
146 96
146 97
146 99
146 101
146 102
146 106
146 109
146 110
146 123
146 129
146 137
146 145
146 148
146 156
146 157
146 159
146 172
146 174
146 177
146 182
146 184
146 185
146 186
146 191
146 193
146 197
147 1
147 10
147 15
147 16
147 17
147 21
147 38
147 56
147 57
147 59
147 61
147 66
147 75
147 82
147 88
147 95
147 96
147 99
147 107
147 111
147 112
147 113
147 116
147 118
147 120
147 123
147 124
147 136
147 138
147 143
147 144
147 145
147 147
147 152
147 161
147 166
147 167
147 168
147 171
147 172
147 175
147 186
147 198
147 199
148 14
148 17
148 21
148 22
148 24
148 31
148 33
148 41
148 46
148 50
148 55
148 57
148 58
148 59
148 60
148 63
148 72
148 80
148 81
148 95
148 96
148 98
148 101
148 105
148 113
148 122
148 127
148 131
148 140
148 150
148 151
148 152
148 154
148 159
148 173
148 174
148 182
148 193
148 195
148 198
149 8
149 23
149 33
149 36
149 37
149 51
149 55
149 60
149 65
149 68
149 71
149 72
149 74
149 76
149 80
149 83
149 90
149 91
149 109
149 111
149 114
149 121
149 123
149 125
149 129
149 133
149 139
149 140
149 157
149 160
149 161
149 168
149 171
149 195
150 3
150 10
150 11
150 13
150 15
150 24
150 25
150 26
150 27
150 33
150 39
150 40
150 42
150 49
150 51
150 58
150 69
150 75
150 82
150 83
150 88
150 91
150 92
150 99
150 102
150 108
150 113
150 115
150 119
150 130
150 132
150 140
150 153
150 155
150 160
150 166
150 168
150 175
150 177
150 179
150 180
150 183
150 186
150 191
150 197
151 7
151 12
151 14
151 15
151 19
151 29
151 35
151 36
151 37
151 41
151 50
151 54
151 65
151 67
151 88
151 94
151 109
151 114
151 115
151 127
151 132
151 134
151 140
151 150
151 153
151 155
151 160
151 162
151 175
151 183
151 184
151 191
151 200
152 2
152 3
152 8
152 14
152 17
152 21
152 23
152 35
152 46
152 52
152 60
152 64
152 71
152 73
152 74
152 75
152 80
152 81
152 86
152 87
152 89
152 90
152 92
152 98
152 100
152 104
152 105
152 117
152 120
152 123
152 124
152 127
152 128
152 136
152 138
152 139
152 145
152 147
152 148
152 160
152 163
152 164
152 174
152 177
152 178
152 182
152 188
152 189
152 192
152 197
153 3
153 11
153 13
153 19
153 26
153 31
153 39
153 44
153 45
153 49
153 60
153 63
153 64
153 77
153 79
153 82
153 107
153 114
153 120
153 122
153 127
153 134
153 135
153 143
153 146
153 147
153 151
153 161
153 164
153 172
153 175
153 177
153 178
153 179
153 192
153 194
153 198
154 4
154 15
154 17
154 18
154 23
154 29
154 30
154 31
154 35
154 38
154 42
154 44
154 45
154 48
154 53
154 73
154 77
154 78
154 84
154 88
154 92
154 98
154 110
154 111
154 112
154 114
154 115
154 120
154 122
154 127
154 131
154 139
154 143
154 147
154 157
154 159
154 161
154 165
154 167
154 168
154 172
154 175
154 179
154 188
154 189
154 190
154 192
154 196
154 199
154 200
155 2
155 4
155 30
155 33
155 42
155 46
155 52
155 59
155 60
155 68
155 73
155 74
155 75
155 77
155 78
155 82
155 85
155 89
155 96
155 101
155 107
155 121
155 130
155 142
155 143
155 153
155 161
155 168
155 174
155 191
155 192
155 193
155 194
155 197
155 198
155 200
156 1
156 3
156 8
156 9
156 14
156 15
156 18
156 19
156 22
156 30
156 36
156 39
156 43
156 48
156 52
156 56
156 61
156 88
156 99
156 104
156 105
156 106
156 107
156 108
156 110
156 113
156 114
156 117
156 119
156 120
156 129
156 133
156 140
156 143
156 146
156 152
156 154
156 162
156 163
156 165
156 167
156 168
156 170
156 187
156 194
157 6
157 7
157 15
157 19
157 20
157 25
157 29
157 30
157 31
157 35
157 50
157 66
157 73
157 77
157 78
157 81
157 89
157 92
157 96
157 98
157 103
157 107
157 111
157 116
157 117
157 124
157 130
157 134
157 157
157 168
157 173
157 177
157 179
157 180
157 189
157 196
158 2
158 11
158 13
158 15
158 18
158 19
158 23
158 28
158 29
158 39
158 44
158 51
158 58
158 63
158 67
158 73
158 81
158 86
158 96
158 98
158 100
158 102
158 104
158 105
158 114
158 115
158 123
158 130
158 136
158 137
158 142
158 145
158 157
158 161
158 167
158 169
158 176
158 183
158 189
158 190
158 192
158 196
159 4
159 7
159 8
159 13
159 17
159 29
159 39
159 50
159 51
159 53
159 65
159 69
159 70
159 72
159 80
159 82
159 84
159 90
159 92
159 94
159 102
159 107
159 116
159 117
159 132
159 133
159 134
159 136
159 143
159 145
159 149
159 153
159 162
159 163
159 165
159 172
159 174
159 176
159 179
159 181
159 182
159 191
159 194
159 200
160 5
160 7
160 9
160 11
160 12
160 13
160 17
160 18
160 20
160 23
160 27
160 31
160 33
160 37
160 41
160 44
160 49
160 54
160 68
160 70
160 83
160 85
160 91
160 99
160 109
160 118
160 130
160 144
160 157
160 165
160 166
160 170
160 172
160 184
160 185
160 190
160 196
161 5
161 12
161 18
161 23
161 25
161 28
161 29
161 30
161 41
161 43
161 52
161 53
161 54
161 67
161 68
161 70
161 72
161 73
161 75
161 78
161 79
161 88
161 104
161 121
161 132
161 133
161 137
161 138
161 143
161 145
161 151
161 154
161 157
161 162
161 163
161 164
161 165
161 167
161 170
161 172
161 177
161 187
161 190
161 193
161 195
162 5
162 6
162 9
162 19
162 24
162 29
162 30
162 33
162 41
162 43
162 56
162 57
162 58
162 62
162 71
162 74
162 76
162 77
162 87
162 90
162 92
162 97
162 99
162 107
162 118
162 120
162 123
162 125
162 126
162 130
162 134
162 142
162 147
162 154
162 156
162 159
162 161
162 169
162 171
162 173
162 178
162 180
162 187
162 188
162 191
162 192
162 194
162 195
163 3
163 6
163 28
163 35
163 41
163 46
163 49
163 54
163 58
163 60
163 65
163 68
163 74
163 76
163 82
163 83
163 84
163 89
163 98
163 106
163 118
163 121
163 124
163 125
163 143
163 149
163 150
163 151
163 154
163 157
163 158
163 160
163 163
163 168
163 170
163 181
163 183
163 187
163 194
163 200
164 2
164 5
164 7
164 17
164 20
164 29
164 31
164 37
164 46
164 47
164 49
164 50
164 53
164 54
164 59
164 61
164 79
164 90
164 100
164 101
164 102
164 103
164 105
164 106
164 112
164 114
164 118
164 122
164 129
164 135
164 139
164 146
164 148
164 152
164 153
164 159
164 167
164 169
164 171
164 181
164 190
164 200
165 4
165 6
165 9
165 33
165 39
165 43
165 46
165 53
165 96
165 102
165 108
165 109
165 112
165 113
165 114
165 116
165 124
165 128
165 134
165 138
165 148
165 153
165 155
165 161
165 164
165 174
165 182
165 190
166 2
166 3
166 8
166 18
166 19
166 27
166 37
166 56
166 57
166 64
166 66
166 69
166 72
166 90
166 91
166 94
166 98
166 105
166 110
166 117
166 120
166 124
166 143
166 149
166 157
166 165
166 167
166 169
166 172
166 175
166 177
166 178
166 179
166 186
166 193
167 5
167 10
167 14
167 45
167 47
167 50
167 53
167 55
167 56
167 65
167 67
167 75
167 109
167 112
167 131
167 139
167 147
167 148
167 167
167 171
167 175
167 182
167 183
167 186
167 187
168 15
168 31
168 32
168 34
168 36
168 40
168 41
168 43
168 45
168 46
168 49
168 51
168 65
168 69
168 71
168 74
168 79
168 80
168 93
168 96
168 106
168 130
168 134
168 135
168 136
168 140
168 141
168 143
168 149
168 151
168 159
168 164
168 171
168 175
168 177
168 187
168 192
168 193
168 198
169 3
169 4
169 7
169 13
169 22
169 30
169 38
169 42
169 47
169 55
169 56
169 60
169 66
169 73
169 76
169 78
169 81
169 87
169 94
169 98
169 105
169 111
169 122
169 123
169 130
169 133
169 144
169 145
169 147
169 159
169 160
169 165
169 166
169 173
169 179
169 180
169 188
169 191
169 194
169 195
170 2
170 9
170 10
170 20
170 34
170 35
170 48
170 55
170 61
170 76
170 80
170 85
170 86
170 97
170 98
170 103
170 106
170 112
170 113
170 116
170 120
170 128
170 130
170 140
170 147
170 148
170 152
170 153
170 167
170 171
170 174
170 176
170 177
170 181
170 186
170 191
170 192
170 193
170 198
171 5
171 6
171 10
171 20
171 24
171 28
171 30
171 50
171 61
171 67
171 75
171 79
171 82
171 83
171 84
171 86
171 88
171 90
171 92
171 94
171 102
171 104
171 110
171 112
171 118
171 124
171 130
171 131
171 136
171 137
171 144
171 155
171 158
171 163
171 164
171 179
171 184
171 187
171 193
171 199
171 200
172 5
172 14
172 18
172 21
172 24
172 25
172 33
172 43
172 54
172 56
172 77
172 78
172 86
172 87
172 88
172 96
172 108
172 109
172 111
172 113
172 118
172 125
172 128
172 129
172 131
172 141
172 142
172 151
172 155
172 156
172 159
172 160
172 163
172 166
172 176
172 195
172 197
172 199
172 200
173 4
173 10
173 15
173 18
173 23
173 29
173 44
173 50
173 56
173 62
173 71
173 73
173 75
173 78
173 84
173 85
173 87
173 89
173 97
173 102
173 103
173 108
173 110
173 124
173 125
173 127
173 128
173 132
173 143
173 152
173 154
173 159
173 164
173 169
173 172
173 178
173 180
173 181
173 193
173 195
174 2
174 8
174 11
174 14
174 19
174 41
174 42
174 46
174 47
174 48
174 49
174 57
174 60
174 62
174 65
174 78
174 85
174 99
174 106
174 107
174 108
174 115
174 118
174 123
174 128
174 142
174 145
174 147
174 152
174 154
174 156
174 160
174 168
174 176
174 199
175 6
175 7
175 8
175 12
175 15
175 21
175 23
175 27
175 28
175 31
175 34
175 40
175 42
175 48
175 49
175 56
175 66
175 69
175 72
175 76
175 95
175 97
175 102
175 116
175 117
175 123
175 149
175 158
175 160
175 168
175 169
175 170
175 171
175 177
175 188
175 189
175 190
176 1
176 8
176 12
176 15
176 16
176 17
176 19
176 26
176 28
176 31
176 33
176 39
176 40
176 43
176 51
176 55
176 62
176 63
176 69
176 72
176 73
176 77
176 82
176 85
176 91
176 92
176 112
176 113
176 114
176 118
176 119
176 123
176 124
176 125
176 129
176 138
176 140
176 141
176 149
176 150
176 159
176 160
176 166
176 171
176 173
176 177
176 180
176 181
176 182
176 183
176 193
176 200
177 5
177 8
177 19
177 21
177 22
177 30
177 39
177 43
177 44
177 52
177 65
177 67
177 69
177 75
177 84
177 85
177 93
177 96
177 100
177 104
177 106
177 108
177 117
177 122
177 123
177 127
177 128
177 133
177 135
177 137
177 140
177 143
177 148
177 149
177 150
177 152
177 153
177 158
177 160
177 161
177 164
177 165
177 167
177 171
177 172
177 173
177 179
177 180
177 181
177 184
177 189
177 190
177 196
178 12
178 14
178 16
178 25
178 27
178 29
178 32
178 35
178 39
178 47
178 49
178 51
178 59
178 69
178 72
178 77
178 82
178 84
178 85
178 86
178 90
178 99
178 106
178 115
178 126
178 139
178 145
178 154
178 156
178 160
178 162
178 177
178 191
179 3
179 4
179 5
179 7
179 8
179 9
179 27
179 30
179 31
179 32
179 48
179 57
179 62
179 64
179 66
179 72
179 73
179 79
179 84
179 92
179 98
179 109
179 117
179 118
179 129
179 146
179 148
179 151
179 155
179 160
179 163
179 174
179 180
179 185
179 188
179 190
179 196
180 2
180 3
180 5
180 7
180 9
180 27
180 34
180 36
180 38
180 43
180 44
180 55
180 56
180 62
180 72
180 73
180 74
180 82
180 83
180 94
180 99
180 103
180 108
180 112
180 117
180 119
180 126
180 136
180 137
180 140
180 142
180 149
180 153
180 154
180 157
180 158
180 164
180 166
180 171
180 176
180 183
180 186
180 189
180 192
180 195
180 197
181 5
181 14
181 20
181 22
181 23
181 28
181 31
181 36
181 41
181 43
181 46
181 50
181 53
181 55
181 60
181 62
181 66
181 67
181 69
181 73
181 78
181 85
181 91
181 95
181 109
181 110
181 113
181 115
181 116
181 119
181 120
181 123
181 126
181 127
181 134
181 135
181 139
181 141
181 149
181 171
181 175
181 180
181 181
181 182
181 197
182 1
182 4
182 5
182 15
182 19
182 27
182 29
182 39
182 40
182 41
182 42
182 44
182 49
182 57
182 68
182 76
182 85
182 91
182 103
182 104
182 105
182 113
182 115
182 117
182 120
182 122
182 124
182 125
182 131
182 138
182 139
182 146
182 150
182 156
182 170
182 176
182 187
182 194
183 5
183 6
183 11
183 22
183 27
183 30
183 31
183 36
183 39
183 48
183 61
183 63
183 66
183 71
183 74
183 79
183 81
183 91
183 97
183 98
183 99
183 106
183 108
183 119
183 142
183 143
183 145
183 149
183 151
183 152
183 166
183 170
183 171
183 172
183 179
183 183
183 193
183 195
183 198
183 199
184 1
184 4
184 16
184 23
184 26
184 32
184 34
184 36
184 41
184 44
184 53
184 72
184 78
184 80
184 83
184 88
184 99
184 107
184 108
184 111
184 112
184 114
184 118
184 132
184 133
184 138
184 140
184 156
184 158
184 169
184 171
184 178
184 179
184 182
184 184
184 186
184 193
184 196
185 3
185 4
185 7
185 8
185 20
185 26
185 29
185 31
185 33
185 35
185 38
185 47
185 48
185 51
185 55
185 56
185 59
185 64
185 66
185 71
185 85
185 90
185 91
185 96
185 107
185 108
185 119
185 120
185 136
185 139
185 152
185 162
185 163
185 165
185 167
185 175
185 183
185 185
185 191
185 198
185 199
185 200
186 4
186 11
186 14
186 19
186 20
186 21
186 24
186 25
186 37
186 48
186 64
186 67
186 69
186 71
186 74
186 78
186 89
186 91
186 108
186 116
186 118
186 131
186 132
186 133
186 135
186 139
186 143
186 145
186 146
186 151
186 160
186 170
186 172
186 178
186 181
186 194
186 195
187 2
187 13
187 22
187 24
187 27
187 37
187 42
187 44
187 56
187 58
187 59
187 61
187 72
187 77
187 78
187 81
187 84
187 90
187 96
187 100
187 112
187 118
187 121
187 129
187 132
187 133
187 134
187 136
187 139
187 142
187 146
187 147
187 152
187 154
187 162
187 167
187 169
187 176
187 177
187 183
187 188
187 198
188 3
188 5
188 15
188 16
188 17
188 18
188 21
188 22
188 24
188 29
188 43
188 44
188 45
188 51
188 57
188 58
188 70
188 78
188 85
188 87
188 88
188 89
188 96
188 100
188 106
188 119
188 120
188 123
188 129
188 130
188 134
188 146
188 150
188 154
188 160
188 162
188 165
188 167
188 169
188 173
188 174
188 175
188 178
188 187
188 188
188 192
188 193
188 196
188 200
189 6
189 7
189 14
189 30
189 40
189 47
189 51
189 55
189 61
189 64
189 65
189 69
189 70
189 73
189 76
189 77
189 82
189 88
189 90
189 94
189 97
189 99
189 127
189 128
189 129
189 134
189 138
189 139
189 141
189 142
189 144
189 169
189 171
189 172
189 174
189 176
189 180
189 194
189 195
189 198
189 199
190 2
190 5
190 6
190 10
190 12
190 17
190 21
190 22
190 26
190 29
190 32
190 34
190 36
190 41
190 46
190 52
190 69
190 72
190 77
190 82
190 85
190 88
190 90
190 94
190 101
190 102
190 105
190 107
190 110
190 114
190 127
190 137
190 145
190 148
190 151
190 156
190 157
190 158
190 161
190 162
190 172
190 188
190 191
190 199
191 2
191 3
191 6
191 9
191 11
191 13
191 14
191 17
191 20
191 21
191 27
191 29
191 32
191 40
191 44
191 55
191 58
191 69
191 76
191 78
191 80
191 82
191 93
191 95
191 96
191 101
191 108
191 120
191 121
191 123
191 127
191 137
191 139
191 142
191 143
191 159
191 162
191 168
191 170
191 172
191 180
191 181
191 188
191 194
191 195
192 3
192 5
192 6
192 13
192 17
192 22
192 23
192 29
192 32
192 39
192 51
192 53
192 55
192 68
192 70
192 76
192 83
192 98
192 104
192 106
192 111
192 113
192 117
192 118
192 122
192 126
192 127
192 128
192 130
192 131
192 136
192 143
192 148
192 161
192 162
192 171
192 173
192 174
192 182
192 183
192 187
192 190
192 198
193 3
193 19
193 20
193 24
193 38
193 46
193 53
193 62
193 71
193 72
193 77
193 81
193 92
193 96
193 97
193 98
193 104
193 109
193 114
193 119
193 122
193 126
193 129
193 139
193 140
193 141
193 144
193 145
193 153
193 162
193 163
193 175
193 182
193 184
193 189
193 190
193 198
194 1
194 2
194 10
194 16
194 26
194 27
194 31
194 34
194 37
194 41
194 42
194 55
194 59
194 70
194 71
194 82
194 85
194 93
194 97
194 104
194 105
194 106
194 115
194 118
194 119
194 127
194 131
194 132
194 137
194 141
194 143
194 150
194 159
194 166
194 167
194 169
194 174
194 176
194 183
194 186
194 196
195 4
195 6
195 9
195 12
195 14
195 17
195 19
195 20
195 23
195 24
195 25
195 26
195 49
195 50
195 62
195 65
195 68
195 80
195 81
195 86
195 88
195 89
195 95
195 109
195 110
195 112
195 118
195 120
195 126
195 130
195 133
195 136
195 137
195 142
195 144
195 146
195 148
195 151
195 159
195 162
195 179
195 183
195 194
196 5
196 8
196 9
196 14
196 18
196 25
196 29
196 34
196 39
196 41
196 44
196 46
196 47
196 48
196 54
196 55
196 64
196 69
196 78
196 88
196 89
196 91
196 93
196 95
196 98
196 112
196 115
196 123
196 126
196 150
196 155
196 162
196 165
196 176
196 180
196 184
196 187
196 188
196 191
196 192
196 194
196 198
197 16
197 27
197 33
197 37
197 40
197 41
197 47
197 55
197 56
197 58
197 64
197 66
197 77
197 82
197 85
197 91
197 100
197 101
197 120
197 127
197 132
197 141
197 146
197 150
197 151
197 155
197 157
197 166
197 170
197 172
197 174
197 178
197 183
197 192
197 197
198 8
198 12
198 19
198 20
198 21
198 23
198 44
198 45
198 54
198 55
198 58
198 61
198 64
198 70
198 75
198 76
198 77
198 85
198 87
198 92
198 93
198 94
198 98
198 103
198 111
198 118
198 120
198 121
198 128
198 132
198 133
198 138
198 153
198 155
198 157
198 166
198 168
198 170
198 172
198 176
198 180
198 183
198 187
198 189
198 199
199 34
199 35
199 39
199 43
199 45
199 51
199 53
199 54
199 58
199 60
199 62
199 65
199 92
199 94
199 95
199 96
199 102
199 107
199 110
199 133
199 135
199 143
199 144
199 146
199 158
199 166
199 177
199 179
199 186
199 187
199 194
199 198
200 5
200 8
200 25
200 32
200 37
200 40
200 45
200 49
200 51
200 56
200 65
200 78
200 79
200 89
200 99
200 108
200 112
200 115
200 117
200 118
200 121
200 122
200 130
200 134
200 135
200 139
200 142
200 149
200 158
200 167
200 172
200 174
200 183
200 185
200 188
200 190
