50
122
1 34
3 14
3 48
4 4
4 16
4 31
4 43
5 26
5 45
6 18
6 28
6 29
7 2
7 15
8 29
8 45
8 47
10 6
10 19
10 20
10 50
11 9
11 24
11 33
12 37
13 43
13 50
14 1
14 24
14 40
15 27
15 36
15 48
16 5
16 36
16 46
17 4
17 18
17 33
17 41
18 11
18 23
18 28
19 3
19 20
19 33
19 42
20 19
20 35
20 39
21 1
21 22
22 2
22 19
23 5
23 12
23 35
23 38
23 41
23 50
24 25
24 32
25 23
25 33
26 1
26 6
26 40
28 11
28 18
28 29
28 35
28 38
28 45
30 29
30 37
30 44
30 45
31 23
31 25
31 28
32 2
32 10
32 41
33 13
33 26
33 31
33 42
34 6
34 37
35 10
35 29
35 34
36 30
37 6
37 50
38 9
38 33
39 37
40 21
41 22
41 27
42 17
43 17
43 40
44 4
45 42
46 1
46 27
46 45
47 41
48 3
48 8
48 17
48 19
48 34
49 33
49 36
50 9
50 19
50 35
50 41
50 47
