100
501
1 11
1 56
1 68
1 83
2 2
2 15
3 1
3 4
3 5
3 16
3 41
3 66
3 67
3 71
3 91
4 2
4 3
4 11
4 20
4 24
4 35
4 45
4 89
5 39
5 56
5 60
5 66
5 86
6 3
6 5
6 13
6 59
6 79
6 92
7 17
7 56
7 72
7 86
8 19
8 71
8 97
9 40
9 58
9 66
10 8
10 17
10 32
10 47
10 69
11 25
11 38
11 77
12 14
12 18
12 30
12 35
12 43
12 45
12 70
12 79
12 88
13 19
13 28
13 46
13 92
14 5
14 6
14 22
14 45
14 57
15 53
16 7
16 33
16 45
16 64
16 96
17 30
17 38
17 48
17 51
17 53
17 88
17 90
17 92
18 11
18 42
18 81
18 96
19 16
19 27
19 37
19 62
19 71
19 80
19 83
19 89
20 41
20 60
20 62
20 74
21 10
21 47
21 48
21 94
21 97
22 5
22 11
22 15
22 25
22 64
23 1
23 55
23 74
23 76
23 89
23 96
24 13
24 52
24 91
25 13
25 55
25 66
26 7
26 10
26 12
26 76
27 21
27 27
27 30
27 48
27 55
27 74
27 97
28 11
28 20
28 58
29 15
29 18
29 20
29 87
29 90
30 7
30 9
30 28
30 70
30 72
30 76
30 77
30 95
30 96
31 3
31 9
31 34
31 48
31 57
31 71
32 18
32 68
32 74
32 87
32 89
33 12
33 17
33 19
33 50
33 56
33 63
33 64
33 93
34 34
34 35
34 37
34 46
34 51
35 9
35 14
35 65
35 85
35 89
36 44
36 64
36 66
36 84
36 97
37 21
37 27
37 48
37 68
37 100
38 12
38 22
38 32
38 40
38 63
38 85
39 36
39 56
39 66
39 76
39 77
40 30
40 44
40 69
41 40
41 42
41 53
41 67
41 71
41 79
41 81
41 86
42 1
42 12
42 35
42 63
42 67
42 70
42 86
42 98
43 17
43 21
43 22
43 84
43 86
44 7
44 14
44 25
44 32
44 33
44 49
44 83
44 87
44 93
45 34
45 78
45 86
45 87
45 100
46 78
46 81
47 9
47 24
47 25
47 39
47 44
47 56
47 71
48 4
48 10
48 38
48 39
48 41
48 43
48 48
48 76
48 93
48 96
49 25
49 34
49 69
49 83
50 41
50 53
50 71
51 33
51 35
51 70
52 8
53 5
53 21
53 38
53 43
53 47
53 55
53 82
54 5
54 10
55 15
55 52
55 83
55 100
56 26
56 34
56 40
56 97
57 2
57 49
57 84
58 23
58 34
58 48
58 65
58 97
59 24
59 33
59 36
59 55
59 59
60 9
60 13
60 74
60 80
60 84
60 92
60 98
61 1
61 17
61 28
61 29
61 45
61 69
61 92
61 94
61 97
62 10
62 49
62 53
62 71
62 74
62 79
63 12
63 14
63 17
63 32
63 37
63 44
63 48
63 64
63 68
63 76
63 88
64 3
64 41
64 49
64 83
65 11
65 28
65 48
66 13
66 23
66 33
66 50
66 60
67 22
67 42
67 45
68 32
68 58
68 67
69 14
69 44
69 51
69 58
70 30
70 41
70 75
70 79
71 14
71 78
71 88
71 100
72 41
72 58
73 10
73 56
73 60
73 67
73 73
73 86
73 100
74 38
74 42
74 68
74 75
74 90
74 97
75 31
75 66
76 5
76 34
76 92
76 95
76 96
77 47
77 97
78 5
78 11
78 21
78 46
78 77
78 84
79 67
79 69
79 72
80 12
80 24
80 25
80 29
80 90
80 92
81 12
81 47
81 52
81 53
82 9
82 14
82 29
82 40
82 63
82 70
82 77
82 93
83 6
83 40
83 43
83 48
83 75
83 81
83 96
84 41
84 51
84 56
84 87
84 97
85 14
85 69
86 19
86 24
86 73
86 98
87 18
87 53
87 77
87 89
88 3
88 16
88 39
88 56
88 71
89 14
89 31
89 48
89 57
89 64
89 93
90 29
90 89
90 97
90 99
91 22
91 39
91 56
91 66
91 71
91 86
91 96
91 100
92 31
92 74
92 82
92 96
93 41
93 57
93 75
93 89
93 94
93 96
94 35
94 40
94 48
94 62
94 67
95 4
95 8
95 18
95 97
95 100
96 6
96 57
96 86
96 91
96 98
97 21
97 26
97 58
97 60
97 89
98 11
98 30
98 59
98 72
98 79
99 3
99 24
99 29
99 63
99 73
100 6
100 32
100 75
100 95
