400
8139
1 21
1 82
1 94
1 140
1 197
1 201
1 203
1 265
1 281
1 314
1 323
1 325
1 392
2 9
2 24
2 40
2 42
2 43
2 76
2 162
2 186
2 195
2 200
2 215
2 224
2 268
2 309
2 312
2 339
2 349
2 378
2 381
2 399
3 10
3 14
3 40
3 47
3 54
3 73
3 75
3 98
3 110
3 123
3 138
3 145
3 171
3 172
3 185
3 214
3 251
3 252
3 266
3 268
3 277
3 288
3 305
3 311
3 315
3 364
3 380
3 388
4 5
4 21
4 31
4 79
4 95
4 97
4 129
4 130
4 131
4 149
4 158
4 197
4 244
4 249
4 266
4 298
4 301
4 325
4 335
4 342
4 355
4 373
4 395
5 81
5 136
5 205
5 214
5 236
5 240
5 246
5 282
5 310
5 355
5 400
6 24
6 66
6 86
6 91
6 100
6 105
6 140
6 142
6 148
6 187
6 188
6 200
6 234
6 252
6 258
6 274
6 285
6 303
6 328
6 343
6 348
6 373
7 32
7 93
7 111
7 150
7 191
7 198
7 204
7 267
7 281
7 300
7 309
7 330
7 372
7 377
8 40
8 43
8 71
8 72
8 73
8 76
8 87
8 100
8 125
8 138
8 145
8 180
8 181
8 193
8 200
8 223
8 240
8 265
8 277
8 286
8 311
8 325
8 338
9 28
9 39
9 69
9 114
9 149
9 158
9 161
9 172
9 198
9 201
9 212
9 224
9 246
9 251
9 260
9 272
9 282
9 296
9 319
9 329
9 334
9 350
9 360
9 367
9 373
9 399
10 8
10 18
10 20
10 42
10 92
10 103
10 134
10 155
10 226
10 295
10 301
10 322
10 333
10 360
10 365
10 373
10 380
10 388
11 12
11 53
11 84
11 90
11 100
11 193
11 208
11 213
11 223
11 227
11 267
11 284
11 290
11 303
11 328
11 339
11 351
11 389
12 2
12 34
12 43
12 68
12 86
12 98
12 100
12 103
12 121
12 128
12 133
12 156
12 165
12 166
12 210
12 217
12 225
12 245
12 253
12 268
12 272
12 331
12 333
12 346
12 382
13 57
13 68
13 110
13 155
13 161
13 177
13 230
13 250
13 276
13 295
13 330
13 377
13 381
14 9
14 23
14 27
14 47
14 95
14 107
14 111
14 126
14 137
14 139
14 142
14 147
14 155
14 156
14 162
14 167
14 174
14 194
14 240
14 283
14 293
14 297
14 337
14 357
14 373
14 389
15 38
15 41
15 74
15 83
15 91
15 112
15 164
15 190
15 210
15 215
15 272
15 322
15 365
15 379
16 20
16 21
16 26
16 29
16 35
16 45
16 80
16 88
16 132
16 142
16 149
16 154
16 155
16 163
16 182
16 194
16 210
16 215
16 258
16 294
16 316
16 386
17 1
17 31
17 51
17 60
17 146
17 151
17 192
17 193
17 206
17 213
17 217
17 220
17 222
17 229
17 245
17 266
17 267
17 314
17 339
17 354
17 366
17 385
17 394
17 395
18 28
18 32
18 35
18 95
18 96
18 109
18 118
18 134
18 185
18 244
18 252
18 253
18 270
18 321
18 365
19 43
19 56
19 79
19 89
19 94
19 95
19 99
19 101
19 108
19 131
19 133
19 135
19 162
19 198
19 213
19 219
19 236
19 297
19 334
19 335
19 376
20 8
20 19
20 65
20 66
20 100
20 121
20 128
20 141
20 188
20 192
20 227
20 229
20 231
20 272
20 350
20 378
21 52
21 59
21 66
21 70
21 82
21 98
21 129
21 157
21 184
21 191
21 209
21 222
21 233
21 241
21 249
21 281
21 299
21 336
21 396
21 399
22 13
22 94
22 110
22 154
22 179
22 189
22 198
22 211
22 221
22 227
22 242
22 284
22 305
22 339
22 348
22 356
22 394
22 397
23 26
23 28
23 31
23 32
23 60
23 64
23 68
23 70
23 80
23 83
23 118
23 128
23 138
23 141
23 147
23 176
23 190
23 193
23 211
23 215
23 222
23 227
23 255
23 283
23 330
23 336
23 379
23 380
23 389
24 22
24 40
24 92
24 96
24 153
24 165
24 230
24 237
24 257
24 264
24 281
24 293
24 314
24 317
24 372
24 374
24 383
25 6
25 23
25 24
25 62
25 69
25 95
25 101
25 128
25 138
25 223
25 241
25 250
25 285
25 321
25 322
25 340
25 346
25 350
25 351
25 362
26 13
26 46
26 82
26 99
26 128
26 137
26 157
26 191
26 225
26 230
26 235
26 245
26 250
26 257
26 288
26 291
26 296
26 299
26 307
26 309
26 354
26 362
26 364
26 365
26 390
27 39
27 70
27 95
27 99
27 104
27 163
27 169
27 179
27 181
27 187
27 188
27 196
27 233
27 261
27 312
27 341
27 355
27 390
27 397
28 35
28 40
28 47
28 54
28 86
28 89
28 108
28 110
28 156
28 170
28 179
28 186
28 237
28 244
28 245
28 248
28 313
28 314
28 350
28 352
28 355
28 381
28 388
28 397
29 1
29 3
29 24
29 39
29 78
29 85
29 119
29 142
29 179
29 181
29 205
29 248
29 290
29 299
29 305
29 321
29 324
29 339
29 350
29 384
30 5
30 23
30 48
30 72
30 84
30 85
30 96
30 125
30 150
30 162
30 177
30 178
30 268
30 280
30 309
30 321
30 325
30 338
30 343
30 369
30 387
30 395
31 14
31 25
31 39
31 89
31 299
31 311
31 341
31 352
31 365
31 390
32 10
32 17
32 27
32 38
32 61
32 63
32 71
32 78
32 132
32 155
32 201
32 216
32 250
32 265
32 271
32 302
32 307
32 327
32 352
32 362
32 382
32 385
33 5
33 10
33 15
33 50
33 58
33 62
33 96
33 103
33 104
33 109
33 133
33 166
33 261
33 282
33 299
33 311
33 341
33 344
33 362
33 385
34 7
34 28
34 36
34 49
34 55
34 66
34 78
34 86
34 105
34 122
34 126
34 132
34 142
34 145
34 157
34 191
34 224
34 309
34 318
34 323
34 334
34 356
34 373
34 388
35 17
35 23
35 35
35 53
35 87
35 92
35 105
35 131
35 173
35 190
35 192
35 193
35 213
35 278
35 304
35 312
35 315
35 332
35 350
35 364
36 14
36 44
36 81
36 86
36 89
36 99
36 106
36 170
36 173
36 191
36 227
36 231
36 239
36 254
36 315
36 319
36 321
36 338
36 348
36 363
36 400
37 14
37 27
37 62
37 65
37 77
37 184
37 194
37 215
37 255
37 256
37 261
37 298
37 307
37 313
37 323
37 356
37 363
37 364
38 8
38 22
38 41
38 55
38 70
38 79
38 123
38 153
38 187
38 206
38 212
38 221
38 240
38 256
38 259
38 260
38 291
38 299
38 311
38 332
38 337
38 344
38 350
38 377
39 20
39 53
39 62
39 75
39 85
39 121
39 176
39 195
39 196
39 203
39 227
39 263
39 279
39 280
39 293
39 337
39 344
39 376
39 388
40 10
40 50
40 67
40 78
40 93
40 120
40 124
40 141
40 142
40 167
40 207
40 210
40 215
40 216
40 292
40 294
40 302
40 308
40 311
40 314
40 345
40 375
40 376
41 14
41 98
41 103
41 141
41 147
41 160
41 162
41 163
41 169
41 178
41 197
41 201
41 220
41 231
41 253
41 269
41 273
41 298
41 300
41 359
41 379
41 384
41 385
41 387
42 3
42 5
42 6
42 31
42 56
42 94
42 104
42 113
42 121
42 125
42 147
42 165
42 174
42 201
42 289
42 299
42 302
42 308
42 330
42 339
42 340
42 355
42 383
42 384
43 14
43 27
43 31
43 46
43 49
43 103
43 110
43 146
43 164
43 183
43 243
43 301
43 332
43 345
44 5
44 20
44 31
44 137
44 167
44 227
44 275
44 308
44 323
44 366
45 11
45 28
45 90
45 102
45 168
45 176
45 195
45 198
45 209
45 216
45 230
45 271
45 281
45 295
45 298
45 344
45 373
45 380
45 396
46 8
46 31
46 45
46 49
46 84
46 96
46 128
46 136
46 139
46 167
46 215
46 224
46 252
46 267
46 305
46 333
46 367
46 390
47 21
47 100
47 108
47 112
47 114
47 123
47 132
47 137
47 139
47 145
47 219
47 228
47 264
47 273
47 280
47 300
47 312
47 338
47 339
47 347
47 356
47 392
48 5
48 8
48 15
48 28
48 36
48 38
48 76
48 120
48 154
48 167
48 171
48 174
48 195
48 214
48 215
48 224
48 227
48 276
48 287
48 335
48 345
48 353
48 389
49 5
49 29
49 41
49 47
49 80
49 130
49 169
49 177
49 190
49 232
49 234
49 276
49 284
49 296
49 303
49 328
49 349
49 378
49 386
49 388
49 396
50 15
50 22
50 34
50 48
50 54
50 59
50 120
50 121
50 122
50 142
50 148
50 150
50 153
50 178
50 180
50 184
50 223
50 248
50 249
50 257
50 283
50 284
50 285
50 295
50 300
50 314
50 317
50 323
50 370
50 385
50 389
50 400
51 9
51 21
51 32
51 36
51 68
51 99
51 107
51 133
51 151
51 170
51 171
51 229
51 238
51 283
51 287
51 303
51 333
51 345
51 354
51 364
51 378
51 393
52 9
52 10
52 12
52 41
52 64
52 84
52 100
52 102
52 106
52 116
52 118
52 125
52 133
52 175
52 179
52 182
52 196
52 203
52 207
52 231
52 232
52 252
52 276
52 321
52 328
52 337
52 354
52 364
52 369
53 53
53 55
53 65
53 76
53 84
53 104
53 130
53 137
53 156
53 205
53 208
53 228
53 233
53 286
53 290
53 302
53 335
53 342
53 366
53 399
54 6
54 28
54 32
54 56
54 79
54 109
54 132
54 162
54 174
54 200
54 205
54 259
54 302
54 322
54 377
54 381
55 18
55 50
55 82
55 89
55 122
55 158
55 159
55 167
55 205
55 288
55 338
55 368
55 372
56 53
56 59
56 69
56 102
56 119
56 148
56 154
56 195
56 224
56 248
56 256
56 279
56 307
56 316
56 318
56 329
56 360
56 373
57 4
57 16
57 29
57 31
57 33
57 61
57 104
57 106
57 111
57 135
57 138
57 142
57 162
57 163
57 168
57 190
57 203
57 240
57 244
57 274
57 362
57 390
58 13
58 34
58 60
58 70
58 107
58 111
58 132
58 183
58 193
58 194
58 210
58 212
58 241
58 251
58 265
58 288
58 294
58 297
58 312
58 325
58 347
58 354
58 379
59 9
59 15
59 21
59 48
59 56
59 93
59 100
59 115
59 123
59 149
59 165
59 170
59 267
59 296
59 364
59 365
60 42
60 62
60 78
60 128
60 185
60 187
60 276
60 300
60 302
60 321
60 337
60 371
60 392
60 395
61 14
61 15
61 24
61 41
61 54
61 55
61 66
61 76
61 85
61 89
61 92
61 101
61 110
61 120
61 176
61 204
61 213
61 236
61 264
61 297
61 313
61 356
61 365
61 390
61 391
61 400
62 3
62 20
62 45
62 72
62 74
62 85
62 99
62 100
62 104
62 106
62 119
62 124
62 135
62 142
62 155
62 156
62 158
62 160
62 161
62 166
62 195
62 209
62 248
62 252
62 263
62 275
62 277
62 283
62 301
62 336
62 338
62 385
63 26
63 31
63 65
63 77
63 123
63 134
63 161
63 165
63 170
63 189
63 199
63 320
63 322
63 326
63 336
63 391
63 397
63 399
64 2
64 77
64 84
64 87
64 126
64 127
64 175
64 192
64 193
64 241
64 268
64 279
64 331
64 343
64 348
64 355
64 371
64 374
64 378
65 18
65 34
65 70
65 85
65 118
65 123
65 128
65 167
65 193
65 199
65 205
65 232
65 238
65 242
65 258
65 259
65 263
65 333
66 26
66 76
66 93
66 140
66 189
66 204
66 224
66 239
66 259
66 294
66 338
66 341
66 360
66 369
66 381
66 388
67 12
67 31
67 53
67 84
67 147
67 150
67 175
67 192
67 210
67 222
67 232
67 245
67 250
67 253
67 255
67 283
67 286
67 306
67 329
67 333
67 334
67 343
67 375
67 377
67 393
68 28
68 38
68 45
68 68
68 91
68 98
68 108
68 115
68 117
68 128
68 133
68 161
68 209
68 212
68 215
68 217
68 224
68 233
68 266
68 292
68 293
68 342
68 349
68 366
68 379
68 394
69 24
69 26
69 34
69 40
69 48
69 78
69 87
69 93
69 105
69 110
69 114
69 115
69 134
69 135
69 152
69 221
69 227
69 237
69 243
69 300
69 331
69 373
70 35
70 53
70 59
70 90
70 140
70 205
70 215
70 227
70 254
70 297
70 314
70 321
70 330
70 344
70 378
70 381
70 385
71 38
71 41
71 48
71 73
71 101
71 116
71 147
71 158
71 176
71 177
71 271
71 273
71 284
71 310
71 312
71 323
71 330
71 358
71 362
71 383
72 7
72 79
72 87
72 108
72 134
72 157
72 175
72 190
72 195
72 253
72 278
72 306
72 357
72 379
73 8
73 17
73 25
73 36
73 41
73 64
73 74
73 143
73 178
73 181
73 184
73 193
73 195
73 224
73 225
73 232
73 234
73 243
73 244
73 302
73 308
73 329
73 354
73 383
73 389
74 13
74 14
74 23
74 33
74 34
74 41
74 45
74 86
74 114
74 117
74 121
74 165
74 207
74 238
74 254
74 269
74 294
74 329
74 343
74 355
74 359
74 370
75 7
75 18
75 70
75 95
75 105
75 106
75 117
75 134
75 137
75 156
75 233
75 253
75 260
75 365
75 374
76 34
76 41
76 57
76 58
76 68
76 74
76 82
76 110
76 135
76 140
76 144
76 164
76 169
76 182
76 224
76 239
76 288
76 289
76 300
76 303
76 314
76 319
76 339
76 349
76 359
76 379
76 385
76 397
77 34
77 39
77 47
77 66
77 110
77 115
77 117
77 158
77 163
77 164
77 173
77 210
77 213
77 225
77 242
77 273
77 277
77 287
77 314
77 323
77 350
77 357
77 381
77 386
77 388
77 393
78 5
78 49
78 55
78 79
78 102
78 171
78 205
78 210
78 222
78 223
78 254
78 269
78 334
78 339
78 357
78 385
79 1
79 11
79 57
79 84
79 107
79 122
79 123
79 128
79 132
79 172
79 177
79 187
79 215
79 217
79 238
79 245
79 256
79 280
79 282
79 309
79 310
79 320
79 356
79 371
80 2
80 3
80 11
80 26
80 34
80 42
80 56
80 58
80 59
80 114
80 131
80 137
80 140
80 145
80 163
80 181
80 214
80 215
80 257
80 305
80 328
81 4
81 8
81 10
81 17
81 41
81 54
81 86
81 110
81 115
81 149
81 189
81 206
81 217
81 240
81 246
81 255
81 291
81 309
81 339
81 360
81 395
81 396
82 2
82 18
82 54
82 63
82 122
82 125
82 136
82 182
82 215
82 330
82 345
82 364
82 380
82 392
83 3
83 7
83 17
83 68
83 75
83 83
83 144
83 149
83 158
83 181
83 206
83 229
83 245
83 247
83 265
83 273
83 296
83 302
83 350
83 366
83 392
84 11
84 21
84 29
84 103
84 106
84 111
84 114
84 158
84 161
84 211
84 241
84 255
84 270
84 275
84 281
84 291
84 295
84 300
84 316
84 374
84 375
84 384
84 390
85 6
85 30
85 39
85 48
85 70
85 78
85 80
85 116
85 132
85 146
85 159
85 193
85 197
85 212
85 213
85 220
85 234
85 282
85 346
85 390
85 396
86 47
86 97
86 120
86 125
86 137
86 139
86 180
86 186
86 192
86 196
86 210
86 224
86 227
86 242
86 261
86 322
86 325
86 333
86 341
86 347
86 349
86 358
87 6
87 11
87 42
87 57
87 62
87 64
87 71
87 95
87 112
87 132
87 156
87 220
87 234
87 249
87 252
87 263
87 302
87 303
87 323
87 326
87 349
87 365
87 374
88 16
88 27
88 28
88 33
88 44
88 48
88 75
88 77
88 89
88 97
88 148
88 149
88 162
88 174
88 218
88 224
88 227
88 281
88 283
88 360
88 381
88 396
88 400
89 8
89 25
89 62
89 66
89 126
89 142
89 146
89 179
89 187
89 211
89 212
89 233
89 236
89 246
89 259
89 263
89 267
89 276
89 307
89 344
89 362
89 363
89 365
89 380
90 16
90 31
90 38
90 41
90 48
90 52
90 54
90 58
90 63
90 67
90 78
90 80
90 91
90 122
90 128
90 132
90 140
90 155
90 197
90 214
90 222
90 235
90 259
90 262
90 279
90 314
90 382
90 393
91 28
91 46
91 55
91 64
91 74
91 85
91 118
91 123
91 125
91 133
91 137
91 153
91 176
91 181
91 221
91 234
91 237
91 247
91 254
91 259
91 260
91 316
91 332
91 334
91 341
91 346
91 364
91 378
92 4
92 6
92 9
92 14
92 16
92 30
92 48
92 58
92 67
92 69
92 72
92 73
92 132
92 134
92 152
92 160
92 163
92 193
92 275
92 284
92 295
92 321
92 328
93 18
93 31
93 73
93 83
93 115
93 151
93 168
93 191
93 228
93 320
93 356
93 357
93 379
93 388
93 399
94 15
94 26
94 37
94 41
94 70
94 94
94 142
94 163
94 179
94 184
94 206
94 256
94 317
94 324
94 333
94 383
94 398
95 67
95 71
95 72
95 77
95 78
95 84
95 95
95 129
95 178
95 193
95 231
95 253
95 258
95 259
95 264
95 270
95 277
95 315
95 321
95 322
95 333
95 358
95 370
95 372
96 29
96 69
96 77
96 80
96 110
96 136
96 138
96 144
96 146
96 195
96 209
96 212
96 226
96 238
96 251
96 289
96 327
96 328
96 338
97 9
97 41
97 47
97 53
97 72
97 75
97 76
97 107
97 168
97 177
97 194
97 198
97 246
97 269
97 272
97 282
97 296
97 308
97 320
97 327
97 399
98 21
98 23
98 32
98 50
98 56
98 59
98 84
98 107
98 134
98 189
98 194
98 222
98 248
98 297
98 346
98 351
98 390
99 5
99 12
99 56
99 65
99 69
99 113
99 133
99 141
99 175
99 182
99 224
99 226
99 231
99 238
99 254
99 267
99 296
99 308
99 310
99 350
99 378
99 388
99 389
99 397
100 131
100 139
100 147
100 205
100 206
100 207
100 213
100 215
100 245
100 246
100 260
100 275
100 285
100 304
100 365
100 390
100 395
101 2
101 8
101 22
101 32
101 99
101 108
101 116
101 142
101 161
101 210
101 224
101 240
101 275
101 315
101 349
101 352
101 360
101 363
101 390
102 11
102 27
102 60
102 61
102 81
102 84
102 94
102 122
102 134
102 164
102 169
102 175
102 224
102 237
102 244
102 306
102 307
102 323
102 356
102 359
102 384
103 18
103 71
103 90
103 120
103 133
103 141
103 168
103 172
103 179
103 206
103 210
103 237
103 255
103 261
103 263
103 270
103 274
103 283
103 289
103 307
103 343
103 356
103 357
103 361
103 373
104 19
104 46
104 96
104 119
104 148
104 155
104 195
104 199
104 230
104 235
104 248
104 269
104 278
104 287
104 311
104 320
104 327
104 343
104 350
104 377
105 24
105 27
105 47
105 54
105 65
105 84
105 158
105 181
105 200
105 205
105 222
105 234
105 240
105 286
105 298
105 320
105 329
105 333
105 341
105 356
105 361
105 363
105 382
106 5
106 35
106 47
106 80
106 118
106 150
106 164
106 199
106 201
106 217
106 254
106 309
106 310
106 338
106 354
106 380
106 383
106 388
106 390
106 398
107 43
107 49
107 91
107 96
107 118
107 134
107 138
107 144
107 164
107 167
107 235
107 240
107 247
107 249
107 261
107 271
107 281
107 301
107 311
107 320
107 325
107 329
107 334
107 341
107 348
107 352
107 373
107 389
107 394
108 2
108 12
108 15
108 48
108 89
108 132
108 134
108 170
108 172
108 239
108 242
108 243
108 268
108 271
108 273
108 300
108 306
108 332
108 353
109 30
109 32
109 61
109 88
109 95
109 97
109 172
109 178
109 197
109 207
109 221
109 227
109 242
109 257
109 263
109 271
109 273
109 342
109 352
109 372
110 55
110 68
110 83
110 86
110 112
110 123
110 134
110 150
110 166
110 168
110 172
110 179
110 226
110 246
110 308
110 312
110 377
111 3
111 59
111 96
111 122
111 181
111 210
111 232
111 240
111 242
111 270
111 293
111 294
111 299
111 305
111 315
111 351
111 390
111 396
112 20
112 35
112 36
112 56
112 67
112 129
112 145
112 151
112 155
112 187
112 213
112 234
112 277
112 303
112 307
112 322
112 328
112 330
112 333
112 338
112 368
113 4
113 34
113 59
113 70
113 112
113 200
113 208
113 210
113 216
113 225
113 290
113 310
113 366
114 39
114 53
114 65
114 96
114 124
114 134
114 138
114 139
114 145
114 155
114 163
114 178
114 204
114 214
114 221
114 260
114 277
114 282
114 304
114 308
114 332
114 342
114 350
114 369
114 387
114 393
114 394
115 26
115 32
115 40
115 41
115 112
115 145
115 169
115 202
115 219
115 220
115 233
115 239
115 265
115 301
115 337
115 348
116 14
116 17
116 22
116 26
116 36
116 62
116 97
116 98
116 113
116 131
116 142
116 175
116 176
116 253
116 274
116 307
116 311
116 313
116 358
116 361
117 1
117 18
117 25
117 28
117 33
117 56
117 65
117 66
117 83
117 112
117 162
117 179
117 218
117 298
117 302
117 338
117 348
117 352
117 383
117 388
118 41
118 64
118 78
118 110
118 122
118 139
118 159
118 168
118 173
118 185
118 205
118 214
118 290
118 291
119 34
119 51
119 55
119 61
119 109
119 125
119 137
119 144
119 253
119 259
119 288
119 303
119 312
119 324
119 335
119 353
119 400
120 2
120 25
120 45
120 46
120 51
120 107
120 117
120 126
120 135
120 159
120 212
120 217
120 225
120 260
120 321
120 331
120 337
120 357
120 375
120 390
120 396
121 55
121 67
121 70
121 89
121 130
121 143
121 147
121 169
121 173
121 190
121 196
121 207
121 221
121 268
121 271
121 297
121 299
121 343
121 349
121 350
121 356
121 380
122 18
122 33
122 92
122 104
122 109
122 135
122 148
122 153
122 179
122 187
122 226
122 244
122 252
122 279
122 321
122 336
122 344
122 376
122 380
123 9
123 68
123 81
123 90
123 178
123 179
123 231
123 245
123 248
123 254
123 268
123 270
123 279
123 309
123 310
123 311
123 323
124 11
124 15
124 48
124 58
124 64
124 86
124 96
124 102
124 106
124 115
124 169
124 181
124 184
124 209
124 240
124 243
124 244
124 254
124 272
124 279
124 341
124 346
124 351
124 378
124 399
125 4
125 43
125 98
125 120
125 123
125 143
125 152
125 161
125 178
125 203
125 208
125 209
125 252
125 262
125 286
125 290
125 382
125 393
125 396
126 28
126 78
126 175
126 176
126 177
126 209
126 211
126 233
126 254
126 268
126 273
126 283
126 315
126 322
126 335
126 377
126 399
127 25
127 64
127 77
127 107
127 118
127 152
127 159
127 161
127 218
127 234
127 248
127 262
127 270
127 293
127 307
127 373
127 379
128 33
128 38
128 52
128 59
128 60
128 72
128 79
128 109
128 139
128 148
128 172
128 265
128 272
128 295
128 314
128 377
128 389
129 55
129 58
129 65
129 79
129 111
129 113
129 141
129 181
129 182
129 186
129 212
129 239
129 244
129 316
129 328
129 346
129 362
130 12
130 14
130 16
130 35
130 42
130 60
130 82
130 119
130 128
130 178
130 205
130 219
130 222
130 226
130 255
130 264
130 267
130 284
130 295
130 307
130 335
130 378
131 1
131 79
131 81
131 108
131 135
131 136
131 142
131 183
131 198
131 210
131 263
131 269
131 272
131 344
131 393
132 15
132 20
132 26
132 27
132 38
132 73
132 103
132 104
132 135
132 171
132 181
132 220
132 234
132 252
132 336
132 348
132 386
132 390
132 396
133 10
133 20
133 40
133 106
133 111
133 120
133 154
133 169
133 174
133 195
133 209
133 223
133 257
133 280
133 289
133 294
133 302
133 314
133 329
133 352
133 355
133 366
133 373
134 22
134 57
134 62
134 84
134 85
134 121
134 181
134 201
134 206
134 209
134 279
134 296
134 337
134 341
134 395
134 399
135 19
135 21
135 46
135 61
135 84
135 89
135 104
135 123
135 127
135 142
135 154
135 160
135 166
135 174
135 183
135 186
135 239
135 318
135 321
135 351
135 352
136 23
136 28
136 45
136 49
136 80
136 129
136 133
136 160
136 182
136 193
136 203
136 238
136 239
136 251
136 277
136 285
136 301
136 318
136 363
136 380
136 394
137 4
137 6
137 37
137 60
137 66
137 89
137 97
137 115
137 172
137 183
137 210
137 244
137 262
137 265
137 268
137 308
137 316
137 318
137 332
137 335
137 369
137 391
137 399
138 20
138 28
138 47
138 96
138 151
138 188
138 235
138 237
138 252
138 280
138 331
138 333
138 343
138 354
138 364
138 365
138 394
139 11
139 33
139 71
139 135
139 139
139 159
139 169
139 199
139 204
139 216
139 237
139 239
139 246
139 253
139 265
139 278
139 291
139 304
139 312
139 333
139 348
140 2
140 3
140 17
140 34
140 67
140 85
140 91
140 100
140 108
140 112
140 114
140 186
140 192
140 211
140 294
140 339
140 343
140 344
140 348
140 380
140 381
140 385
141 8
141 13
141 28
141 35
141 41
141 51
141 54
141 69
141 74
141 161
141 172
141 176
141 178
141 200
141 229
141 239
141 255
141 304
141 308
141 311
141 323
141 334
141 348
141 359
141 377
141 389
142 18
142 57
142 77
142 95
142 111
142 113
142 114
142 123
142 125
142 138
142 145
142 147
142 159
142 166
142 207
142 234
142 245
142 260
142 274
142 288
142 298
142 383
142 391
143 2
143 28
143 37
143 77
143 89
143 102
143 118
143 154
143 159
143 191
143 198
143 200
143 207
143 293
143 304
143 312
143 329
143 343
143 354
143 355
143 366
144 22
144 33
144 42
144 57
144 81
144 119
144 176
144 183
144 260
144 275
144 280
144 287
144 296
144 306
144 315
144 393
145 27
145 36
145 45
145 53
145 57
145 68
145 86
145 128
145 156
145 168
145 185
145 188
145 195
145 210
145 248
145 261
145 284
145 285
145 289
145 301
145 317
145 318
145 343
145 390
145 391
146 8
146 61
146 71
146 72
146 75
146 79
146 128
146 134
146 182
146 184
146 200
146 214
146 265
146 268
146 309
146 366
146 373
146 396
147 10
147 33
147 34
147 41
147 45
147 49
147 61
147 73
147 77
147 81
147 87
147 102
147 150
147 156
147 169
147 172
147 199
147 238
147 281
147 328
147 330
147 342
147 344
147 377
147 381
148 63
148 84
148 92
148 96
148 154
148 219
148 280
148 293
148 322
148 326
148 339
148 356
148 380
148 381
148 389
149 8
149 17
149 28
149 34
149 38
149 49
149 96
149 103
149 118
149 145
149 154
149 158
149 173
149 221
149 229
149 239
149 244
149 254
149 265
149 310
149 355
149 372
150 21
150 30
150 72
150 76
150 100
150 145
150 169
150 211
150 218
150 270
150 289
150 334
150 339
150 352
150 380
150 399
151 15
151 61
151 71
151 73
151 87
151 95
151 147
151 179
151 197
151 252
151 256
151 263
151 300
151 307
151 343
152 41
152 76
152 142
152 195
152 201
152 206
152 218
152 249
152 254
152 260
152 282
152 286
152 308
152 387
152 394
153 19
153 25
153 74
153 84
153 118
153 126
153 130
153 135
153 152
153 154
153 159
153 185
153 200
153 214
153 225
153 237
153 249
153 272
153 286
153 289
153 334
153 359
153 362
153 374
154 36
154 38
154 48
154 57
154 77
154 81
154 100
154 128
154 129
154 156
154 179
154 195
154 224
154 237
154 239
154 271
154 272
154 278
154 289
154 298
154 305
154 310
154 360
154 361
154 367
154 379
154 382
154 399
155 20
155 27
155 29
155 38
155 42
155 57
155 75
155 94
155 97
155 102
155 104
155 120
155 140
155 151
155 162
155 186
155 202
155 211
155 226
155 243
155 253
155 260
155 286
155 291
155 307
155 328
155 330
155 352
155 353
155 362
155 365
156 8
156 47
156 67
156 71
156 84
156 112
156 122
156 128
156 162
156 169
156 223
156 242
156 250
156 263
156 294
156 305
156 313
156 320
156 330
156 336
156 364
156 374
156 375
157 21
157 25
157 33
157 48
157 92
157 111
157 112
157 120
157 146
157 189
157 235
157 236
157 239
157 245
157 287
157 309
157 317
157 322
157 344
157 365
157 378
157 384
157 393
157 399
158 6
158 14
158 23
158 37
158 39
158 57
158 115
158 130
158 155
158 166
158 176
158 179
158 197
158 199
158 256
158 278
158 282
158 283
158 357
158 366
158 368
158 372
158 395
159 2
159 4
159 18
159 20
159 31
159 44
159 56
159 60
159 90
159 96
159 105
159 107
159 193
159 207
159 229
159 236
159 254
159 287
159 288
159 313
159 316
159 331
159 355
159 379
159 383
160 14
160 45
160 77
160 100
160 122
160 137
160 145
160 150
160 163
160 208
160 219
160 252
160 274
160 318
160 334
160 340
160 341
160 367
160 373
160 389
161 18
161 41
161 105
161 120
161 126
161 128
161 146
161 157
161 158
161 168
161 184
161 207
161 221
161 251
161 257
161 259
161 289
161 324
161 361
161 364
161 369
161 379
161 385
162 1
162 107
162 131
162 174
162 189
162 196
162 205
162 207
162 254
162 268
162 338
162 361
162 380
162 389
163 11
163 15
163 51
163 78
163 127
163 178
163 180
163 185
163 187
163 194
163 214
163 216
163 231
163 249
163 250
163 265
163 282
163 312
163 333
163 350
163 374
163 383
164 66
164 135
164 163
164 192
164 193
164 220
164 251
164 288
164 319
164 331
164 346
164 357
164 392
165 70
165 81
165 97
165 99
165 197
165 222
165 227
165 237
165 284
165 315
165 350
165 352
165 361
165 376
165 381
165 387
165 388
166 37
166 50
166 66
166 82
166 83
166 107
166 118
166 121
166 140
166 256
166 275
166 316
166 330
166 347
166 373
166 393
166 396
167 11
167 19
167 80
167 107
167 136
167 146
167 169
167 173
167 175
167 200
167 202
167 232
167 244
167 260
167 261
167 287
167 295
167 301
167 317
167 318
167 322
167 330
167 383
168 9
168 21
168 32
168 39
168 53
168 78
168 88
168 102
168 123
168 145
168 158
168 170
168 171
168 196
168 207
168 209
168 266
168 267
168 309
168 310
168 315
168 323
168 324
168 343
168 361
168 371
168 373
168 398
169 2
169 5
169 18
169 20
169 45
169 55
169 84
169 102
169 104
169 111
169 131
169 133
169 135
169 151
169 173
169 216
169 219
169 227
169 236
169 259
169 267
169 275
169 293
169 315
169 316
169 321
169 363
169 386
169 392
170 30
170 37
170 53
170 61
170 74
170 88
170 120
170 124
170 131
170 164
170 174
170 181
170 192
170 212
170 222
170 236
170 239
170 245
170 296
170 298
170 299
170 302
170 351
170 354
170 355
170 356
170 380
170 393
170 396
170 398
171 8
171 10
171 18
171 31
171 40
171 109
171 128
171 163
171 185
171 186
171 190
171 211
171 282
171 288
171 312
171 346
171 356
171 360
171 365
171 385
171 393
172 40
172 60
172 64
172 68
172 84
172 88
172 126
172 189
172 232
172 247
172 248
172 289
172 295
172 321
172 329
172 345
172 351
173 16
173 30
173 135
173 137
173 152
173 171
173 177
173 178
173 192
173 203
173 210
173 216
173 220
173 226
173 273
173 276
173 292
173 320
173 324
173 345
173 365
173 373
173 396
174 10
174 49
174 93
174 118
174 133
174 190
174 214
174 259
174 280
174 281
174 300
174 333
174 350
175 19
175 20
175 30
175 41
175 54
175 95
175 97
175 107
175 125
175 175
175 177
175 248
175 270
175 275
175 283
175 350
175 359
175 361
175 387
175 391
176 9
176 13
176 14
176 25
176 74
176 98
176 109
176 126
176 131
176 144
176 151
176 176
176 185
176 190
176 207
176 210
176 220
176 242
176 244
176 264
176 302
176 317
176 338
176 365
177 72
177 80
177 94
177 161
177 175
177 185
177 212
177 214
177 217
177 222
177 256
177 259
178 18
178 38
178 133
178 134
178 149
178 170
178 177
178 211
178 214
178 235
178 257
178 277
178 312
178 330
178 343
178 349
178 360
178 365
178 394
179 64
179 96
179 115
179 129
179 145
179 155
179 161
179 192
179 201
179 224
179 230
179 246
179 247
179 263
179 281
179 284
179 288
179 291
179 331
179 397
179 400
180 16
180 65
180 87
180 94
180 125
180 160
180 162
180 186
180 205
180 257
180 286
180 288
180 321
180 330
180 335
180 381
180 394
181 4
181 20
181 26
181 28
181 31
181 76
181 101
181 112
181 132
181 144
181 147
181 189
181 198
181 214
181 233
181 252
181 274
181 282
181 291
181 338
181 339
181 352
181 362
181 363
181 369
181 377
181 379
181 382
182 16
182 20
182 39
182 40
182 43
182 54
182 57
182 59
182 66
182 69
182 71
182 93
182 94
182 120
182 163
182 164
182 180
182 200
182 205
182 215
182 246
182 252
182 264
182 275
182 284
182 285
182 303
182 321
182 324
182 360
183 19
183 33
183 34
183 60
183 61
183 86
183 97
183 101
183 113
183 126
183 155
183 159
183 184
183 188
183 197
183 202
183 210
183 220
183 235
183 240
183 242
183 248
183 278
183 384
184 8
184 39
184 65
184 67
184 77
184 87
184 91
184 121
184 122
184 126
184 147
184 204
184 255
184 265
184 274
184 288
184 295
184 306
184 320
184 371
184 400
185 55
185 62
185 67
185 129
185 140
185 168
185 170
185 190
185 205
185 208
185 222
185 234
185 242
185 245
185 247
185 279
185 304
185 307
185 308
185 309
185 321
185 371
185 377
185 383
185 384
185 385
185 386
186 4
186 14
186 35
186 72
186 92
186 100
186 114
186 118
186 124
186 142
186 147
186 189
186 235
186 250
186 286
186 324
186 348
186 350
186 382
186 383
187 28
187 41
187 44
187 65
187 76
187 81
187 99
187 101
187 105
187 129
187 158
187 195
187 196
187 198
187 199
187 204
187 207
187 230
187 231
187 233
187 283
187 286
187 289
187 290
187 300
187 360
187 382
187 385
187 390
188 7
188 52
188 58
188 67
188 72
188 76
188 86
188 103
188 120
188 126
188 129
188 139
188 183
188 213
188 240
188 246
188 249
188 281
188 323
188 325
188 372
188 373
189 15
189 21
189 26
189 41
189 66
189 93
189 102
189 109
189 124
189 137
189 160
189 161
189 164
189 171
189 176
189 205
189 233
189 235
189 244
189 294
189 299
189 309
189 346
189 350
189 352
189 359
190 45
190 122
190 123
190 194
190 203
190 248
190 249
190 274
190 278
190 322
190 327
190 330
190 355
190 359
191 7
191 15
191 19
191 39
191 59
191 83
191 89
191 115
191 128
191 155
191 157
191 161
191 195
191 245
191 273
191 307
191 320
191 332
191 342
192 45
192 154
192 166
192 179
192 192
192 212
192 214
192 217
192 265
192 290
192 341
192 347
192 352
192 363
192 365
192 379
192 384
193 6
193 19
193 33
193 36
193 54
193 75
193 108
193 128
193 133
193 167
193 267
193 269
193 292
193 318
193 320
193 335
193 345
193 369
193 370
193 383
194 7
194 51
194 75
194 99
194 108
194 113
194 134
194 169
194 228
194 242
194 253
194 258
194 261
194 269
194 276
194 312
194 366
194 395
195 52
195 55
195 66
195 89
195 102
195 103
195 118
195 154
195 178
195 199
195 203
195 229
195 235
195 262
195 263
195 281
195 282
195 296
195 321
195 323
195 341
195 366
195 379
195 395
196 13
196 37
196 39
196 87
196 90
196 111
196 139
196 157
196 167
196 176
196 183
196 201
196 217
196 242
196 263
196 307
196 322
196 336
196 337
196 345
196 354
197 26
197 27
197 32
197 54
197 70
197 103
197 132
197 168
197 176
197 202
197 210
197 226
197 232
197 233
197 237
197 256
197 373
197 385
198 34
198 44
198 50
198 63
198 77
198 92
198 102
198 109
198 121
198 128
198 169
198 177
198 197
198 225
198 229
198 246
198 272
198 297
198 301
198 369
198 380
198 392
199 31
199 52
199 75
199 98
199 104
199 113
199 119
199 121
199 124
199 133
199 146
199 166
199 197
199 219
199 225
199 226
199 229
199 244
199 252
199 256
199 264
199 271
199 295
199 313
199 318
199 341
199 343
199 346
199 349
200 14
200 24
200 53
200 64
200 93
200 118
200 142
200 187
200 188
200 191
200 197
200 223
200 225
200 243
200 261
200 286
200 316
200 351
201 28
201 44
201 73
201 85
201 183
201 204
201 217
201 230
201 242
201 282
201 300
201 321
201 335
201 345
201 371
202 8
202 12
202 26
202 67
202 99
202 131
202 202
202 215
202 216
202 221
202 275
202 304
202 312
202 322
202 362
202 388
202 394
203 40
203 45
203 66
203 78
203 79
203 94
203 152
203 162
203 183
203 193
203 207
203 213
203 247
203 270
203 317
203 328
203 336
203 351
203 357
203 396
203 398
204 18
204 52
204 69
204 70
204 92
204 124
204 129
204 177
204 179
204 181
204 205
204 213
204 216
204 253
204 263
204 272
204 281
204 293
204 325
204 329
204 332
204 353
204 372
204 379
205 6
205 18
205 35
205 43
205 85
205 105
205 111
205 130
205 138
205 144
205 148
205 182
205 189
205 221
205 258
205 266
205 335
205 350
205 385
205 387
206 1
206 3
206 15
206 21
206 24
206 47
206 81
206 96
206 128
206 143
206 154
206 158
206 160
206 165
206 171
206 185
206 191
206 201
206 231
206 265
206 267
206 335
206 354
206 373
206 379
206 396
207 6
207 64
207 92
207 116
207 132
207 153
207 155
207 199
207 209
207 226
207 244
207 245
207 256
207 334
207 350
207 374
207 384
207 400
208 16
208 25
208 34
208 51
208 52
208 67
208 70
208 94
208 163
208 165
208 173
208 200
208 202
208 210
208 218
208 249
208 252
208 254
208 257
208 273
208 274
208 278
208 300
208 349
208 369
208 370
208 371
208 399
209 22
209 29
209 30
209 53
209 74
209 81
209 87
209 107
209 114
209 118
209 159
209 161
209 188
209 200
209 219
209 283
209 295
209 301
209 302
209 311
209 334
209 344
209 351
209 372
209 379
209 381
209 396
210 5
210 75
210 76
210 79
210 82
210 181
210 200
210 229
210 232
210 236
210 261
210 278
210 281
210 309
210 330
210 359
211 3
211 25
211 36
211 42
211 69
211 70
211 89
211 103
211 140
211 157
211 165
211 267
211 311
211 319
211 329
211 355
212 5
212 39
212 41
212 43
212 71
212 100
212 119
212 123
212 161
212 175
212 188
212 207
212 224
212 236
212 259
212 285
212 311
212 354
212 358
212 366
212 384
213 14
213 34
213 35
213 98
213 113
213 128
213 136
213 148
213 237
213 270
213 275
213 276
213 277
213 282
213 317
213 328
213 351
213 359
213 361
213 396
214 10
214 35
214 54
214 74
214 87
214 96
214 118
214 130
214 154
214 163
214 166
214 168
214 239
214 245
214 293
214 300
214 306
214 344
214 380
214 395
215 41
215 64
215 67
215 81
215 93
215 119
215 132
215 135
215 174
215 178
215 196
215 207
215 220
215 228
215 234
215 262
215 324
215 333
215 337
215 354
215 362
215 376
215 399
216 13
216 121
216 127
216 129
216 155
216 232
216 260
216 285
216 290
216 340
216 367
216 381
216 398
217 12
217 22
217 32
217 68
217 80
217 100
217 137
217 157
217 163
217 192
217 271
217 335
217 338
217 343
217 352
217 357
217 366
218 4
218 23
218 31
218 51
218 65
218 67
218 86
218 107
218 118
218 129
218 170
218 173
218 181
218 209
218 216
218 219
218 290
218 318
218 330
218 339
218 345
218 350
219 7
219 24
219 49
219 59
219 94
219 108
219 149
219 161
219 164
219 178
219 199
219 206
219 208
219 227
219 292
219 298
219 321
219 360
219 375
220 27
220 38
220 42
220 61
220 119
220 138
220 170
220 172
220 190
220 208
220 214
220 251
220 299
220 304
220 305
220 312
220 324
220 350
220 354
220 383
221 35
221 44
221 50
221 51
221 60
221 112
221 116
221 119
221 146
221 170
221 176
221 228
221 252
221 254
221 283
221 288
221 328
221 346
221 359
221 378
222 46
222 63
222 64
222 71
222 79
222 82
222 101
222 113
222 116
222 142
222 172
222 176
222 188
222 194
222 212
222 234
222 277
222 284
222 288
222 316
222 323
222 346
223 9
223 42
223 70
223 81
223 82
223 97
223 110
223 121
223 144
223 164
223 167
223 188
223 201
223 207
223 229
223 254
223 267
223 271
223 312
223 317
223 339
223 396
224 34
224 56
224 158
224 206
224 219
224 220
224 229
224 233
224 254
224 275
224 309
224 324
225 3
225 19
225 20
225 33
225 53
225 55
225 81
225 88
225 98
225 104
225 130
225 144
225 192
225 225
225 238
225 243
225 261
225 319
225 352
225 360
225 395
226 4
226 11
226 33
226 36
226 40
226 77
226 95
226 129
226 144
226 152
226 176
226 179
226 214
226 220
226 253
226 282
226 289
226 294
226 301
226 305
226 355
226 361
226 373
227 16
227 39
227 53
227 56
227 62
227 70
227 83
227 96
227 102
227 109
227 133
227 137
227 138
227 140
227 144
227 145
227 154
227 192
227 209
227 213
227 224
227 266
227 276
227 284
227 304
227 323
227 346
227 362
227 363
228 7
228 14
228 29
228 35
228 45
228 59
228 65
228 69
228 171
228 200
228 205
228 207
228 239
228 246
228 280
228 285
228 342
228 351
228 382
229 2
229 28
229 33
229 48
229 54
229 87
229 99
229 120
229 175
229 181
229 184
229 187
229 228
229 236
229 332
230 17
230 45
230 48
230 54
230 57
230 58
230 65
230 85
230 91
230 102
230 211
230 215
230 222
230 243
230 264
230 271
230 283
230 288
230 333
230 373
230 380
231 6
231 8
231 12
231 28
231 72
231 78
231 99
231 118
231 120
231 210
231 266
231 293
231 301
231 307
231 335
231 341
231 368
231 372
231 376
231 381
231 398
232 43
232 58
232 74
232 88
232 116
232 126
232 149
232 161
232 176
232 215
232 220
232 230
232 275
232 277
232 303
232 342
232 343
232 373
232 395
233 6
233 16
233 20
233 38
233 81
233 106
233 136
233 171
233 179
233 189
233 190
233 200
233 201
233 202
233 203
233 207
233 230
233 276
233 329
233 331
233 352
233 358
233 364
233 383
233 386
233 393
234 1
234 8
234 13
234 58
234 65
234 119
234 153
234 158
234 176
234 199
234 218
234 225
234 245
234 267
234 268
234 276
234 278
234 294
234 297
234 334
234 356
235 9
235 33
235 52
235 56
235 59
235 79
235 83
235 103
235 116
235 122
235 138
235 187
235 197
235 206
235 217
235 219
235 230
235 234
235 256
235 264
235 272
235 323
235 358
235 366
235 369
235 373
235 382
235 383
235 388
235 394
236 47
236 77
236 102
236 117
236 119
236 159
236 182
236 202
236 204
236 217
236 232
236 311
236 319
236 343
236 348
236 351
237 63
237 65
237 92
237 93
237 95
237 102
237 109
237 114
237 117
237 148
237 189
237 196
237 250
237 283
237 315
237 324
237 344
237 378
237 385
237 391
238 23
238 33
238 34
238 49
238 61
238 72
238 113
238 135
238 150
238 210
238 259
238 278
238 289
238 304
238 309
238 336
239 12
239 51
239 58
239 74
239 75
239 96
239 103
239 109
239 117
239 126
239 133
239 145
239 201
239 211
239 252
239 255
239 262
239 272
239 345
239 397
240 30
240 40
240 45
240 54
240 85
240 119
240 135
240 136
240 161
240 176
240 188
240 191
240 195
240 199
240 233
240 260
240 287
240 298
240 300
240 308
240 317
240 345
240 356
240 361
240 371
241 19
241 24
241 27
241 58
241 95
241 98
241 100
241 107
241 113
241 198
241 276
241 280
241 303
241 322
241 336
241 383
242 78
242 100
242 112
242 150
242 152
242 167
242 183
242 187
242 209
242 232
242 256
242 270
242 282
242 368
242 381
243 22
243 58
243 100
243 118
243 127
243 140
243 174
243 207
243 219
243 230
243 252
243 272
243 276
243 303
244 3
244 21
244 46
244 73
244 118
244 133
244 134
244 150
244 157
244 222
244 232
244 248
244 253
244 264
244 271
244 283
244 286
244 295
244 306
244 318
244 356
244 386
244 397
245 35
245 36
245 40
245 113
245 114
245 115
245 119
245 123
245 139
245 154
245 155
245 161
245 162
245 169
245 192
245 194
245 195
245 213
245 253
245 259
245 282
245 310
245 327
245 355
245 375
245 382
245 392
246 55
246 57
246 59
246 65
246 74
246 78
246 86
246 115
246 118
246 126
246 211
246 212
246 229
246 244
246 272
246 299
246 320
246 346
246 361
246 364
246 393
247 1
247 41
247 83
247 100
247 105
247 110
247 135
247 151
247 171
247 189
247 197
247 236
247 354
247 355
247 380
248 26
248 28
248 49
248 72
248 75
248 77
248 92
248 131
248 172
248 188
248 241
248 301
248 307
248 312
248 313
248 329
248 378
248 379
248 380
249 89
249 110
249 111
249 156
249 181
249 216
249 220
249 234
249 249
249 280
249 282
249 289
249 296
249 340
249 356
249 371
249 386
250 20
250 39
250 49
250 55
250 57
250 61
250 70
250 74
250 76
250 100
250 109
250 155
250 168
250 183
250 205
250 238
250 242
250 287
250 353
250 385
250 389
251 77
251 89
251 139
251 166
251 170
251 180
251 205
251 211
251 230
251 241
251 245
251 261
251 265
251 320
251 333
251 337
251 349
251 351
251 359
251 364
251 368
251 382
251 394
252 1
252 23
252 41
252 50
252 61
252 65
252 71
252 121
252 132
252 152
252 153
252 154
252 162
252 210
252 217
252 225
252 233
252 310
252 311
252 315
252 325
252 326
252 358
253 85
253 105
253 112
253 140
253 150
253 165
253 176
253 192
253 198
253 241
253 244
253 265
253 283
253 323
253 324
253 343
253 387
253 398
254 16
254 30
254 51
254 53
254 62
254 64
254 67
254 86
254 95
254 118
254 123
254 137
254 168
254 186
254 204
254 226
254 262
254 292
254 298
254 327
254 349
254 354
255 35
255 60
255 111
255 118
255 134
255 151
255 158
255 192
255 214
255 223
255 272
255 288
255 297
255 299
255 301
255 305
255 314
255 325
255 333
255 371
255 373
255 382
256 6
256 113
256 129
256 134
256 179
256 207
256 235
256 249
256 258
256 299
256 325
256 334
256 341
256 345
256 380
256 398
257 26
257 39
257 50
257 52
257 53
257 93
257 115
257 128
257 158
257 175
257 194
257 197
257 227
257 278
257 281
257 325
257 326
257 333
257 334
257 361
257 378
257 392
257 393
258 6
258 40
258 74
258 76
258 79
258 112
258 115
258 130
258 132
258 159
258 163
258 238
258 303
258 311
258 320
258 345
258 347
258 369
259 5
259 11
259 22
259 44
259 79
259 91
259 96
259 103
259 107
259 129
259 135
259 138
259 139
259 158
259 196
259 238
259 248
259 260
259 269
259 274
259 279
259 286
259 355
259 362
260 17
260 38
260 47
260 85
260 96
260 126
260 149
260 214
260 215
260 217
260 227
260 230
260 248
260 251
260 263
260 265
260 278
260 297
260 305
260 309
260 318
260 350
260 396
261 11
261 13
261 42
261 43
261 66
261 108
261 115
261 136
261 183
261 237
261 242
261 243
261 276
261 303
261 347
261 358
262 20
262 56
262 64
262 66
262 69
262 103
262 152
262 153
262 194
262 198
262 204
262 214
262 220
262 221
262 224
262 286
262 295
262 313
262 320
262 371
262 396
263 39
263 118
263 137
263 138
263 156
263 201
263 343
264 13
264 32
264 79
264 85
264 89
264 124
264 184
264 191
264 208
264 214
264 220
264 246
264 251
264 268
264 272
264 288
264 329
264 390
265 31
265 50
265 61
265 63
265 67
265 76
265 209
265 218
265 223
265 263
265 275
265 285
265 309
265 317
265 345
265 368
265 384
265 390
265 398
265 400
266 2
266 7
266 10
266 20
266 62
266 66
266 91
266 123
266 141
266 147
266 158
266 170
266 180
266 185
266 191
266 195
266 208
266 210
266 212
266 234
266 312
266 345
266 354
266 358
266 371
266 376
266 389
267 9
267 13
267 38
267 42
267 52
267 93
267 112
267 114
267 115
267 133
267 154
267 156
267 208
267 229
267 257
267 259
267 274
267 298
267 300
267 313
267 330
267 371
267 385
267 387
268 6
268 18
268 27
268 36
268 85
268 102
268 129
268 146
268 147
268 190
268 204
268 216
268 243
268 253
268 283
268 289
268 290
268 293
268 300
268 313
268 319
268 324
268 365
268 382
268 396
269 34
269 45
269 55
269 117
269 121
269 138
269 169
269 255
269 272
269 278
269 290
269 291
269 341
270 22
270 26
270 30
270 33
270 51
270 53
270 76
270 103
270 112
270 117
270 126
270 174
270 188
270 199
270 243
270 254
270 273
270 307
270 314
270 331
270 356
270 369
270 397
271 26
271 28
271 79
271 104
271 130
271 185
271 210
271 214
271 224
271 247
271 253
271 265
271 273
271 304
271 309
271 362
271 374
272 5
272 7
272 18
272 22
272 28
272 39
272 51
272 56
272 73
272 126
272 210
272 217
272 225
272 234
272 248
272 249
272 257
272 269
272 304
272 309
272 311
272 327
272 332
272 335
272 336
272 363
272 387
273 1
273 33
273 39
273 83
273 109
273 123
273 132
273 147
273 155
273 164
273 170
273 173
273 201
273 208
273 300
273 309
273 317
273 320
273 322
273 335
273 343
273 344
273 365
273 376
273 377
273 397
274 4
274 24
274 54
274 72
274 77
274 82
274 90
274 125
274 148
274 155
274 171
274 214
274 228
274 251
274 253
274 256
274 261
274 275
274 278
275 12
275 30
275 43
275 54
275 66
275 80
275 111
275 124
275 125
275 132
275 171
275 178
275 184
275 213
275 243
275 250
275 271
275 302
275 385
276 29
276 51
276 86
276 130
276 148
276 159
276 161
276 172
276 176
276 201
276 215
276 225
276 235
276 239
276 246
276 262
276 265
276 305
276 323
276 326
276 342
276 349
276 384
276 385
276 393
277 20
277 31
277 32
277 39
277 56
277 75
277 81
277 121
277 124
277 145
277 154
277 172
277 201
277 247
277 256
277 259
277 300
277 341
277 364
277 392
277 399
278 125
278 130
278 189
278 194
278 232
278 253
278 254
278 290
278 295
278 301
278 305
278 328
278 367
278 398
279 36
279 53
279 54
279 67
279 69
279 71
279 86
279 127
279 164
279 276
279 340
279 341
279 345
279 367
280 3
280 19
280 107
280 125
280 221
280 246
280 248
280 253
280 272
280 279
280 299
280 305
280 307
280 316
280 350
280 352
281 12
281 55
281 75
281 76
281 84
281 91
281 112
281 119
281 139
281 164
281 176
281 178
281 202
281 206
281 257
281 272
281 340
281 371
281 397
282 24
282 34
282 39
282 65
282 67
282 68
282 76
282 110
282 149
282 211
282 213
282 228
282 252
282 281
282 284
282 320
282 337
282 341
282 362
282 372
282 376
282 391
283 14
283 35
283 40
283 102
283 155
283 193
283 219
283 237
283 297
283 298
283 310
283 325
283 392
284 42
284 67
284 90
284 116
284 126
284 143
284 148
284 172
284 201
284 234
284 235
284 260
284 323
284 361
284 377
284 383
285 30
285 35
285 58
285 71
285 82
285 93
285 120
285 121
285 123
285 164
285 172
285 179
285 184
285 233
285 243
285 264
285 321
285 337
285 339
285 372
285 379
286 4
286 16
286 47
286 51
286 58
286 110
286 114
286 139
286 165
286 169
286 189
286 201
286 206
286 221
286 240
286 294
286 299
286 316
286 336
286 348
286 350
286 374
286 377
286 399
287 13
287 23
287 24
287 27
287 65
287 75
287 105
287 199
287 259
287 299
287 318
288 14
288 33
288 45
288 46
288 65
288 81
288 84
288 96
288 98
288 113
288 121
288 132
288 159
288 167
288 182
288 187
288 210
288 240
288 242
288 273
288 308
288 336
288 364
288 382
289 6
289 19
289 54
289 63
289 90
289 121
289 122
289 123
289 125
289 144
289 152
289 160
289 162
289 166
289 171
289 239
289 259
289 321
289 331
289 341
289 345
289 349
289 350
289 359
289 368
289 378
289 380
290 11
290 32
290 33
290 43
290 55
290 104
290 106
290 130
290 135
290 141
290 176
290 221
290 229
290 235
290 243
290 269
290 277
290 294
290 306
290 320
290 368
290 377
290 389
290 393
291 11
291 14
291 22
291 25
291 26
291 58
291 70
291 80
291 104
291 137
291 170
291 175
291 177
291 198
291 204
291 205
291 249
291 261
291 268
291 279
291 282
291 312
291 332
291 385
291 387
292 34
292 46
292 75
292 83
292 90
292 104
292 106
292 119
292 123
292 132
292 133
292 136
292 164
292 169
292 171
292 188
292 199
292 258
292 270
292 343
292 352
292 364
292 370
292 381
292 394
293 2
293 11
293 18
293 39
293 56
293 61
293 114
293 127
293 186
293 230
293 277
293 287
293 290
293 315
293 400
294 21
294 23
294 50
294 51
294 59
294 63
294 67
294 76
294 97
294 126
294 134
294 155
294 244
294 282
294 302
294 340
294 341
294 350
294 385
294 395
295 28
295 31
295 32
295 34
295 36
295 46
295 67
295 94
295 99
295 112
295 128
295 141
295 148
295 149
295 150
295 179
295 184
295 195
295 201
295 232
295 256
295 272
295 320
295 348
295 352
295 384
295 400
296 9
296 14
296 53
296 86
296 121
296 141
296 269
296 271
296 293
296 314
296 352
296 384
297 7
297 10
297 26
297 41
297 61
297 71
297 74
297 106
297 108
297 133
297 181
297 209
297 226
297 230
297 246
297 267
297 270
297 297
297 354
297 389
298 11
298 67
298 74
298 81
298 88
298 92
298 103
298 116
298 147
298 166
298 167
298 181
298 205
298 206
298 207
298 213
298 219
298 245
298 251
298 275
298 277
298 293
298 349
298 353
299 18
299 22
299 35
299 66
299 81
299 83
299 93
299 95
299 136
299 157
299 158
299 272
299 286
299 292
299 296
299 305
299 331
299 342
299 361
299 377
299 382
299 383
299 388
300 16
300 36
300 73
300 89
300 96
300 121
300 122
300 125
300 161
300 179
300 185
300 205
300 207
300 213
300 216
300 244
300 257
300 273
300 342
300 347
301 8
301 16
301 17
301 26
301 71
301 102
301 106
301 111
301 112
301 118
301 120
301 127
301 140
301 182
301 198
301 221
301 226
301 239
301 251
301 268
301 276
301 300
301 325
301 336
301 360
301 383
301 393
301 396
302 16
302 30
302 42
302 54
302 77
302 85
302 95
302 102
302 142
302 171
302 192
302 215
302 281
302 296
302 314
302 318
302 349
303 36
303 58
303 88
303 89
303 126
303 159
303 200
303 210
303 220
303 238
303 276
303 296
303 318
303 323
303 365
303 379
303 390
303 395
304 20
304 24
304 53
304 62
304 153
304 182
304 195
304 216
304 247
304 281
304 318
304 331
304 340
304 366
304 369
305 5
305 30
305 32
305 41
305 114
305 116
305 125
305 127
305 206
305 226
305 267
305 279
305 282
305 289
305 299
305 386
305 387
306 41
306 66
306 67
306 84
306 107
306 120
306 137
306 169
306 173
306 177
306 186
306 209
306 257
306 264
306 302
306 306
306 308
306 321
306 336
306 369
306 377
306 379
306 394
307 8
307 29
307 54
307 58
307 66
307 74
307 92
307 122
307 123
307 164
307 168
307 182
307 200
307 275
307 280
307 309
308 16
308 24
308 57
308 83
308 98
308 176
308 180
308 181
308 182
308 258
308 276
308 280
308 287
308 297
308 310
308 319
308 322
308 328
308 335
308 338
308 339
308 344
308 389
309 17
309 19
309 49
309 57
309 77
309 85
309 86
309 109
309 114
309 133
309 149
309 181
309 243
309 286
309 312
309 346
309 361
309 367
309 370
309 397
310 44
310 56
310 204
310 210
310 232
310 238
310 243
310 255
310 261
310 294
310 318
310 321
310 334
310 358
310 374
310 385
311 12
311 23
311 38
311 51
311 95
311 105
311 110
311 151
311 155
311 160
311 208
311 268
311 281
311 290
311 306
311 318
311 319
311 367
311 396
312 40
312 46
312 72
312 77
312 84
312 110
312 130
312 141
312 179
312 189
312 201
312 203
312 205
312 235
312 236
312 241
312 244
312 251
312 260
312 261
312 274
312 277
312 298
312 304
312 310
312 337
312 345
312 356
312 370
313 17
313 22
313 43
313 48
313 51
313 62
313 106
313 110
313 120
313 146
313 147
313 159
313 166
313 169
313 177
313 188
313 211
313 240
313 284
313 305
313 325
313 330
313 344
313 386
313 400
314 26
314 63
314 66
314 70
314 102
314 163
314 185
314 205
314 210
314 224
314 257
314 265
314 298
314 322
314 325
314 348
314 352
314 367
314 379
314 382
314 384
314 391
314 396
315 6
315 52
315 56
315 67
315 95
315 130
315 180
315 190
315 202
315 245
315 259
315 263
315 273
315 286
315 287
315 294
315 296
315 313
315 399
316 3
316 13
316 20
316 21
316 28
316 52
316 56
316 61
316 82
316 87
316 126
316 127
316 149
316 178
316 211
316 214
316 234
316 252
316 261
316 294
316 355
316 394
317 5
317 96
317 121
317 151
317 153
317 158
317 169
317 186
317 187
317 225
317 245
317 246
317 272
317 273
317 290
317 318
317 335
317 358
318 12
318 14
318 27
318 30
318 42
318 98
318 104
318 123
318 127
318 146
318 178
318 213
318 239
318 243
318 267
318 271
318 281
318 293
318 332
318 349
318 390
318 391
319 77
319 80
319 137
319 181
319 184
319 194
319 200
319 225
319 230
319 233
319 253
319 264
319 294
319 298
319 299
319 307
319 321
319 328
319 329
319 336
319 349
319 351
319 390
319 394
320 10
320 33
320 44
320 71
320 76
320 133
320 137
320 161
320 193
320 202
320 212
320 268
320 275
320 342
320 359
321 10
321 12
321 15
321 29
321 36
321 65
321 165
321 185
321 188
321 232
321 243
321 255
321 297
321 299
321 305
321 315
321 370
321 373
321 377
321 386
322 31
322 60
322 78
322 80
322 82
322 87
322 96
322 142
322 157
322 162
322 169
322 192
322 214
322 252
322 253
322 277
322 285
322 306
322 322
322 324
322 350
322 367
322 379
323 10
323 12
323 16
323 24
323 50
323 52
323 66
323 74
323 76
323 96
323 105
323 106
323 122
323 132
323 155
323 169
323 274
323 286
323 335
323 347
323 357
323 393
324 18
324 82
324 106
324 115
324 139
324 142
324 161
324 181
324 184
324 188
324 225
324 231
324 263
324 269
324 272
324 312
324 319
324 327
324 338
324 359
324 360
325 9
325 29
325 106
325 126
325 145
325 171
325 173
325 190
325 244
325 304
325 325
325 367
325 368
326 7
326 35
326 48
326 49
326 52
326 63
326 64
326 89
326 130
326 174
326 189
326 234
326 253
326 292
326 307
326 318
326 339
326 366
326 391
327 1
327 9
327 29
327 41
327 43
327 63
327 66
327 70
327 81
327 116
327 182
327 184
327 186
327 213
327 258
327 266
327 268
327 304
327 361
327 362
328 9
328 58
328 79
328 99
328 121
328 140
328 146
328 206
328 232
328 238
328 259
328 286
328 292
328 297
328 303
328 309
328 310
328 346
328 363
328 386
328 393
329 21
329 116
329 124
329 125
329 136
329 147
329 166
329 214
329 258
329 307
329 319
329 331
329 339
330 10
330 11
330 19
330 25
330 41
330 82
330 111
330 126
330 145
330 158
330 190
330 193
330 251
330 253
330 255
330 256
330 285
330 303
330 305
330 392
331 22
331 54
331 162
331 194
331 231
331 247
331 268
331 273
331 325
331 345
331 347
331 350
331 358
331 369
332 23
332 27
332 38
332 126
332 166
332 197
332 222
332 223
332 244
332 262
332 263
332 296
332 297
332 305
332 338
332 341
332 347
332 393
333 3
333 16
333 51
333 100
333 103
333 125
333 195
333 218
333 345
333 347
333 354
333 363
333 376
333 378
333 389
333 396
334 11
334 26
334 66
334 109
334 134
334 163
334 180
334 196
334 215
334 250
334 261
334 263
334 274
334 279
334 286
334 288
334 296
334 321
334 397
335 4
335 26
335 31
335 35
335 49
335 53
335 56
335 130
335 145
335 153
335 161
335 180
335 191
335 199
335 230
335 245
335 262
335 266
335 279
335 340
335 347
335 357
335 364
335 366
335 390
336 9
336 26
336 32
336 59
336 92
336 103
336 130
336 151
336 181
336 187
336 189
336 217
336 238
336 242
336 251
336 254
336 257
336 278
336 279
336 304
336 331
336 356
336 381
337 20
337 34
337 64
337 115
337 125
337 133
337 147
337 153
337 191
337 211
337 212
337 241
337 243
337 248
337 281
337 287
337 318
337 348
337 353
338 5
338 11
338 65
338 68
338 77
338 82
338 100
338 154
338 156
338 195
338 204
338 279
338 312
338 333
338 357
338 384
339 10
339 29
339 36
339 61
339 64
339 72
339 100
339 113
339 115
339 119
339 132
339 139
339 210
339 263
339 270
339 304
339 323
339 358
339 372
340 7
340 11
340 34
340 40
340 61
340 94
340 107
340 113
340 149
340 184
340 281
340 293
340 307
340 316
340 319
340 321
340 374
340 397
341 25
341 40
341 45
341 71
341 74
341 90
341 100
341 115
341 138
341 160
341 179
341 184
341 252
341 283
341 306
341 314
341 380
342 24
342 48
342 65
342 70
342 114
342 135
342 184
342 234
342 269
342 289
342 292
342 311
342 325
342 338
342 340
342 347
342 362
342 381
342 399
342 400
343 44
343 57
343 93
343 135
343 147
343 154
343 161
343 189
343 205
343 216
343 249
343 337
343 351
343 372
344 23
344 58
344 66
344 82
344 85
344 102
344 148
344 154
344 165
344 188
344 206
344 207
344 257
344 268
344 274
344 292
344 329
344 340
344 379
344 388
344 396
345 3
345 64
345 82
345 89
345 101
345 158
345 169
345 172
345 199
345 201
345 257
345 297
345 304
345 320
345 344
345 369
345 374
345 384
345 387
345 395
346 6
346 26
346 41
346 43
346 93
346 147
346 187
346 200
346 205
346 220
346 224
346 251
346 254
346 268
346 287
346 292
346 311
346 329
346 348
346 363
346 364
347 5
347 12
347 19
347 36
347 54
347 57
347 181
347 183
347 207
347 269
347 314
347 315
347 327
347 336
347 360
347 368
347 380
347 396
348 20
348 41
348 52
348 85
348 99
348 111
348 112
348 122
348 126
348 138
348 174
348 219
348 243
348 253
348 287
348 328
348 334
348 371
348 374
348 379
348 384
348 398
349 25
349 28
349 56
349 70
349 77
349 106
349 193
349 203
349 217
349 220
349 251
349 255
349 264
349 277
349 278
349 297
349 302
349 327
349 340
349 356
349 361
349 368
349 371
349 384
350 5
350 30
350 119
350 167
350 206
350 208
350 228
350 241
350 242
350 273
350 318
350 344
350 348
350 352
350 354
350 359
350 370
350 376
350 386
350 398
351 3
351 6
351 27
351 30
351 35
351 40
351 66
351 112
351 113
351 127
351 140
351 145
351 210
351 225
351 239
351 261
351 278
351 298
351 319
351 359
351 363
351 389
352 34
352 66
352 77
352 78
352 85
352 86
352 99
352 117
352 126
352 143
352 146
352 147
352 150
352 202
352 221
352 224
352 247
352 257
352 258
352 272
352 298
352 315
352 316
352 338
352 352
352 387
352 394
352 400
353 23
353 25
353 32
353 48
353 64
353 68
353 69
353 73
353 96
353 117
353 120
353 123
353 124
353 164
353 221
353 240
353 283
353 284
353 360
353 391
354 27
354 73
354 108
354 114
354 122
354 134
354 148
354 189
354 216
354 226
354 239
354 251
354 264
354 316
354 337
354 339
354 348
354 359
354 372
354 387
354 399
355 2
355 17
355 37
355 85
355 114
355 118
355 119
355 144
355 170
355 175
355 179
355 181
355 188
355 201
355 212
355 219
355 224
355 230
355 253
355 286
355 298
355 307
355 318
355 376
355 390
356 16
356 33
356 63
356 92
356 113
356 114
356 162
356 187
356 350
356 353
357 6
357 7
357 26
357 44
357 72
357 74
357 91
357 158
357 159
357 166
357 171
357 175
357 226
357 246
357 263
357 280
357 302
357 321
357 351
357 354
358 47
358 60
358 77
358 87
358 95
358 114
358 124
358 154
358 166
358 170
358 177
358 207
358 224
358 232
358 242
358 243
358 292
358 293
358 360
358 366
358 369
358 377
358 381
358 400
359 2
359 53
359 94
359 107
359 124
359 130
359 146
359 170
359 189
359 207
359 221
359 241
359 266
359 296
359 316
359 343
359 357
359 360
359 369
359 395
360 42
360 48
360 64
360 94
360 102
360 106
360 146
360 158
360 163
360 197
360 219
360 221
360 238
360 270
360 282
360 297
360 320
360 362
360 399
361 2
361 31
361 34
361 58
361 114
361 123
361 157
361 218
361 233
361 255
361 257
361 261
361 273
361 318
361 339
361 348
361 366
361 375
361 384
362 60
362 80
362 96
362 147
362 157
362 204
362 245
362 329
362 337
362 338
362 368
362 385
363 12
363 37
363 52
363 59
363 69
363 123
363 143
363 147
363 167
363 176
363 236
363 242
363 259
363 313
363 314
363 318
363 345
363 357
363 395
364 56
364 79
364 91
364 121
364 122
364 140
364 156
364 192
364 199
364 208
364 238
364 281
364 310
364 366
364 378
364 396
365 20
365 32
365 35
365 76
365 173
365 174
365 231
365 255
365 289
365 344
365 378
365 386
366 14
366 51
366 78
366 80
366 98
366 103
366 194
366 202
366 210
366 215
366 216
366 306
366 389
366 391
367 79
367 84
367 88
367 146
367 153
367 168
367 203
367 213
367 218
367 221
367 227
367 239
367 261
367 274
367 307
367 347
368 41
368 55
368 59
368 63
368 152
368 215
368 221
368 255
368 260
368 273
368 299
368 310
368 311
368 332
368 388
368 395
369 2
369 11
369 19
369 38
369 61
369 84
369 104
369 174
369 183
369 194
369 203
369 224
369 244
369 250
369 256
369 294
369 299
369 311
369 315
369 316
369 343
369 384
369 394
369 396
369 400
370 1
370 20
370 44
370 108
370 139
370 195
370 206
370 229
370 249
370 253
370 257
370 260
370 278
370 290
370 316
370 340
370 351
370 359
370 396
371 4
371 37
371 99
371 108
371 122
371 123
371 131
371 135
371 137
371 164
371 193
371 194
371 270
371 281
371 282
371 284
371 292
371 301
371 309
371 314
371 363
371 373
371 389
372 4
372 16
372 48
372 60
372 97
372 125
372 134
372 137
372 152
372 177
372 187
372 188
372 216
372 241
372 270
372 279
372 342
372 376
372 379
372 388
372 396
373 16
373 28
373 70
373 84
373 135
373 144
373 190
373 257
373 291
373 325
373 329
373 334
373 339
373 343
373 371
373 386
373 395
374 14
374 31
374 129
374 134
374 138
374 171
374 185
374 207
374 234
374 284
374 298
374 311
374 333
374 335
374 341
374 377
374 383
374 396
375 41
375 69
375 75
375 100
375 109
375 116
375 119
375 135
375 140
375 151
375 176
375 224
375 246
375 265
375 268
375 284
375 286
375 289
375 387
375 388
375 400
376 20
376 51
376 59
376 122
376 161
376 186
376 193
376 239
376 250
376 288
376 299
376 316
376 322
376 351
376 353
376 356
376 362
376 369
376 377
376 380
377 15
377 37
377 66
377 77
377 95
377 129
377 141
377 161
377 164
377 216
377 228
377 243
377 252
377 260
377 290
377 294
377 322
377 345
377 347
377 353
377 373
377 377
377 381
377 390
378 34
378 88
378 93
378 117
378 123
378 260
378 266
378 298
378 321
378 334
378 349
378 380
379 21
379 22
379 23
379 31
379 47
379 86
379 301
379 308
379 317
379 356
379 364
379 367
379 380
379 397
380 23
380 29
380 48
380 63
380 76
380 77
380 82
380 99
380 145
380 153
380 162
380 181
380 198
380 235
380 249
380 265
380 272
380 309
380 327
380 337
380 339
380 389
381 27
381 39
381 86
381 89
381 93
381 125
381 133
381 143
381 195
381 197
381 200
381 216
381 236
381 253
381 274
381 287
381 307
381 319
381 348
381 379
381 392
382 19
382 25
382 44
382 57
382 107
382 112
382 117
382 138
382 163
382 165
382 227
382 310
382 312
382 323
382 326
382 343
382 348
382 385
382 393
383 1
383 25
383 27
383 29
383 57
383 92
383 114
383 158
383 184
383 211
383 216
383 233
383 234
383 284
383 317
383 324
383 379
383 389
383 395
383 397
384 43
384 71
384 113
384 139
384 145
384 196
384 199
384 255
384 263
384 264
384 270
384 284
384 305
384 326
384 351
384 364
384 372
384 389
384 390
385 26
385 36
385 37
385 39
385 51
385 54
385 81
385 84
385 86
385 95
385 142
385 156
385 159
385 161
385 172
385 195
385 200
385 214
385 221
385 250
385 273
385 287
385 302
385 324
385 332
385 336
385 338
385 345
385 356
385 358
385 363
385 366
385 375
385 392
386 22
386 66
386 69
386 104
386 106
386 132
386 142
386 163
386 185
386 204
386 271
386 278
386 289
386 331
386 343
386 353
386 376
386 391
387 14
387 23
387 24
387 36
387 39
387 40
387 42
387 50
387 60
387 92
387 101
387 103
387 126
387 153
387 170
387 195
387 204
387 233
387 249
387 286
387 291
387 307
387 326
387 349
387 350
387 393
388 44
388 53
388 97
388 100
388 104
388 121
388 135
388 137
388 153
388 162
388 182
388 190
388 194
388 197
388 206
388 229
388 254
388 271
388 324
388 354
389 8
389 10
389 13
389 103
389 109
389 117
389 126
389 156
389 204
389 210
389 225
389 235
389 265
389 278
389 303
389 322
389 323
389 336
389 366
389 375
390 4
390 23
390 34
390 84
390 90
390 106
390 132
390 136
390 145
390 155
390 198
390 213
390 227
390 247
390 260
390 263
390 277
390 283
390 327
390 354
390 366
390 372
390 377
390 380
390 398
391 20
391 25
391 33
391 90
391 124
391 130
391 138
391 166
391 170
391 228
391 269
391 319
391 374
391 391
391 395
392 33
392 35
392 52
392 67
392 70
392 88
392 90
392 96
392 99
392 116
392 119
392 122
392 181
392 187
392 190
392 215
392 264
392 285
392 293
392 332
392 342
392 348
392 354
392 373
392 374
392 388
393 14
393 19
393 96
393 100
393 104
393 119
393 165
393 166
393 185
393 201
393 205
393 219
393 233
393 246
393 272
393 308
393 333
393 339
393 344
393 350
393 358
393 359
393 363
393 364
394 25
394 44
394 71
394 120
394 128
394 130
394 134
394 150
394 154
394 169
394 195
394 198
394 256
394 258
394 263
394 318
394 321
394 341
394 398
395 8
395 61
395 86
395 129
395 132
395 149
395 191
395 197
395 211
395 224
395 235
395 248
395 275
395 280
395 348
395 358
395 383
396 15
396 16
396 21
396 24
396 28
396 30
396 42
396 47
396 54
396 56
396 85
396 97
396 111
396 145
396 164
396 167
396 172
396 179
396 222
396 229
396 259
396 274
396 298
396 347
396 352
396 396
397 19
397 35
397 37
397 109
397 144
397 164
397 167
397 169
397 178
397 207
397 211
397 226
397 267
397 272
397 288
397 358
397 369
397 380
397 381
398 11
398 13
398 76
398 125
398 148
398 156
398 196
398 203
398 209
398 221
398 258
398 279
398 283
398 304
398 326
398 333
398 344
399 55
399 113
399 144
399 197
399 209
399 218
399 219
399 220
399 238
399 244
399 245
399 247
399 275
399 323
399 364
399 377
400 4
400 7
400 18
400 29
400 40
400 41
400 50
400 62
400 83
400 117
400 125
400 128
400 161
400 171
400 202
400 235
400 255
400 317
400 331
400 355
400 396
