Normal
0
0
250
870
500
5391
750
16620
1000
29192
1250
20432
1500
54229
1750
81883
2000
191200
2250
159530
2500
148376
2750
201385
3000
282533
3250
247358
3500
629648
3750
531391
4000
383023
4250
567021
4500
480618
4750
491679
5000
636866
5250
809285
5500
1.1399e+06
5750
1.12474e+06
6000
1.31153e+06
6250
1.61624e+06
6500
1.62197e+06
6750
1.05208e+06
7000
1.18289e+06
7250
1.5003e+06
7500
1.08866e+06
7750
1.50072e+06
8000
1.15646e+06
8250
1.0929e+06
8500
2.19362e+06
8750
1.97802e+06
9000
2.12994e+06
9250
1.90617e+06
9500
1.52783e+06
9750
2.41864e+06
10000
2.37751e+06
10250
5.15991e+06
10500
2.75929e+06
10750
2.37851e+06
11000
2.7924e+06
11250
5.0192e+06
11500
3.4515e+06
11750
3.39794e+06
12000
3.51223e+06
12250
3.67e+06
12500
5.48638e+06
12750
2.16335e+06
13000
4.41088e+06
13250
5.36883e+06
13500
5.19581e+06
13750
4.09763e+06
14000
4.46816e+06
14250
5.39972e+06
14500
7.05206e+06
14750
6.8653e+06
15000
4.2927e+06
15250
3.52394e+06
15500
5.96891e+06
15750
6.76866e+06
16000
5.66961e+06
16250
7.88305e+06
16500
6.93268e+06
16750
1.06617e+07
17000
7.23873e+06
17250
8.32138e+06
17500
9.78674e+06
17750
1.00862e+07
18000
7.19746e+06
18250
6.86652e+06
18500
6.83567e+06
18750
7.28376e+06
19000
7.77092e+06
19250
6.52626e+06
19500
1.12883e+07
19750
9.19063e+06
20000
1.55583e+07
Uniforme
0
0
250
227
500
1018
750
1111
1000
2223
1250
3548
1500
8007
1750
6292
2000
13285
2250
18465
2500
24234
2750
35354
3000
33262
3250
38418
3500
35395
3750
53120
4000
35805
4250
46807
4500
92161
4750
68557
5000
77044
5250
73622
5500
114722
5750
93427
6000
121672
6250
78553
6500
76640
6750
186421
7000
164270
7250
188861
7500
348219
7750
225262
8000
163034
8250
232582
8500
193003
8750
275134
9000
224148
9250
360755
9500
277081
9750
356595
10000
193208
10250
426932
10500
378920
10750
518005
11000
320618
11250
515685
11500
524527
11750
462923
12000
527016
12250
483769
12500
555619
12750
436137
13000
501150
13250
603348
13500
853680
13750
710819
14000
517617
14250
773615
14500
700055
14750
966183
15000
724803
15250
1.09357e+06
15500
682235
15750
575017
16000
695836
16250
869914
16500
798086
16750
1.07253e+06
17000
1.78161e+06
17250
1.10933e+06
17500
948935
17750
1.33649e+06
18000
846159
18250
928414
18500
1.10468e+06
18750
1.10299e+06
19000
1.41982e+06
19250
1.23905e+06
19500
1.21137e+06
19750
1.38509e+06
20000
1.27244e+06
