50
122
0.05
0.0015915
276
0.1
0.0033908
515
0.2
0.0020272
718
0.3
0.0028546
100
501
0.05
0.007574
1000
0.1
0.0170025
2059
0.2
0.0245151
3027
0.3
0.027578
150
1159
0.05
0.0276313
2255
0.1
0.0585541
4446
0.2
0.0783664
6779
0.3
0.0938373
200
1956
0.05
0.0786197
4068
0.1
0.1276536
7971
0.2
0.1619617
12033
0.3
0.2151987
250
3150
0.05
0.1807534
6382
0.1
0.2072617
12423
0.2
0.2901703
18688
0.3
0.3974558
300
4584
0.05
0.3104787
8896
0.1
0.3055858
18055
0.2
0.481725
26933
0.3
0.6971962
350
6172
0.05
0.3982273
12258
0.1
0.4228123
24633
0.2
0.7439397
36848
0.3
1.117478
400
8139
0.05
0.5068757
16143
0.1
0.5959769
32021
0.2
1.126718
47973
0.3
1.705937
450
10073
0.05
0.6225564
20598
0.1
0.8304351
40504
0.2
1.640673
61018
0.3
2.531279
500
12421
0.05
0.7455032
25022
0.1
1.132449
49715
0.2
2.290688
75030
0.3
3.545474
550
15223
0.05
0.8663483
30485
0.1
1.516541
60191
0.2
3.0921
90874
0.3
4.790316
600
17922
0.05
1.037303
35641
0.1
1.951252
71941
0.2
4.070866
108585
0.3
6.318715
650
21138
0.05
1.300211
42101
0.1
2.555746
84662
0.2
5.276878
126734
0.3
8.139944
700
24730
0.05
1.57974
49005
0.1
3.18312
98142
0.2
6.698346
147131
0.3
10.19152
750
28000
0.05
1.908821
56502
0.1
4.009972
112478
0.2
8.256731
168712
0.3
12.72404
800
32050
0.05
2.32505
64096
0.1
4.882817
127782
0.2
10.07942
192180
0.3
15.50458
850
35862
0.05
2.788124
72311
0.1
5.916853
144973
0.2
12.23252
216148
0.3
18.69495
900
40578
0.05
3.382472
80563
0.1
6.987961
161801
0.2
14.60309
243334
0.3
22.44091
950
44828
0.05
3.970359
90531
0.1
8.40995
179866
0.2
17.19026
270688
0.3
26.39782
1000
49786
0.05
4.658657
99653
0.1
9.717095
199836
0.2
20.34256
299802
0.3
30.96907
1050
54985
0.05
5.432238
109889
0.1
11.43222
220140
0.2
23.57346
330712
0.3
35.95837
1100
60476
0.05
6.222234
121170
0.1
13.31418
241717
0.2
27.22082
363089
0.3
41.55394
1150
65957
0.05
7.274909
131873
0.1
15.08535
263934
0.2
31.24418
396170
0.3
47.49098
1200
71838
0.05
8.253024
143785
0.1
17.26367
287574
0.2
35.66099
431825
0.3
54.0658
1250
78063
0.05
9.300373
156755
0.1
19.52638
313272
0.2
40.62768
469045
0.3
61.23155
1300
85066
0.05
10.65316
169480
0.1
22.2521
337990
0.2
45.53861
507055
0.3
70.03379
1350
91085
0.05
11.9871
182122
0.1
24.42412
364257
0.2
51.2065
546177
0.3
77.51727
1400
98328
0.05
13.51753
196294
0.1
27.93835
392473
0.2
57.18196
588917
0.3
87.18042
1450
105542
0.05
14.87492
210128
0.1
30.19686
420175
0.2
63.73357
630753
0.3
96.45883
1500
112463
0.05
16.73567
225180
0.1
34.52029
449694
0.2
70.36913
674768
0.3
107.429
