50
122
0.05
0.002477
0.00233
0.002054
0.002008
0.002083
0.00162
0.001111
0.0008
0.000798
0.000634
276
0.1
0.00707
0.00664
0.005634
0.003498
0.002609
0.002077
0.001722
0.001725
0.001465
0.001468
515
0.2
0.002003
0.002027
0.002023
0.002046
0.001997
0.00209
0.002034
0.002026
0.002021
0.002005
718
0.3
0.002835
0.002849
0.00296
0.002846
0.002824
0.00283
0.002857
0.002867
0.002861
0.002817
100
501
0.05
0.007456
0.007506
0.007478
0.007468
0.007517
0.007514
0.007523
0.007488
0.008322
0.007468
1000
0.1
0.034061
0.015336
0.014963
0.015938
0.014972
0.014906
0.014992
0.01494
0.014955
0.014962
2059
0.2
0.025093
0.024316
0.024273
0.024424
0.024829
0.024274
0.024193
0.024289
0.024832
0.024628
3027
0.3
0.02748
0.027484
0.027879
0.027419
0.027515
0.027422
0.028348
0.027415
0.027319
0.027499
150
1159
0.05
0.028311
0.027341
0.027288
0.027346
0.027955
0.027338
0.027381
0.027385
0.02859
0.027378
2255
0.1
0.058156
0.058862
0.058087
0.058968
0.058103
0.059027
0.058107
0.059055
0.058125
0.059051
4446
0.2
0.102419
0.075172
0.076152
0.075066
0.076734
0.075122
0.0765
0.075107
0.076144
0.075248
6779
0.3
0.094064
0.093416
0.094521
0.093287
0.093922
0.093194
0.094305
0.093259
0.095225
0.09318
200
1956
0.05
0.079053
0.078195
0.078964
0.078134
0.078871
0.078384
0.079161
0.078323
0.079027
0.078085
4068
0.1
0.127519
0.127894
0.127376
0.127654
0.127435
0.127676
0.12817
0.127448
0.127648
0.127716
7971
0.2
0.161581
0.161445
0.161492
0.161161
0.161808
0.161242
0.161337
0.166377
0.161332
0.161842
12033
0.3
0.214916
0.215048
0.214943
0.215645
0.215573
0.214675
0.21533
0.214851
0.215307
0.215699
250
3150
0.05
0.181807
0.18096
0.180692
0.180665
0.180601
0.180528
0.180641
0.180807
0.180376
0.180457
6382
0.1
0.207263
0.207299
0.207411
0.207113
0.20763
0.207121
0.207017
0.207422
0.20725
0.207091
12423
0.2
0.290056
0.290476
0.2904
0.29001
0.289835
0.290721
0.290015
0.290297
0.290077
0.289816
18688
0.3
0.397176
0.397372
0.397726
0.397699
0.397209
0.397442
0.397022
0.397266
0.398278
0.397368
300
4584
0.05
0.310883
0.310241
0.310631
0.310274
0.310449
0.310287
0.310388
0.310671
0.310778
0.310185
8896
0.1
0.305289
0.305211
0.305807
0.305703
0.30599
0.305671
0.305295
0.305579
0.305805
0.305508
18055
0.2
0.481061
0.481215
0.481354
0.481655
0.481508
0.482248
0.48177
0.481309
0.482756
0.482374
26933
0.3
0.69805
0.697438
0.697003
0.698436
0.697656
0.695976
0.696584
0.69728
0.696039
0.6975
350
6172
0.05
0.39754
0.397873
0.398789
0.399292
0.398019
0.397958
0.397965
0.398453
0.398346
0.398038
12258
0.1
0.422835
0.422921
0.422726
0.422958
0.423353
0.422534
0.422646
0.422598
0.42266
0.422892
24633
0.2
0.743737
0.742931
0.743632
0.745008
0.743609
0.743282
0.744238
0.744969
0.74471
0.743281
36848
0.3
1.11701
1.11907
1.11862
1.11818
1.11659
1.11645
1.11723
1.11736
1.11715
1.11712
400
8139
0.05
0.506666
0.506255
0.505963
0.508277
0.507412
0.507097
0.506545
0.50661
0.506977
0.506955
16143
0.1
0.604133
0.595444
0.596456
0.594765
0.594584
0.595441
0.594194
0.594762
0.595277
0.594713
32021
0.2
1.12646
1.12687
1.12879
1.12594
1.12578
1.1268
1.12679
1.12538
1.12624
1.12813
47973
0.3
1.70799
1.70423
1.70392
1.70785
1.7038
1.70544
1.70834
1.7054
1.70508
1.70732
450
10073
0.05
0.623559
0.622558
0.622252
0.622315
0.621852
0.622108
0.622595
0.622729
0.622892
0.622704
20598
0.1
0.830184
0.830415
0.83067
0.829657
0.830658
0.831642
0.829997
0.829874
0.829813
0.831441
40504
0.2
1.63924
1.63833
1.6412
1.63973
1.64189
1.64137
1.64232
1.64026
1.64092
1.64147
61018
0.3
2.53536
2.53058
2.53019
2.53017
2.52767
2.53409
2.53308
2.52971
2.53228
2.52966
500
12421
0.05
0.743974
0.745201
0.745789
0.745306
0.745492
0.74559
0.746556
0.745407
0.745577
0.74614
25022
0.1
1.14646
1.13025
1.13103
1.13093
1.13018
1.12958
1.13058
1.13085
1.13181
1.13282
49715
0.2
2.29005
2.29286
2.28884
2.29185
2.29158
2.29111
2.28883
2.29056
2.29199
2.28921
75030
0.3
3.54327
3.5464
3.54521
3.54406
3.54401
3.5451
3.55093
3.55038
3.54236
3.54302
550
15223
0.05
0.865792
0.86601
0.866021
0.865861
0.867046
0.867454
0.867243
0.865424
0.866883
0.865749
30485
0.1
1.51687
1.51545
1.51576
1.51645
1.51715
1.51725
1.5176
1.51542
1.51691
1.51655
60191
0.2
3.08882
3.09357
3.09005
3.09462
3.09443
3.09391
3.09191
3.09177
3.09109
3.09083
90874
0.3
4.78755
4.79444
4.78904
4.7991
4.78823
4.78514
4.79022
4.78848
4.78479
4.79617
600
17922
0.05
1.03691
1.03614
1.03797
1.03705
1.03727
1.03824
1.03739
1.03719
1.03717
1.0377
35641
0.1
1.94906
1.95156
1.95047
1.9503
1.95286
1.95156
1.95003
1.95289
1.95144
1.95235
71941
0.2
4.07131
4.06898
4.07203
4.07019
4.07107
4.07105
4.07661
4.06777
4.06904
4.07061
108585
0.3
6.32501
6.32574
6.3177
6.3139
6.31267
6.31576
6.31846
6.32168
6.32073
6.3155
650
21138
0.05
1.30071
1.29821
1.29987
1.30053
1.30154
1.30112
1.29958
1.29989
1.30012
1.30054
42101
0.1
2.55657
2.55352
2.55534
2.55716
2.55499
2.55482
2.55572
2.55682
2.55468
2.55784
84662
0.2
5.2794
5.27601
5.27269
5.27542
5.27773
5.2829
5.27535
5.2772
5.27491
5.27717
126734
0.3
8.13078
8.14443
8.14427
8.13828
8.14117
8.1475
8.13916
8.13387
8.13838
8.1416
700
24730
0.05
1.57942
1.58094
1.57874
1.58084
1.57963
1.58123
1.57825
1.58049
1.57924
1.57862
49005
0.1
3.18641
3.18211
3.18295
3.18265
3.18286
3.1818
3.1863
3.18008
3.18284
3.1832
98142
0.2
6.69655
6.70117
6.69816
6.69644
6.70476
6.69317
6.69855
6.69998
6.69833
6.69635
147131
0.3
10.2107
10.2028
10.2042
10.2175
10.2046
10.2004
10.1865
10.1642
10.171
10.1533
750
28000
0.05
1.90944
1.90896
1.91008
1.90978
1.89747
1.91122
1.91032
1.91047
1.90963
1.91084
56502
0.1
4.0046
4.00598
4.00102
4.00368
4.00524
4.00293
4.0073
4.05498
4.00312
4.01087
112478
0.2
8.25745
8.26026
8.26536
8.25268
8.24874
8.25824
8.25076
8.25946
8.25811
8.25625
168712
0.3
12.6858
12.6697
12.691
12.9473
12.6919
12.8304
12.6844
12.6865
12.6681
12.6853
800
32050
0.05
2.3266
2.32488
2.32653
2.32436
2.32505
2.32441
2.32375
2.32362
2.32574
2.32556
64096
0.1
4.88783
4.88433
4.8831
4.88528
4.88009
4.88325
4.87781
4.87857
4.8781
4.88981
127782
0.2
10.0762
10.0917
10.073
10.078
10.0799
10.0833
10.0749
10.0761
10.0758
10.0853
192180
0.3
15.4981
15.5015
15.5263
15.5046
15.5095
15.4929
15.5012
15.4966
15.5016
15.5135
850
35862
0.05
2.81236
2.78628
2.78478
2.78748
2.78461
2.78457
2.78533
2.78571
2.78565
2.78447
72311
0.1
5.91106
5.91215
5.92797
5.91643
5.91536
5.91192
5.91692
5.91544
5.92422
5.91706
144973
0.2
12.2241
12.2491
12.2401
12.229
12.2304
12.235
12.2217
12.2325
12.2234
12.2399
216148
0.3
18.6851
18.7115
18.7061
18.6775
18.6809
18.6917
18.6826
18.6962
18.6972
18.7207
900
40578
0.05
3.38232
3.38479
3.38179
3.37786
3.38026
3.38443
3.37991
3.38441
3.38879
3.38016
80563
0.1
7.01655
6.95217
7.00745
7.02674
6.91613
6.99776
7.03831
6.9215
6.98679
7.01621
161801
0.2
14.216
14.6465
14.652
14.645
14.6418
14.6487
14.6383
14.6534
14.6349
14.6543
243334
0.3
22.4348
22.4332
22.4397
22.4713
22.4465
22.4282
22.4424
22.4298
22.438
22.4452
950
44828
0.05
3.96936
3.97128
3.97041
3.97045
3.97079
3.96772
3.96985
3.96727
3.97752
3.96894
90531
0.1
8.40659
8.40702
8.40445
8.41517
8.40387
8.40843
8.41281
8.41782
8.40788
8.41546
179866
0.2
17.1747
17.1833
17.2486
17.2075
17.1848
17.1763
17.1747
17.1851
17.1708
17.1968
270688
0.3
26.4022
26.4102
26.3885
26.4002
26.3959
26.4283
26.3888
26.3867
26.3772
26.4002
1000
49786
0.05
4.65822
4.65796
4.65932
4.65904
4.65683
4.65948
4.65891
4.65979
4.65653
4.66049
99653
0.1
9.79063
9.78862
9.68135
9.66378
9.67236
9.68504
9.70522
9.71353
9.72787
9.74255
199836
0.2
19.9654
20.3264
20.332
20.3577
20.3636
20.3491
20.3226
20.3359
20.3497
20.7232
299802
0.3
30.9839
30.9727
30.9649
30.9638
30.9645
30.9671
30.9975
30.955
30.9721
30.9492
1050
54985
0.05
5.43224
5.43334
5.43526
5.43261
5.42833
5.43161
5.43124
5.43404
5.431
5.43271
109889
0.1
11.4322
11.4313
11.4332
11.4331
11.4373
11.435
11.4412
11.431
11.4251
11.4228
220140
0.2
23.5759
23.5488
23.5653
23.5954
23.5618
23.6096
23.5708
23.5642
23.5746
23.5682
330712
0.3
36.0827
36.176
35.8836
34.724
36.1123
36.0878
36.093
36.149
36.0892
36.1861
1100
60476
0.05
6.22432
6.2262
6.22429
6.22527
6.22058
6.22226
6.22088
6.22321
6.21604
6.21929
121170
0.1
13.3183
13.3205
13.3079
13.3078
13.313
13.3019
13.3164
13.3222
13.3229
13.3109
241717
0.2
27.2091
27.2322
27.2009
27.25
27.1942
27.2585
27.2241
27.2227
27.2041
27.2124
363089
0.3
41.644
41.6433
41.6214
41.6316
41.6568
41.6234
41.6593
40.7137
41.6668
41.6791
1150
65957
0.05
7.29138
7.27206
7.27306
7.26903
7.26887
7.27495
7.27322
7.27598
7.2715
7.27904
131873
0.1
15.0849
15.1016
15.081
15.0792
15.0818
15.0918
15.0771
15.0935
15.0845
15.0781
263934
0.2
31.199
31.2235
31.5482
31.2026
31.2218
31.1895
31.2036
31.222
31.2136
31.218
396170
0.3
47.6944
47.6712
47.6855
47.7414
47.6596
47.7027
47.714
47.128
46.2423
47.6707
1200
71838
0.05
8.24809
8.24643
8.25047
8.25077
8.25809
8.25424
8.25751
8.27127
8.24945
8.24392
143785
0.1
17.2567
17.4389
17.2342
17.2455
17.249
17.2404
17.2366
17.2387
17.2614
17.2353
287574
0.2
35.6425
35.6604
35.6359
35.7012
35.6592
35.6603
35.6424
35.7014
35.6526
35.654
431825
0.3
54.2743
54.2034
54.1964
54.2825
54.2254
54.2181
52.5416
54.2444
54.2355
54.2364
1250
78063
0.05
9.29935
9.2991
9.30492
9.3024
9.28989
9.29957
9.30232
9.30526
9.29599
9.30493
156755
0.1
19.5145
19.5247
19.5266
19.5191
19.5402
19.5237
19.5413
19.5167
19.5228
19.5342
313272
0.2
40.6545
41.0276
40.6063
40.5768
40.578
40.5716
40.5962
40.5678
40.5423
40.5557
469045
0.3
61.4488
61.4658
59.2616
61.4418
61.4887
61.4696
61.4406
61.4163
61.46
61.4223
1300
85066
0.05
10.6499
10.6579
10.651
10.6551
10.6481
10.6508
10.6489
10.6549
10.6544
10.6606
169480
0.1
22.2474
22.2339
22.2796
22.2336
22.28
22.2724
22.2466
22.2491
22.2305
22.2479
337990
0.2
45.6831
45.7185
45.7068
45.6778
45.3869
44.5286
45.6686
45.6637
45.6846
45.6675
507055
0.3
69.6315
70.0854
70.1056
72.9258
70.3431
69.4327
69.4632
69.4174
69.4598
69.4734
1350
91085
0.05
12.0021
11.9952
11.9834
11.9778
11.9869
11.983
11.9971
11.9836
11.9801
11.9818
182122
0.1
24.888
24.497
24.3551
24.2177
24.4134
24.2906
24.5037
24.3467
24.2793
24.4497
364257
0.2
49.7099
51.3359
51.3866
51.3999
51.3854
51.3249
51.3844
51.4081
51.3756
51.3543
546177
0.3
77.787
77.687
77.7655
77.7635
77.7508
77.7298
77.7594
75.4396
77.7995
77.6906
1400
98328
0.05
13.5068
13.5184
13.5303
13.5107
13.5176
13.5331
13.5002
13.5079
13.5362
13.5141
196294
0.1
27.8884
27.899
27.8741
27.8834
27.88
27.8859
27.9002
27.8881
28.3678
27.9166
392473
0.2
57.4081
57.359
57.3296
57.4304
57.3734
57.3782
57.4202
57.32
55.4516
57.3491
588917
0.3
87.1775
87.1868
87.209
87.1391
87.2543
87.2644
87.1336
87.1422
87.1067
87.1906
1450
105542
0.05
14.9392
14.9389
14.9385
14.9483
14.935
14.9425
14.7122
14.8354
14.7223
14.8369
210128
0.1
30.1562
30.1551
30.1711
30.1729
30.1914
30.1918
30.2158
30.2355
30.2326
30.2462
420175
0.2
61.7841
63.9547
63.9488
64.0078
63.9187
63.8944
63.9012
63.9382
64.048
63.9398
630753
0.3
96.9379
96.8625
96.8047
96.9525
96.2446
93.2239
96.8865
96.9242
96.8839
96.8676
1500
112463
0.05
16.7368
16.7298
16.7317
16.7386
16.7292
16.7488
16.7253
16.7425
16.7314
16.7426
225180
0.1
34.5022
34.5267
34.5373
34.5271
34.5575
34.5021
34.5124
34.5271
34.4944
34.5161
449694
0.2
70.7584
69.4955
68.3812
70.7456
70.7
70.7488
70.7135
70.6716
70.716
70.7607
674768
0.3
107.846
107.91
107.852
107.889
107.833
103.44
107.897
107.871
107.954
107.798
